Alex_image_zero_77.jpg
0.4503057599067688 0.6684240698814392 2.8742837798745313e-07
0.5170360803604126 0.623668909072876 -0.042008280754089355
0.5455396175384521 0.5904817581176758 -0.09160949289798737
0.5514314770698547 0.5545318126678467 -0.13633203506469727
0.5174729824066162 0.5322074294090271 -0.1753905862569809
0.47291454672813416 0.4534706771373749 -0.10328513383865356
0.5200273990631104 0.47363364696502686 -0.14865806698799133
0.5261119604110718 0.5312217473983765 -0.15479910373687744
0.5097479820251465 0.5483787655830383 -0.1558709293603897
0.4319072365760803 0.47938692569732666 -0.11099889129400253
0.4913754165172577 0.49880847334861755 -0.15890781581401825
0.5011290907859802 0.5698672533035278 -0.15000613033771515
0.4898609519004822 0.5658305287361145 -0.13945920765399933
0.40667691826820374 0.523668646812439 -0.12159350514411926
0.46075546741485596 0.5438165068626404 -0.1661316603422165
0.4763212203979492 0.5993819236755371 -0.14395658671855927
0.4648573100566864 0.5931499600410461 -0.12602737545967102
0.3892911672592163 0.5699453353881836 -0.1357773393392563
0.4366781711578369 0.6005005240440369 -0.17067547142505646
0.45606061816215515 0.6286603808403015 -0.16474728286266327
0.4501186013221741 0.6201013326644897 -0.157529816031456
0.4693587124347687 0.5943934917449951 -5.970811116640107e-07
0.458527535200119 0.6362125873565674 -0.04477842524647713
0.4387286901473999 0.6439951658248901 -0.06917022913694382
0.4381429851055145 0.6260424256324768 -0.08616336435079575
0.44330519437789917 0.6049035787582397 -0.09942842274904251
0.3862678110599518 0.5494846105575562 -0.06009481102228165
0.4457075595855713 0.5878987312316895 -0.09057246148586273
0.4661991000175476 0.6176174283027649 -0.10736551880836487
0.4542660713195801 0.619163990020752 -0.11932499706745148
0.40129050612449646 0.5013212561607361 -0.05295825004577637
0.46737727522850037 0.5496272444725037 -0.08387593179941177
0.4826042354106903 0.5913429856300354 -0.09272418171167374
0.4684266746044159 0.6018552780151367 -0.09763752669095993
0.4274813234806061 0.4724513590335846 -0.04910140112042427
0.4861466884613037 0.5216860175132751 -0.08050006628036499
0.4980792999267578 0.561478853225708 -0.0794232189655304
0.4847935736179352 0.574141263961792 -0.0754992663860321
0.4568101763725281 0.46018290519714355 -0.04958013817667961
0.5041986703872681 0.4908861815929413 -0.07353564351797104
0.5126049518585205 0.5249535441398621 -0.07535114139318466
0.5030316710472107 0.539978563785553 -0.07310232520103455
