Alex_image_five_72.jpg
0.6204337477684021 0.6529406905174255 4.4863463699584827e-07
0.5902759432792664 0.7002823352813721 -0.04472458362579346
0.5540998578071594 0.7324360609054565 -0.062374770641326904
0.5184335708618164 0.7517756819725037 -0.07380754500627518
0.48045894503593445 0.764558732509613 -0.0822870135307312
0.4919111430644989 0.6757125854492188 -0.014063402079045773
0.4376757740974426 0.6849530339241028 -0.022026069462299347
0.40473097562789917 0.6900368928909302 -0.03273531422019005
0.3775549829006195 0.6938587427139282 -0.04039625823497772
0.49498122930526733 0.6397057771682739 0.002749072853475809
0.4389924705028534 0.6388674378395081 0.004227361176162958
0.40418198704719543 0.637250542640686 0.0005820516380481422
0.37847185134887695 0.6383591890335083 -0.0027962885797023773
0.5065432190895081 0.6085326671600342 0.013094238936901093
0.45886003971099854 0.6053553223609924 0.016018349677324295
0.42834001779556274 0.6005822420120239 0.016044972464442253
0.4036121964454651 0.5975167155265808 0.014633041806519032
0.5241177082061768 0.5765645503997803 0.017788231372833252
0.4908745586872101 0.5684283971786499 0.020098181441426277
0.4698503911495209 0.5662090182304382 0.021498296409845352
0.4514513611793518 0.5617259740829468 0.02202584221959114
