Alex_image_five_58.jpg
0.4634062647819519 0.6552099585533142 2.6007731435129244e-07
0.5233286023139954 0.6187101602554321 -0.014514344744384289
0.5681073665618896 0.5681301951408386 -0.01726352795958519
0.6120204925537109 0.540101170539856 -0.020379429683089256
0.6466372013092041 0.5333232879638672 -0.024442901834845543
0.5169888734817505 0.4621139168739319 0.007036351598799229
0.5182335376739502 0.4021795094013214 0.006365136709064245
0.5143051147460938 0.36857569217681885 -0.0006177744944579899
0.507118821144104 0.337102472782135 -0.008707261644303799
0.4808993637561798 0.4618156850337982 0.004526014439761639
0.4688890874385834 0.3967815041542053 0.004912543576210737
0.4631032943725586 0.3602120280265808 -0.007784657180309296
0.45372891426086426 0.32768136262893677 -0.02050434611737728
0.44956961274147034 0.4800034463405609 -0.0007462778594344854
0.42572805285453796 0.4271378517150879 -0.011118047870695591
0.41427651047706604 0.38822758197784424 -0.029712961986660957
0.4005417227745056 0.35445213317871094 -0.04470863565802574
0.4253978133201599 0.5115661025047302 -0.00734754791483283
0.3871755599975586 0.48835569620132446 -0.02450944483280182
0.3636065721511841 0.4710342288017273 -0.03802870213985443
0.3440670371055603 0.44982895255088806 -0.047979433089494705
