Alex_image_five_35.jpg
0.4271293580532074 0.7968235611915588 1.3701817636047053e-07
0.3757902681827545 0.7713915109634399 -0.003961639013141394
0.33028310537338257 0.7465826869010925 -0.01639460027217865
0.2892408072948456 0.7301470041275024 -0.031031634658575058
0.2531079053878784 0.7301363945007324 -0.04833091050386429
0.3809763193130493 0.6379491090774536 -0.01564672589302063
0.36433252692222595 0.5652362108230591 -0.023182431235909462
0.35567986965179443 0.5209083557128906 -0.030287856236100197
0.35110583901405334 0.48908430337905884 -0.036723457276821136
0.4188154339790344 0.6282033920288086 -0.021787460893392563
0.416617214679718 0.546372652053833 -0.024486273527145386
0.4156965911388397 0.498142272233963 -0.03010949306190014
0.4162232279777527 0.4677841067314148 -0.03725621849298477
0.45541492104530334 0.6453570127487183 -0.02774372696876526
0.47326985001564026 0.5827228426933289 -0.032123684883117676
0.4854418933391571 0.5413335561752319 -0.04320728778839111
0.4917111396789551 0.512095034122467 -0.05362513288855553
0.4846899211406708 0.679114818572998 -0.033667128533124924
0.5133797526359558 0.6634892225265503 -0.03768610954284668
0.5323576331138611 0.6510890126228333 -0.040946103632450104
0.5438506603240967 0.6430016756057739 -0.04459672421216965
