Alex_image_three_3.jpg
0.41333386301994324 0.5158358216285706 3.957231342610612e-07
0.46402695775032043 0.48504504561424255 -0.01928962767124176
0.5006692409515381 0.45462602376937866 -0.024988016113638878
0.5346536040306091 0.4271537661552429 -0.029800228774547577
0.5616112351417542 0.41389331221580505 -0.03361039236187935
0.47351717948913574 0.38768094778060913 -0.0025070321280509233
0.4887910783290863 0.328589528799057 -0.00640527717769146
0.4934791326522827 0.2938215136528015 -0.011338075622916222
0.4963685870170593 0.2597881853580475 -0.01658686064183712
0.44440820813179016 0.38411322236061096 -0.0002657945442479104
0.43484488129615784 0.32274866104125977 -0.01349062379449606
0.43082690238952637 0.2830493450164795 -0.026974858716130257
0.4244106113910675 0.24776001274585724 -0.035588864237070084
0.41671398282051086 0.39839714765548706 0.0003458996070548892
0.40567174553871155 0.37032097578048706 -0.019575219601392746
0.4162733256816864 0.41131630539894104 -0.02609562873840332
0.4253005087375641 0.4377172291278839 -0.02477504126727581
0.39233511686325073 0.4200604259967804 -0.0002082634746329859
0.3873888850212097 0.3954333961009979 -0.016517274081707
0.3970739543437958 0.4247659742832184 -0.017540989443659782
0.4060834050178528 0.44470804929733276 -0.014416995458304882
