Alex_image_zero_98.jpg
0.5542710423469543 0.6343862414360046 -6.430932586454219e-08
0.5897583961486816 0.6160402297973633 0.0017386545659974217
0.6037489175796509 0.5862693190574646 0.0012512188404798508
0.5977184772491455 0.5580849051475525 0.0015911214286461473
0.5838546752929688 0.5434284806251526 0.001342964475043118
0.606694757938385 0.5401195883750916 -0.00535975256934762
0.5934317111968994 0.5387312769889832 -0.005332259461283684
0.5882003903388977 0.5563076734542847 -0.007646093610674143
0.5890888571739197 0.5710309743881226 -0.01006684172898531
0.5818567872047424 0.527529239654541 -0.006899347994476557
0.5727563500404358 0.5320887565612793 -0.0010574131738394499
0.5700634121894836 0.5494785308837891 0.00025464760255999863
0.5704007744789124 0.5644867420196533 -0.0013256632955744863
0.5565329790115356 0.5292907953262329 -0.0071566966362297535
0.550154983997345 0.535271406173706 -0.002263658447191119
0.5507875680923462 0.5523763298988342 0.00030532339587807655
0.5527714490890503 0.5662840604782104 -0.0006375510129146278
0.534298837184906 0.5389159917831421 -0.007174316793680191
0.5330703258514404 0.5452761054039001 -0.004996277391910553
0.5352424383163452 0.5625413060188293 -0.0007137341890484095
0.5364820957183838 0.5752063393592834 0.0023133407812565565
