Alex_image_two_99.jpg
0.3212064504623413 0.660682201385498 1.313096760213739e-07
0.40147364139556885 0.597619354724884 -0.03509586304426193
0.45856595039367676 0.5595508813858032 -0.04333098232746124
0.5266430974006653 0.5354222059249878 -0.047599632292985916
0.5774537324905396 0.5348042845726013 -0.047732871025800705
0.4168606996536255 0.4329608678817749 0.006817874498665333
0.425189733505249 0.3439923822879791 -0.0046794237568974495
0.4231571853160858 0.28841644525527954 -0.014242050237953663
0.41790491342544556 0.2406943440437317 -0.022363828495144844
0.3698875308036804 0.43835073709487915 0.01607595570385456
0.3549792170524597 0.3837030827999115 -0.01367215532809496
0.3611847162246704 0.47005370259284973 -0.020081976428627968
0.3724427819252014 0.5231329798698425 -0.015192961320281029
0.3239579200744629 0.4577007591724396 0.01876676082611084
0.31127965450286865 0.4071098566055298 -0.013238521292805672
0.3248974680900574 0.4893740117549896 -0.006146619096398354
0.33830535411834717 0.5279495120048523 0.009235081262886524
0.28332415223121643 0.4899172782897949 0.017835618928074837
0.2718208432197571 0.44014593958854675 -0.0024342993274331093
0.28893232345581055 0.4923427402973175 0.004841803107410669
0.3051336407661438 0.5189781188964844 0.01630271226167679
0.32717761397361755 0.6050511598587036 -3.744338812339265e-07
0.31422388553619385 0.6497540473937988 -0.09274967014789581
0.2963557243347168 0.6185800433158875 -0.17040638625621796
0.2745763957500458 0.5479937791824341 -0.2326859086751938
0.25853535532951355 0.4767848253250122 -0.2938767671585083
0.4127606153488159 0.5810912847518921 -0.22609737515449524
0.47856229543685913 0.5660093426704407 -0.3306991159915924
0.5300475358963013 0.5640571117401123 -0.39706334471702576
0.5710567235946655 0.5678848028182983 -0.4285902976989746
0.41687601804733276 0.5263283252716064 -0.2094443440437317
0.4339442849159241 0.43042659759521484 -0.31026214361190796
0.4074614942073822 0.40397724509239197 -0.35216641426086426
0.3986275792121887 0.414352148771286 -0.3743228316307068
0.38522714376449585 0.49608129262924194 -0.19283942878246307
0.3634486198425293 0.41350057721138 -0.27385082840919495
0.32599741220474243 0.4415245056152344 -0.29600536823272705
0.3034028112888336 0.4905417561531067 -0.29894083738327026
0.33946001529693604 0.4946943521499634 -0.1817997843027115
0.3162368834018707 0.4629783630371094 -0.21997392177581787
0.2893516421318054 0.4849961996078491 -0.22234471142292023
0.27631711959838867 0.5100493431091309 -0.22074420750141144
