Alex_image_zero_96.jpg
0.6046062111854553 0.6518192291259766 -3.5490069194565876e-07
0.6233673095703125 0.6137410998344421 0.013914046809077263
0.62553870677948 0.5788466334342957 0.01853790134191513
0.6122640371322632 0.5537766218185425 0.02016882225871086
0.595772385597229 0.5453907251358032 0.02106206864118576
0.6325160264968872 0.5466190576553345 0.009036485105752945
0.5970600843429565 0.5301515460014343 0.00959669891744852
0.588156521320343 0.5487687587738037 0.010094277560710907
0.5905044674873352 0.5662781000137329 0.010302678681910038
0.6190586686134338 0.5420815944671631 0.0016239036340266466
0.5788546800613403 0.5328869819641113 0.004087409935891628
0.5731053948402405 0.5552523732185364 0.005424238741397858
0.5790162682533264 0.5721369385719299 0.004917403217405081
0.6027821898460388 0.5445922613143921 -0.004390147048979998
0.5657822489738464 0.5385698080062866 -0.0010998011566698551
0.5617161989212036 0.5625714659690857 0.0015672496519982815
0.5673619508743286 0.5779209136962891 0.0010254873195663095
0.5853913426399231 0.5524934530258179 -0.009300166741013527
0.5567352771759033 0.5506501793861389 -0.008797594346106052
0.5543167591094971 0.570732057094574 -0.006677067372947931
0.5595107674598694 0.5846559405326843 -0.0053892116993665695
0.5746675729751587 0.6224609017372131 2.1957741580536094e-07
0.5860626697540283 0.5946906805038452 0.00021899532293900847
0.5893301367759705 0.5709592700004578 -0.0015257997438311577
0.5912182331085205 0.5550611019134521 -0.00413964269682765
0.5933951139450073 0.5452193021774292 -0.006852165795862675
0.5721403956413269 0.546424388885498 -0.0002291215496370569
0.5883212089538574 0.5393263697624207 -0.008460118435323238
0.6039670705795288 0.5389705300331116 -0.017014138400554657
0.6169419288635254 0.5422382354736328 -0.022601328790187836
0.5680204033851624 0.5455405712127686 -0.0033957562409341335
0.5845677852630615 0.5392371416091919 -0.00995977409183979
0.6018235683441162 0.5388036370277405 -0.015391556546092033
0.6172187924385071 0.5403755903244019 -0.019135819748044014
0.5653388500213623 0.5482926964759827 -0.007055216934531927
0.5782817006111145 0.5398798584938049 -0.012625315226614475
0.5940480828285217 0.54127436876297 -0.014172899536788464
0.608688235282898 0.5449042916297913 -0.015026458539068699
0.5627869367599487 0.5542779564857483 -0.010981564410030842
0.5678303837776184 0.5499494671821594 -0.015104340389370918
0.5761035084724426 0.5554799437522888 -0.014619714580476284
0.5850080847740173 0.5610187649726868 -0.013615618459880352
