Alex_image_zero_91.jpg
0.6574469804763794 0.6918032765388489 -1.3567439793860103e-07
0.6314197182655334 0.6965926289558411 -0.006539709400385618
0.5994295477867126 0.6769282817840576 -0.008650998584926128
0.5838929414749146 0.6495648622512817 -0.011098834685981274
0.5829491019248962 0.6234856843948364 -0.012492716312408447
0.6001991033554077 0.6478083729743958 -0.005209628492593765
0.5886403918266296 0.6255777478218079 -0.018454521894454956
0.5928604602813721 0.6359517574310303 -0.024435980245471
0.5964384078979492 0.6411709189414978 -0.026564478874206543
0.6173332929611206 0.6350428462028503 -0.008151068352162838
0.601992666721344 0.6090480089187622 -0.024412840604782104
0.6127203702926636 0.6411194801330566 -0.025862177833914757
0.6219700574874878 0.6554262042045593 -0.02134297601878643
0.637801468372345 0.6271100044250488 -0.012801572680473328
0.624241828918457 0.6051727533340454 -0.029600761830806732
0.6325982213020325 0.6399088501930237 -0.024328861385583878
0.6401513814926147 0.6562098264694214 -0.014757513999938965
0.6596510410308838 0.6232632994651794 -0.017727456986904144
0.6500605344772339 0.6050595641136169 -0.028462722897529602
0.6505834460258484 0.626615583896637 -0.023637261241674423
0.6537384390830994 0.6402052640914917 -0.016245702281594276
