Alex_image_spock_23.jpg
0.5971415042877197 0.6645403504371643 -6.020142677698459e-07
0.6219445466995239 0.6196470260620117 0.016490967944264412
0.6213908195495605 0.5517433881759644 0.02271871827542782
0.5948625206947327 0.49918031692504883 0.023441912606358528
0.5642686486244202 0.4680907130241394 0.018493901938199997
0.6347081661224365 0.4989445209503174 -0.009207305498421192
0.5838849544525146 0.4097101390361786 -0.019840506836771965
0.5523380041122437 0.3655378818511963 -0.028605539351701736
0.5291102528572083 0.3268439471721649 -0.03605181723833084
0.6171184778213501 0.5152882933616638 -0.028757382184267044
0.5593389272689819 0.4319334328174591 -0.0375857800245285
0.5257960557937622 0.37744012475013733 -0.05151262879371643
0.5004860162734985 0.32701486349105835 -0.06634517759084702
0.5939307808876038 0.5430753231048584 -0.04645758122205734
0.5367153286933899 0.4773106276988983 -0.06418264657258987
0.5035467147827148 0.4276569187641144 -0.08590242266654968
0.4773978888988495 0.3804388642311096 -0.10406122356653214
0.5665912628173828 0.5716296434402466 -0.06122200936079025
0.4958866834640503 0.5265113711357117 -0.08294060081243515
0.4553517997264862 0.4935748279094696 -0.09816719591617584
0.4258239269256592 0.46312427520751953 -0.11094166338443756
