Alex_image_spock_41.jpg
0.5472635626792908 0.7994470596313477 1.1648794639995685e-07
0.4796797037124634 0.7975107431411743 -0.0068361456505954266
0.43269744515419006 0.7478396892547607 -0.002077608834952116
0.4086911082267761 0.6938158869743347 0.0014146625762805343
0.3897113502025604 0.6658002734184265 0.005808169487863779
0.4341637194156647 0.6645877957344055 0.024190878495573997
0.3998867869377136 0.6130125522613525 0.02572414092719555
0.381527841091156 0.5795860290527344 0.021670321002602577
0.36759793758392334 0.5466814637184143 0.016278252005577087
0.4613785743713379 0.6321439743041992 0.01977413147687912
0.4221087694168091 0.5723204612731934 0.020396258682012558
0.39932215213775635 0.5395721793174744 0.01258961670100689
0.3792148232460022 0.5101333260536194 0.00568029098212719
0.4933236837387085 0.6180237531661987 0.01185951754450798
0.48334765434265137 0.5383352637290955 0.0056770797818899155
0.47603151202201843 0.485932320356369 -0.002236537868157029
0.47022050619125366 0.44432979822158813 -0.008387128822505474
0.5296845436096191 0.6182019114494324 0.0029461465310305357
0.5202181935310364 0.5571288466453552 -0.002069551730528474
0.5120643973350525 0.5180560946464539 -0.003271048190072179
0.5038720369338989 0.47917088866233826 -0.00506201945245266
