Alex_image_spock_59.jpg
0.4816281497478485 0.5918716192245483 2.490859856152383e-07
0.5176914930343628 0.5329845547676086 -0.015391779132187366
0.5258722901344299 0.46272093057632446 -0.026419728994369507
0.5320278406143188 0.40826165676116943 -0.03815331310033798
0.5370609164237976 0.3636047840118408 -0.050753384828567505
0.4603869318962097 0.39222365617752075 -0.025319315493106842
0.4316715598106384 0.3300907015800476 -0.04507158324122429
0.4105074405670166 0.2950728237628937 -0.058589693158864975
0.388340026140213 0.2628680467605591 -0.0696624293923378
0.433662474155426 0.4076593518257141 -0.03353824466466904
0.40244194865226746 0.33581674098968506 -0.05602309852838516
0.38212311267852783 0.2895684838294983 -0.07338637113571167
0.3594413995742798 0.24844349920749664 -0.08607735484838486
0.4176362156867981 0.442627489566803 -0.04339944198727608
0.3675997853279114 0.3972279131412506 -0.06730182468891144
0.3350314795970917 0.36724331974983215 -0.08380702883005142
0.30527812242507935 0.33803272247314453 -0.0950431078672409
0.4114369750022888 0.4888121485710144 -0.05421996861696243
0.37619975209236145 0.4540165960788727 -0.07644204050302505
0.3551025092601776 0.4297734797000885 -0.08920665085315704
0.3344716727733612 0.40097975730895996 -0.09838133305311203
