Alex_image_two_28.jpg
0.6660033464431763 0.658452033996582 -7.028693005395326e-08
0.723840594291687 0.6357421875 0.004211990162730217
0.7529048323631287 0.5854917168617249 -0.0015770971076563
0.7768681645393372 0.5316085815429688 -0.00931044202297926
0.8065804839134216 0.5076434016227722 -0.019441703334450722
0.6918573379516602 0.5012091398239136 -0.010193916037678719
0.6702942252159119 0.4363822937011719 -0.012223548255860806
0.651722252368927 0.39833930134773254 -0.01779712550342083
0.6400761604309082 0.3717646896839142 -0.02348506636917591
0.654201865196228 0.4944307208061218 -0.010676194913685322
0.6439777612686157 0.5172839760780334 -0.0024210275150835514
0.6472465395927429 0.5421149134635925 0.0038715675473213196
0.6534817814826965 0.5602917075157166 0.004377729259431362
0.6219695806503296 0.5185929536819458 -0.009367993101477623
0.6260245442390442 0.5370203256607056 -0.0017785016680136323
0.6307050585746765 0.5572747588157654 0.0009805533336475492
0.6366873979568481 0.5762388706207275 -0.0013242793502286077
0.5938451290130615 0.5464680790901184 -0.007320857606828213
0.5989612340927124 0.565172016620636 0.0024273802991956472
0.608343243598938 0.5811367034912109 0.007741743233054876
0.6164622902870178 0.595039427280426 0.009417325258255005
0.7033738493919373 0.7097344994544983 -2.1378349401857122e-07
0.7315413355827332 0.6435955762863159 -0.004539510700851679
0.7634133100509644 0.5772689580917358 0.0014053616905584931
0.7910898327827454 0.5283604860305786 0.006706353276968002
0.8188904523849487 0.49860048294067383 0.009121164679527283
0.7425522208213806 0.6091973185539246 0.025149021297693253
0.728083074092865 0.5731597542762756 0.034843020141124725
0.7174074053764343 0.5408902168273926 0.030327314510941505
0.7120071649551392 0.5070005655288696 0.022562453523278236
0.7175719141960144 0.6357454657554626 0.025665711611509323
0.6975906491279602 0.5913760662078857 0.03921785578131676
0.6890862584114075 0.5511500835418701 0.028769630938768387
0.680657148361206 0.5162848830223083 0.012628773227334023
0.6944403648376465 0.6532107591629028 0.024783916771411896
0.6746795177459717 0.6152961850166321 0.03436119109392166
0.6668353080749512 0.574912428855896 0.028415163978934288
0.6614267230033875 0.5421404838562012 0.017187610268592834
0.6750437617301941 0.6729878783226013 0.02292165905237198
0.6523087024688721 0.6434195041656494 0.03113449551165104
0.6387560963630676 0.618173360824585 0.03393801674246788
0.6267792582511902 0.5946060419082642 0.030983617529273033
