Alex_image_zero_76.jpg
0.4458068907260895 0.6622908115386963 9.203416340142212e-08
0.3911764621734619 0.6213123202323914 -0.004848535172641277
0.3636583983898163 0.5491985082626343 -0.041129808872938156
0.36028212308883667 0.47828391194343567 -0.07524863630533218
0.37801393866539 0.43407994508743286 -0.10767480731010437
0.3175339698791504 0.6073529124259949 -0.1077171191573143
0.3266984522342682 0.48978161811828613 -0.12223867326974869
0.35643115639686584 0.4964092969894409 -0.10428138822317123
0.36585375666618347 0.5255430936813354 -0.09274614602327347
0.35314610600471497 0.6134025454521179 -0.12506824731826782
0.3618032932281494 0.4854298233985901 -0.13302673399448395
0.39202189445495605 0.5008810758590698 -0.09949417412281036
0.39673396944999695 0.5295469164848328 -0.08291898667812347
0.3953550457954407 0.6097286939620972 -0.13793213665485382
0.3989776074886322 0.48765385150909424 -0.13632643222808838
0.4228821396827698 0.5105063915252686 -0.09963683784008026
0.4290589690208435 0.54683917760849 -0.08511941134929657
0.43816953897476196 0.5952738523483276 -0.15169097483158112
0.44171032309532166 0.500933051109314 -0.1482343226671219
0.4546116590499878 0.5179912447929382 -0.12881989777088165
0.4571225941181183 0.5504224896430969 -0.121966652572155
