Alex_image_spock_82.jpg
0.3762877285480499 0.7875978350639343 6.034534862919827e-07
0.42755579948425293 0.7714207768440247 -0.027286171913146973
0.46436142921447754 0.7176109552383423 -0.03209829330444336
0.4778072237968445 0.6588978171348572 -0.03348493203520775
0.4956676959991455 0.6122000217437744 -0.031708117574453354
0.4502706825733185 0.6196121573448181 0.0046842978335917
0.46473753452301025 0.559086799621582 0.010527662932872772
0.4712255001068115 0.5228188037872314 0.014901417307555676
0.47455960512161255 0.4928429424762726 0.015470316633582115
0.4190255403518677 0.6023172736167908 0.010397826321423054
0.43737366795539856 0.5378004312515259 0.014972599223256111
0.45408859848976135 0.5014996528625488 0.017082957550883293
0.4668923020362854 0.4708311855792999 0.018494021147489548
0.38738930225372314 0.6065864562988281 0.010220983065664768
0.3691774904727936 0.5340065360069275 0.000810458732303232
0.3584316372871399 0.495941698551178 -0.009110783226788044
0.35199275612831116 0.4599977135658264 -0.014965691603720188
0.35470181703567505 0.6244829893112183 0.007468689698725939
0.3445478081703186 0.5689815282821655 -0.007577078882604837
0.3415811359882355 0.5388017296791077 -0.01926608756184578
0.3444056510925293 0.5051040649414062 -0.02721141092479229
0.351411908864975 0.7827320098876953 3.818504694663716e-07
0.4009122848510742 0.7552508115768433 -0.02530008926987648
0.4350140690803528 0.7130461931228638 -0.03547757863998413
0.4524383544921875 0.6644849181175232 -0.04430815204977989
0.4738655090332031 0.6240434050559998 -0.05070560425519943
0.4275548458099365 0.6052531003952026 0.00021563743939623237
0.4469447135925293 0.5447328090667725 -0.0013401247560977936
0.4559447765350342 0.5143349170684814 -0.003193642245605588
0.46258366107940674 0.48734045028686523 -0.006677481811493635
0.3984048664569855 0.592581570148468 0.0032958644442260265
0.4227672517299652 0.5256880521774292 0.0019526609685271978
0.4402276277542114 0.49414724111557007 -0.0015310076996684074
0.45607617497444153 0.46169206500053406 -0.004881482571363449
0.3657093644142151 0.5976637601852417 0.0011312025599181652
0.3563544452190399 0.530604362487793 -0.007149766199290752
0.34937992691993713 0.4920307993888855 -0.01751966029405594
0.34911081194877625 0.4583141505718231 -0.025223081931471825
0.3354465067386627 0.6167447566986084 -0.003718616906553507
0.33333081007003784 0.5617508888244629 -0.012022913433611393
0.33500435948371887 0.5309858918190002 -0.018243977800011635
0.3414327800273895 0.49950093030929565 -0.023928361013531685
