Alex_image_five_97.jpg
0.6110460758209229 0.7741236686706543 6.228709139577404e-07
0.6408875584602356 0.7166534662246704 -0.018318336457014084
0.6615387797355652 0.6636770367622375 -0.03243786469101906
0.684958815574646 0.6254545450210571 -0.04656938835978508
0.7098734378814697 0.60547935962677 -0.06175244599580765
0.5727911591529846 0.5990025997161865 -0.01972154714167118
0.5647566318511963 0.5228995084762573 -0.035436321049928665
0.5604212880134583 0.47469615936279297 -0.049781959503889084
0.556103527545929 0.43439781665802 -0.06031785160303116
0.5400924682617188 0.6124890446662903 -0.02359311655163765
0.5197514295578003 0.5273239612579346 -0.035701241344213486
0.5079848766326904 0.4732489585876465 -0.04819073528051376
0.4986446797847748 0.43034031987190247 -0.05840302258729935
0.5160576701164246 0.6405996084213257 -0.029817314818501472
0.48697131872177124 0.5615002512931824 -0.042629774659872055
0.47033241391181946 0.5100483894348145 -0.05602305382490158
0.4572226405143738 0.46725475788116455 -0.06590556353330612
0.49846315383911133 0.6806169748306274 -0.037595245987176895
0.46522247791290283 0.6323873400688171 -0.050923533737659454
0.4441288411617279 0.5978993773460388 -0.059296865016222
0.42693886160850525 0.563044548034668 -0.06502852588891983
