Alex_image_three_93.jpg
0.5721772313117981 0.7288618683815002 9.250670700566843e-07
0.557327389717102 0.6152619123458862 -0.019463304430246353
0.5667834281921387 0.5072155594825745 -0.040232304483652115
0.5659482479095459 0.43334347009658813 -0.06497734785079956
0.5612116456031799 0.3719174265861511 -0.08899645507335663
0.6804748177528381 0.5079718232154846 -0.04354500398039818
0.7349185347557068 0.4247850775718689 -0.07709494978189468
0.7681235074996948 0.37846657633781433 -0.0969136655330658
0.8024787306785583 0.342027872800827 -0.11170347779989243
0.7102922201156616 0.5715141296386719 -0.06172708049416542
0.7810320258140564 0.5166937112808228 -0.10576750338077545
0.8366816639900208 0.4813368022441864 -0.13168400526046753
0.8873530626296997 0.45772576332092285 -0.1464468389749527
0.7135657072067261 0.6405155062675476 -0.08076880872249603
0.698111355304718 0.5833484530448914 -0.12840251624584198
0.6312609910964966 0.5833120346069336 -0.12857501208782196
0.5902909636497498 0.5921807885169983 -0.11841519922018051
0.6968690156936646 0.7017800807952881 -0.10180306434631348
0.6560263633728027 0.6557242274284363 -0.1370317041873932
0.6083176732063293 0.6413607597351074 -0.1342775821685791
0.5788067579269409 0.638388454914093 -0.12570954859256744
