Alex_image_three_35.jpg
0.3976881802082062 0.7254804372787476 5.860024998582958e-07
0.4091509282588959 0.6630005836486816 0.037645116448402405
0.4240007996559143 0.6225065588951111 0.0424090139567852
0.42384785413742065 0.5938495993614197 0.036314964294433594
0.4104765057563782 0.5793014764785767 0.02981373481452465
0.4605856239795685 0.5502576231956482 0.020351268351078033
0.5034003257751465 0.48856329917907715 0.014645432122051716
0.5271177887916565 0.45203179121017456 0.013382861390709877
0.5474176406860352 0.418070912361145 0.01154594961553812
0.47132185101509094 0.5590119361877441 -0.008355526253581047
0.5445324778556824 0.5320278406143188 -0.023051593452692032
0.5894036889076233 0.5109589099884033 -0.03220682963728905
0.6248118281364441 0.4944937229156494 -0.03747623786330223
0.4779348373413086 0.5888082385063171 -0.03279928117990494
0.5323541164398193 0.6364619135856628 -0.037461988627910614
0.5118627548217773 0.6687171459197998 -0.02873561531305313
0.49391961097717285 0.6734548211097717 -0.021476930007338524
0.4842933118343353 0.6300543546676636 -0.05536231771111488
0.5225707292556763 0.6749252080917358 -0.050342340022325516
0.5049177408218384 0.7016735076904297 -0.03760691359639168
0.4861874282360077 0.7018522620201111 -0.028028927743434906
