Alex_image_four_20.jpg
0.4041208028793335 0.6447656154632568 -1.3750151595104398e-07
0.4591851234436035 0.6594464182853699 -0.05308312922716141
0.5133589506149292 0.6568455696105957 -0.09124039113521576
0.5567947626113892 0.6684046387672424 -0.12446192651987076
0.5940795540809631 0.6555216312408447 -0.1608058214187622
0.47036799788475037 0.5900458693504333 -0.11059700697660446
0.49264445900917053 0.6347811222076416 -0.16352669894695282
0.5094428658485413 0.6796741485595703 -0.1995084583759308
0.5221503973007202 0.7144989371299744 -0.22204521298408508
0.42872342467308044 0.5866557955741882 -0.10666165500879288
0.4209410548210144 0.6386985182762146 -0.16309836506843567
0.4179658889770508 0.69437175989151 -0.19308976829051971
0.4168444275856018 0.7426887154579163 -0.21300020813941956
0.3912719190120697 0.5951957702636719 -0.10418713837862015
0.3715910017490387 0.6609362959861755 -0.1609242856502533
0.35948723554611206 0.7168722152709961 -0.18259495496749878
0.35123804211616516 0.763595461845398 -0.19204896688461304
0.3592585623264313 0.6097668409347534 -0.10484163463115692
0.33965176343917847 0.6627792716026306 -0.15059390664100647
0.330633282661438 0.710778534412384 -0.16858725249767303
0.32622402906417847 0.7504439353942871 -0.17917044460773468
