Alex_image_three_14.jpg
0.42824557423591614 0.5260090827941895 2.2527197529598197e-07
0.45706743001937866 0.4701893925666809 -0.016534216701984406
0.47281116247177124 0.4043177366256714 -0.020141588523983955
0.4850699007511139 0.3662167489528656 -0.025053491815924644
0.5021774768829346 0.3509422838687897 -0.028231829404830933
0.4055332839488983 0.34024283289909363 -0.007788390386849642
0.38797926902770996 0.2740587592124939 -0.018879830837249756
0.3763212263584137 0.23756101727485657 -0.024410750716924667
0.3638361096382141 0.2051670104265213 -0.02801688201725483
0.37386295199394226 0.36313125491142273 -0.011935867369174957
0.3403594493865967 0.30905383825302124 -0.03280213847756386
0.3209257125854492 0.2748109698295593 -0.045824307948350906
0.3016461730003357 0.2466718554496765 -0.05077211558818817
0.3548690378665924 0.3980698883533478 -0.018149081617593765
0.37209218740463257 0.390205055475235 -0.050025325268507004
0.4048019349575043 0.4206484258174896 -0.05849228799343109
0.4196738004684448 0.4419504702091217 -0.05381421372294426
0.3446541428565979 0.43563058972358704 -0.025641346350312233
0.36798056960105896 0.4314858019351959 -0.049734387546777725
0.3939233422279358 0.4481341540813446 -0.05412910878658295
0.40622180700302124 0.45947059988975525 -0.050882190465927124
