Alex_image_zero_32.jpg
0.6079781651496887 0.561132550239563 2.7472340846657062e-08
0.5597798228263855 0.5528578162193298 -0.04589339345693588
0.5224961042404175 0.5545090436935425 -0.09513433277606964
0.5069825649261475 0.5598419308662415 -0.13663722574710846
0.5127389430999756 0.5665218830108643 -0.17441372573375702
0.5389416217803955 0.4183237850666046 -0.11069459468126297
0.5148541927337646 0.5087406039237976 -0.1453717201948166
0.5273039937019348 0.5273967981338501 -0.15332217514514923
0.5393800139427185 0.5035996437072754 -0.1587492674589157
0.5837228298187256 0.4329490661621094 -0.10939931124448776
0.5527991652488708 0.5416715741157532 -0.13782744109630585
0.5618380904197693 0.5464516878128052 -0.12592872977256775
0.5699556469917297 0.5065538883209229 -0.11777403950691223
0.6228217482566833 0.4660889208316803 -0.10941830277442932
0.5889408588409424 0.5695176720619202 -0.12720027565956116
0.5902339220046997 0.5664678812026978 -0.09638100862503052
0.5968018770217896 0.5336807370185852 -0.07722224295139313
0.6499876379966736 0.5045365691184998 -0.11524724215269089
0.6177753210067749 0.5826132893562317 -0.1332448273897171
0.6169320940971375 0.577800989151001 -0.12237471342086792
0.6240165829658508 0.546770453453064 -0.11217240244150162
