Alex_image_two_48.jpg
0.6327241659164429 1.0072195529937744 -6.92542982960731e-07
0.5591225028038025 0.8329574465751648 -0.014485705643892288
0.5449572205543518 0.6911617517471313 -0.03578394278883934
0.5438438057899475 0.58454829454422 -0.06350864470005035
0.5326456427574158 0.5022209882736206 -0.09201598167419434
0.6589754819869995 0.5779257416725159 -0.03173047676682472
0.6422817707061768 0.43739259243011475 -0.07720436155796051
0.6345128417015076 0.33957627415657043 -0.1039486899971962
0.6322205066680908 0.25370678305625916 -0.12502019107341766
0.7171334028244019 0.6211791634559631 -0.05243346467614174
0.5791174173355103 0.6147057414054871 -0.11193810403347015
0.5469847917556763 0.7199434638023376 -0.11535747349262238
0.5676839351654053 0.7623546123504639 -0.1094546690583229
0.7442126274108887 0.7016558051109314 -0.07753170281648636
0.5990652441978455 0.7111529111862183 -0.130963996052742
0.5788792371749878 0.7934759259223938 -0.10455290228128433
0.6071850657463074 0.8259624242782593 -0.07823207229375839
0.7502881288528442 0.7982916831970215 -0.1061936765909195
0.6237741708755493 0.8083509802818298 -0.1416494995355606
0.6023220419883728 0.8569589853286743 -0.1266777068376541
0.6278139352798462 0.8756393790245056 -0.10857400298118591
0.6211568117141724 0.9151935577392578 -5.964249112366815e-07
0.5654335618019104 0.7994306087493896 -0.013934951275587082
0.5374814867973328 0.6769373416900635 -0.029261302202939987
0.52623450756073 0.5771926641464233 -0.03995489701628685
0.526400625705719 0.5015881657600403 -0.048575807362794876
0.6324934363365173 0.6049776673316956 -0.10085479170084
0.6351252794265747 0.43982166051864624 -0.16661491990089417
0.6322614550590515 0.34137728810310364 -0.20374004542827606
0.6311870813369751 0.25587883591651917 -0.2264120727777481
0.6582903265953064 0.6574774384498596 -0.11215605586767197
0.569489061832428 0.6040194034576416 -0.17441485822200775
0.5538973808288574 0.7012205123901367 -0.16675777733325958
0.5796587467193604 0.7620676755905151 -0.15256738662719727
0.6739016771316528 0.7304695844650269 -0.12436767667531967
0.5911110043525696 0.6929770708084106 -0.18535485863685608
0.5853204727172852 0.7793543338775635 -0.15973564982414246
0.6206799745559692 0.8273754715919495 -0.1308310329914093
0.6850230693817139 0.8094009160995483 -0.13606388866901398
0.6222376823425293 0.7894255518913269 -0.18063966929912567
0.6141608953475952 0.8349242210388184 -0.166777104139328
0.6437722444534302 0.8595665693283081 -0.14729517698287964
