Alex_image_five_38.jpg
0.4115149974822998 0.9217817783355713 1.7126326667948888e-07
0.36906278133392334 0.9339374303817749 0.006725803483277559
0.34185758233070374 0.9203410148620605 0.007440244313329458
0.3316696584224701 0.8985738754272461 0.006259924732148647
0.33441266417503357 0.8798499703407288 0.003556756069883704
0.3150508403778076 0.8645982146263123 -0.005026788916438818
0.27212902903556824 0.8416339159011841 -0.010619263164699078
0.24354693293571472 0.8241804242134094 -0.011698554269969463
0.223228320479393 0.8087809085845947 -0.013005740009248257
0.3309796452522278 0.8251084089279175 -0.01389106921851635
0.2806604206562042 0.7862854599952698 -0.02406659908592701
0.25199374556541443 0.7620323300361633 -0.03141656890511513
0.23164544999599457 0.7431103587150574 -0.035705968737602234
0.3598071038722992 0.7984147667884827 -0.021308375522494316
0.3283209800720215 0.751839280128479 -0.03802729398012161
0.3077116906642914 0.7172917723655701 -0.051221732050180435
0.2938656806945801 0.6895186901092529 -0.05835362523794174
0.39642050862312317 0.7828412652015686 -0.026563113555312157
0.4065019190311432 0.7374793887138367 -0.04152112826704979
0.4138645529747009 0.7059981226921082 -0.04909936711192131
0.41901206970214844 0.679053544998169 -0.05265793576836586
