Alex_image_three_24.jpg
0.37486013770103455 0.6180775761604309 7.451176884387678e-07
0.37568050622940063 0.6664764285087585 -0.043470971286296844
0.3832130432128906 0.7085334062576294 -0.0708598792552948
0.36826658248901367 0.7542108297348022 -0.09705568104982376
0.3481167256832123 0.7989373207092285 -0.12269028276205063
0.4802863299846649 0.7225813269615173 -0.04056086391210556
0.5368090867996216 0.7599225044250488 -0.07120250165462494
0.5744901895523071 0.7800907492637634 -0.08853983134031296
0.606798529624939 0.7936379909515381 -0.09829272329807281
0.49288269877433777 0.6725330352783203 -0.037732046097517014
0.5574449300765991 0.6539236903190613 -0.07204880565404892
0.5962929129600525 0.6322562098503113 -0.0874243676662445
0.6300252079963684 0.6156408190727234 -0.09170937538146973
0.4858049154281616 0.6286299228668213 -0.04013064131140709
0.4963828921318054 0.5833301544189453 -0.08483557403087616
0.4512690007686615 0.5958280563354492 -0.09287998080253601
0.42425835132598877 0.6199193000793457 -0.08417852967977524
0.46888476610183716 0.5904068350791931 -0.0459764190018177
0.47400858998298645 0.5505040884017944 -0.07832746207714081
0.4405270218849182 0.563499927520752 -0.07938951253890991
0.41944438219070435 0.5901013016700745 -0.07119957357645035
