Alex_image_zero_88.jpg
0.5217046737670898 0.731014609336853 -6.474189007121822e-08
0.5426355600357056 0.7328378558158875 -0.014194974675774574
0.5686646699905396 0.7168965339660645 -0.022061044350266457
0.5791833996772766 0.6946902275085449 -0.027641579508781433
0.5796244740486145 0.673047661781311 -0.030943939462304115
0.5626146197319031 0.6430566906929016 -0.014035975560545921
0.5777245759963989 0.6569479703903198 -0.02780529111623764
0.569015622138977 0.684876024723053 -0.0350503996014595
0.5607918500900269 0.6874144077301025 -0.03881499171257019
0.5468623638153076 0.6324695348739624 -0.012673920951783657
0.5642359852790833 0.6559480428695679 -0.02473125234246254
0.5566091537475586 0.686718225479126 -0.026833316311240196
0.5494484901428223 0.6848994493484497 -0.026882674545049667
0.5300419330596924 0.6346763372421265 -0.013222775422036648
0.5475427508354187 0.6576619148254395 -0.026409747079014778
0.5425524711608887 0.6873985528945923 -0.022950302809476852
0.5357749462127686 0.6874074339866638 -0.018897075206041336
0.5129971504211426 0.6451503038406372 -0.014822191558778286
0.5287087559700012 0.6677631139755249 -0.023538049310445786
0.528200089931488 0.6897108554840088 -0.021058306097984314
0.5243354439735413 0.6902814507484436 -0.01762557402253151
