Alex_image_spock_64.jpg
0.3935328722000122 0.7166704535484314 -3.0101631409706897e-07
0.3781408667564392 0.6463189125061035 0.03718777373433113
0.38232725858688354 0.5877912044525146 0.04850182682275772
0.3869307339191437 0.5458225011825562 0.053822457790374756
0.3825910687446594 0.5249500274658203 0.05552353709936142
0.4460941255092621 0.5452500581741333 0.016640763729810715
0.48666301369667053 0.4711717367172241 0.021263329312205315
0.5132995247840881 0.43401744961738586 0.023639928549528122
0.5377311110496521 0.4048859775066376 0.02359725907444954
0.47865739464759827 0.5716084241867065 0.00023550059995613992
0.5248626470565796 0.48615097999572754 0.006237945519387722
0.5463583469390869 0.4385525584220886 0.00885753333568573
0.5608018040657043 0.40222880244255066 0.007925544865429401
0.5009562969207764 0.609242856502533 -0.011322664096951485
0.5695866346359253 0.5704254508018494 -0.007196501828730106
0.6087138652801514 0.5500825643539429 -0.004791788291186094
0.63386470079422 0.531921923160553 -0.005093956366181374
0.5138059258460999 0.6566966772079468 -0.018075257539749146
0.5687882304191589 0.626823902130127 -0.012778468430042267
0.5975862145423889 0.6097383499145508 -0.004044422879815102
0.619438886642456 0.5913966298103333 0.0020494600757956505
