Alex_image_four_23.jpg
0.44798481464385986 0.6716729402542114 4.951292567056953e-07
0.4785146415233612 0.7427622079849243 -0.03292185813188553
0.5142876505851746 0.8134898543357849 -0.0671200081706047
0.5554013848304749 0.861925482749939 -0.09438791126012802
0.6009278297424316 0.892298698425293 -0.122660331428051
0.5054654479026794 0.751544713973999 -0.11920500546693802
0.5114427208900452 0.805233895778656 -0.16898386180400848
0.5241462588310242 0.8392550945281982 -0.19671468436717987
0.5373905301094055 0.8660523891448975 -0.21296755969524384
0.47018077969551086 0.711648166179657 -0.1226658970117569
0.45406895875930786 0.7910473942756653 -0.17243216931819916
0.4334396719932556 0.8531914949417114 -0.19843149185180664
0.4104866683483124 0.8994648456573486 -0.21906758844852448
0.42979657649993896 0.6904128789901733 -0.12335722893476486
0.38563597202301025 0.7766327857971191 -0.16971302032470703
0.34903761744499207 0.8368642330169678 -0.1905064582824707
0.31676629185676575 0.8808093070983887 -0.20398744940757751
0.3932819962501526 0.6776530742645264 -0.12342359125614166
0.34282273054122925 0.7414668202400208 -0.1548326164484024
0.3039669990539551 0.7771924734115601 -0.16607463359832764
0.27116093039512634 0.8048416972160339 -0.1758865863084793
