Alex_image_four_92.jpg
0.5881749987602234 0.6932792663574219 3.051425494504656e-07
0.5412590503692627 0.7268034815788269 -0.029020845890045166
0.4855101704597473 0.74909508228302 -0.03591730445623398
0.43662944436073303 0.763440728187561 -0.038480084389448166
0.39568084478378296 0.775479793548584 -0.03894970193505287
0.4461374878883362 0.6894312500953674 -0.0058804284781217575
0.38698428869247437 0.6850931644439697 -0.013874426484107971
0.3545975685119629 0.6782657504081726 -0.019717728719115257
0.3259711265563965 0.6729488372802734 -0.02460760623216629
0.45694661140441895 0.6470475196838379 0.0006770039908587933
0.39717724919319153 0.6241940259933472 -0.0038492341991513968
0.3666166067123413 0.604038655757904 -0.008952165953814983
0.3416382670402527 0.590846598148346 -0.012796678580343723
0.48415449261665344 0.6144797801971436 0.001834828406572342
0.45530691742897034 0.5594075322151184 -0.015448231250047684
0.4380446970462799 0.5200910568237305 -0.03293923661112785
0.4211910367012024 0.4905717968940735 -0.043657101690769196
0.5184178948402405 0.5941540598869324 0.0015981951728463173
0.5167522430419922 0.5709081292152405 -0.02167659066617489
0.5302791595458984 0.5912806987762451 -0.034646790474653244
0.5415559411048889 0.6088404655456543 -0.04227511212229729
