Alex_image_three_96.jpg
0.5465845465660095 0.7083348631858826 1.0274027317791479e-06
0.5441840291023254 0.5841008424758911 -0.013952507637441158
0.5595188736915588 0.4966188967227936 -0.04686293751001358
0.5639606714248657 0.43164899945259094 -0.0894656628370285
0.574771523475647 0.3646855354309082 -0.1340438276529312
0.6754390001296997 0.5255109667778015 -0.05199034512042999
0.7406944036483765 0.4714338183403015 -0.09363754838705063
0.784928560256958 0.4382803440093994 -0.1230146512389183
0.8236743807792664 0.4273315668106079 -0.14712980389595032
0.6767792701721191 0.5909834504127502 -0.08610929548740387
0.7567155361175537 0.5751698017120361 -0.145330011844635
0.8108484745025635 0.5654744505882263 -0.1851927489042282
0.8632246851921082 0.5559163093566895 -0.21356238424777985
0.6666391491889954 0.6521210670471191 -0.12144754081964493
0.7116743922233582 0.6078837513923645 -0.1815924048423767
0.6633418798446655 0.5800108909606934 -0.20170417428016663
0.6229503750801086 0.5647186636924744 -0.211122065782547
0.6457311511039734 0.6984806656837463 -0.1577644944190979
0.6574755311012268 0.6555622816085815 -0.2071111649274826
0.6260144114494324 0.6254605054855347 -0.22212742269039154
0.5965327620506287 0.6165308952331543 -0.23074662685394287
