Alex_image_zero_2.jpg
0.6906976699829102 0.5289902687072754 -6.592559884666116e-07
0.6204773783683777 0.5157033801078796 -0.017447786405682564
0.5582423210144043 0.4606507122516632 -0.023306967690587044
0.5378076434135437 0.3766019344329834 -0.03163168579339981
0.5693937540054321 0.3186875879764557 -0.034468650817871094
0.5705105662345886 0.3723357319831848 0.013586781919002533
0.5490285158157349 0.32156068086624146 -0.018102578818798065
0.5689079761505127 0.38572224974632263 -0.033833857625722885
0.5811933875083923 0.40320533514022827 -0.040328942239284515
0.6104186773300171 0.35062363743782043 0.00925835408270359
0.5896225571632385 0.3008129596710205 -0.022269155830144882
0.6090649962425232 0.38500142097473145 -0.025362804532051086
0.6174911260604858 0.3988514542579651 -0.018687648698687553
0.6505111455917358 0.3397277593612671 -0.002522761235013604
0.6316605806350708 0.28553009033203125 -0.03562137857079506
0.6442117691040039 0.3700283467769623 -0.02145778201520443
0.6538071632385254 0.39302903413772583 -0.0017062402330338955
0.6961126923561096 0.33577418327331543 -0.016539113596081734
0.6756573915481567 0.2935272753238678 -0.03173840418457985
0.6782689690589905 0.35261034965515137 -0.018041450530290604
0.6854974627494812 0.3751000761985779 -0.0023938484955579042
0.6042448282241821 0.4858744442462921 -5.255814699012262e-07
0.5698379278182983 0.4891211688518524 -0.03838099539279938
0.5321263074874878 0.45502638816833496 -0.05808071047067642
0.5276687741279602 0.3862086236476898 -0.07256142050027847
0.5615683794021606 0.3264068365097046 -0.08224005997180939
0.5455055236816406 0.37656304240226746 -0.0406656414270401
0.5464913845062256 0.3358323872089386 -0.07466457039117813
0.5654303431510925 0.3791021704673767 -0.0878055989742279
0.5732408165931702 0.3920416831970215 -0.09296838194131851
0.5679407119750977 0.35659417510032654 -0.03511200472712517
0.5784766674041748 0.3109239637851715 -0.07224614918231964
0.591809868812561 0.3744962811470032 -0.07564365118741989
0.5934990048408508 0.3952762484550476 -0.07023920863866806
0.5886905789375305 0.34985241293907166 -0.03519493713974953
0.6006456613540649 0.30895474553108215 -0.07694900780916214
0.6105467677116394 0.3714403212070465 -0.07211147993803024
0.6119688153266907 0.39367854595184326 -0.05805828422307968
0.6092285513877869 0.35266008973121643 -0.03753180801868439
0.6120209097862244 0.32896044850349426 -0.06578494608402252
0.6184616088867188 0.367743581533432 -0.06224587932229042
0.6207450032234192 0.3851095139980316 -0.05259084701538086
