Alex_image_three_15.jpg
0.42194363474845886 0.5262645483016968 3.687927119244705e-07
0.4539664089679718 0.4641580283641815 -0.017569024115800858
0.4591929018497467 0.3896743953227997 -0.02517995983362198
0.46546316146850586 0.34333959221839905 -0.033895548433065414
0.4727257490158081 0.3148100972175598 -0.04105856642127037
0.391376256942749 0.34043586254119873 -0.027041396126151085
0.3581700921058655 0.2743643522262573 -0.049412235617637634
0.33560681343078613 0.2363915592432022 -0.06125645339488983
0.3113517165184021 0.20376144349575043 -0.06899325549602509
0.35779616236686707 0.3718980848789215 -0.033539559692144394
0.33166974782943726 0.3294721245765686 -0.06532013416290283
0.31304284930229187 0.29434484243392944 -0.0799776017665863
0.2902713716030121 0.2642221748828888 -0.08524494618177414
0.33957192301750183 0.4160052537918091 -0.041817862540483475
0.3682611584663391 0.4228523075580597 -0.0765732005238533
0.40122145414352417 0.44496405124664307 -0.08010055124759674
0.4144115149974823 0.4591318666934967 -0.07315381616353989
0.33473607897758484 0.46323162317276 -0.052239637821912766
0.3748563528060913 0.4742884635925293 -0.07676789909601212
0.40052881836891174 0.4837019443511963 -0.07966804504394531
0.4074998199939728 0.4858604073524475 -0.07594883441925049
