Alex_image_four_17.jpg
0.4516695439815521 0.6461893320083618 6.381532671184686e-07
0.5040409564971924 0.6141191720962524 -0.039327628910541534
0.5397214889526367 0.5586364269256592 -0.058419860899448395
0.5712960958480835 0.5133549571037292 -0.07236221432685852
0.6067101955413818 0.48757922649383545 -0.08676736056804657
0.46885645389556885 0.4535205364227295 -0.048827461898326874
0.4680994749069214 0.3697085380554199 -0.0667208805680275
0.4661056399345398 0.32009440660476685 -0.07712961733341217
0.4619542956352234 0.27355366945266724 -0.0860469788312912
0.4267570376396179 0.4598076343536377 -0.044965703040361404
0.39183977246284485 0.3778117597103119 -0.06342040002346039
0.37468987703323364 0.3275095522403717 -0.07837710529565811
0.3594539761543274 0.28304290771484375 -0.08857154101133347
0.40091896057128906 0.4913291931152344 -0.043448880314826965
0.3491087555885315 0.46620967984199524 -0.07333836704492569
0.31427669525146484 0.4518141448497772 -0.09626424312591553
0.28722622990608215 0.4330195188522339 -0.10942922532558441
0.38897761702537537 0.5367944240570068 -0.04396245256066322
0.3639426827430725 0.554595410823822 -0.07397237420082092
0.3761976659297943 0.5730760097503662 -0.08849675208330154
0.3931094706058502 0.5829594135284424 -0.09623359888792038
