Alex_image_four_63.jpg
0.42360252141952515 0.7143184542655945 5.202512056712294e-07
0.4944024085998535 0.7034304738044739 -0.027716530486941338
0.5539258718490601 0.6854659914970398 -0.029314953833818436
0.6095831990242004 0.699336051940918 -0.02870670147240162
0.6476614475250244 0.7131738066673279 -0.028220370411872864
0.5459197163581848 0.5572154521942139 0.014601691626012325
0.582487165927887 0.5082171559333801 0.028968796133995056
0.6037802696228027 0.47810259461402893 0.032443515956401825
0.6190956830978394 0.4471593201160431 0.030138209462165833
0.5085336565971375 0.5414193868637085 0.022409318014979362
0.5220423340797424 0.4608483910560608 0.040362514555454254
0.5340397357940674 0.41712337732315063 0.037812523543834686
0.5397142767906189 0.3775036633014679 0.030695315450429916
0.47074049711227417 0.5460721254348755 0.025324048474431038
0.47792762517929077 0.4869385361671448 0.02666940912604332
0.4931097626686096 0.4617912173271179 0.0101119764149189
0.5023642778396606 0.4365338087081909 -0.004424916114658117
0.4368304908275604 0.5671652555465698 0.025242887437343597
0.43410226702690125 0.5565854907035828 0.013567258603870869
0.43509605526924133 0.5740337371826172 0.0008942137355916202
0.43338635563850403 0.5883639454841614 -0.008360734209418297
