Alex_image_two_50.jpg
0.745233952999115 0.9053846001625061 -4.847939294450043e-07
0.7314967513084412 0.7960292100906372 0.0059552621096372604
0.691938042640686 0.6730062365531921 0.0017258014995604753
0.6696775555610657 0.577358067035675 -0.001544179511256516
0.6838980913162231 0.5004884004592896 -0.006822541821748018
0.6786337494850159 0.6058274507522583 -0.044773731380701065
0.596041738986969 0.5368357300758362 -0.07524923235177994
0.543258547782898 0.4871169924736023 -0.09458917379379272
0.4994710683822632 0.44586825370788574 -0.11133526265621185
0.6768592000007629 0.6553000807762146 -0.06020031496882439
0.5397032499313354 0.6701744794845581 -0.08808832615613937
0.566034734249115 0.7162668704986572 -0.08209291845560074
0.6062437295913696 0.7292580008506775 -0.07900996506214142
0.6683427095413208 0.7300968170166016 -0.07442814856767654
0.5474737882614136 0.7583646774291992 -0.10262344777584076
0.5788455009460449 0.7921934723854065 -0.0829615518450737
0.6172407865524292 0.7906094193458557 -0.06858541071414948
0.6567875742912292 0.812896192073822 -0.08760491758584976
0.5626080632209778 0.8344622850418091 -0.11312471330165863
0.5897618532180786 0.8568834066390991 -0.10463111102581024
0.6223707795143127 0.8521581292152405 -0.09627123177051544
