Alex_image_four_4.jpg
0.32468611001968384 0.7265904545783997 6.266640752983221e-07
0.38263577222824097 0.7140409350395203 -0.02104794979095459
0.4395110011100769 0.6942218542098999 -0.028362156823277473
0.4922647774219513 0.671943187713623 -0.03319990634918213
0.5345410108566284 0.6763901710510254 -0.03872497379779816
0.44946056604385376 0.593835711479187 -0.009660886600613594
0.49214470386505127 0.5346555709838867 -0.018041467294096947
0.5159341096878052 0.5034372210502625 -0.024606425315141678
0.5357111096382141 0.4727637767791748 -0.02975444681942463
0.418468713760376 0.5676667094230652 -0.008080634288489819
0.4504023492336273 0.4939412474632263 -0.01918184570968151
0.4704480767250061 0.4552401900291443 -0.027053402736783028
0.4876648783683777 0.42428645491600037 -0.030293462797999382
0.38570481538772583 0.5645125508308411 -0.009325741790235043
0.3922329246997833 0.49210095405578613 -0.028580162674188614
0.3982609212398529 0.44738054275512695 -0.04388315603137016
0.40809398889541626 0.408066987991333 -0.05125492066144943
0.3510226607322693 0.583114504814148 -0.011295830830931664
0.3515022099018097 0.5485725998878479 -0.02468525804579258
0.35021600127220154 0.5764776468276978 -0.025294659659266472
0.3537193536758423 0.6092517971992493 -0.02370196022093296
