Alex_image_three_89.jpg
0.7580934762954712 0.7807019948959351 5.538597633858444e-07
0.6853818297386169 0.725776731967926 -0.0127493217587471
0.6255605816841125 0.6704965233802795 -0.01697579212486744
0.573151707649231 0.6347853541374207 -0.023795558139681816
0.5263338088989258 0.6191999316215515 -0.029555877670645714
0.6918114423751831 0.5534428954124451 -0.0015613456489518285
0.6640976667404175 0.4676674008369446 -0.007960091345012188
0.6482976078987122 0.4262923002243042 -0.013672278262674809
0.6337811946868896 0.3832017183303833 -0.02149776741862297
0.7368448972702026 0.5531167984008789 -0.0101375887170434
0.756031334400177 0.46978089213371277 -0.026103481650352478
0.7708958387374878 0.4162628650665283 -0.04028841853141785
0.7874067425727844 0.36662888526916504 -0.050484783947467804
0.776949405670166 0.5793987512588501 -0.020560013130307198
0.7891681790351868 0.5711212754249573 -0.04433159902691841
0.7660248875617981 0.6203402876853943 -0.051101431250572205
0.7528856992721558 0.6511644721031189 -0.05136950686573982
0.8083842992782593 0.6194798946380615 -0.032167475670576096
0.8178623914718628 0.6139833331108093 -0.053218282759189606
0.8007284998893738 0.6447813510894775 -0.05525142699480057
0.7934644222259521 0.6657865643501282 -0.05383296683430672
