Alex_image_zero_4.jpg
0.6660234332084656 0.5242846012115479 -6.591425290025654e-07
0.5972354412078857 0.5161571502685547 -0.018335653468966484
0.5327993035316467 0.4611135721206665 -0.02427515760064125
0.5132707953453064 0.378777414560318 -0.032657597213983536
0.5436152219772339 0.320325642824173 -0.03577497601509094
0.5461962223052979 0.372632771730423 0.012046917341649532
0.5234212279319763 0.3263014554977417 -0.021562587469816208
0.5433689951896667 0.39079418778419495 -0.03746488690376282
0.5549085736274719 0.40495580434799194 -0.043552547693252563
0.584922730922699 0.35170698165893555 0.007632042281329632
0.563076913356781 0.3042597770690918 -0.026578063145279884
0.5828731656074524 0.38853543996810913 -0.029856374487280846
0.5921915769577026 0.39718663692474365 -0.022236933931708336
0.6243000030517578 0.3403477370738983 -0.004491336178034544
0.6038740277290344 0.28790247440338135 -0.04093946889042854
0.6177718043327332 0.37457332015037537 -0.02739521488547325
0.6283633708953857 0.392535001039505 -0.006851296406239271
0.668934166431427 0.3347040116786957 -0.018783286213874817
0.6470873951911926 0.29526016116142273 -0.03635406121611595
0.6511714458465576 0.35776299238204956 -0.023258117958903313
0.6600404381752014 0.37807393074035645 -0.007337518502026796
