Alex_image_five_78.jpg
0.5663465261459351 0.5958867073059082 9.224219610359796e-08
0.5246739387512207 0.5461660623550415 -0.0007002459024079144
0.5065374374389648 0.49947187304496765 0.003523163264617324
0.4948883354663849 0.4632083773612976 0.005144490860402584
0.4790823459625244 0.44848009943962097 0.006005868781358004
0.5780167579650879 0.42953187227249146 0.02219238691031933
0.5854013562202454 0.37901684641838074 0.027261996641755104
0.5922849774360657 0.3536703586578369 0.026552947238087654
0.5995628237724304 0.3314800560474396 0.02333826757967472
0.6115090250968933 0.4353039860725403 0.014361360110342503
0.6336207985877991 0.3802516460418701 0.019592352211475372
0.6469058990478516 0.35005640983581543 0.0182301364839077
0.6572973728179932 0.3270631432533264 0.01505222450941801
0.6357038021087646 0.456040620803833 0.003240701276808977
0.6704126000404358 0.4084259867668152 -0.0016719442792236805
0.6881774067878723 0.379084050655365 -0.007910544984042645
0.7031030058860779 0.3516537845134735 -0.01318963710218668
0.6527834534645081 0.48961085081100464 -0.008518810383975506
0.6928631067276001 0.4586251974105835 -0.01997891440987587
0.7161136269569397 0.4399864077568054 -0.02634943649172783
0.7373705506324768 0.41907772421836853 -0.03088691644370556
0.608144223690033 0.6274742484092712 9.931504507676436e-08
0.5363925099372864 0.5811017155647278 0.011624131351709366
0.5063031911849976 0.526283860206604 0.028626758605241776
0.4944201409816742 0.4765392541885376 0.04015418887138367
0.48553168773651123 0.4479149580001831 0.05038052797317505
0.5610940456390381 0.46307572722435 0.051765456795692444
0.5781650543212891 0.4067460596561432 0.06625403463840485
0.5843731164932251 0.37435173988342285 0.07023695856332779
0.5913903713226318 0.34660929441452026 0.07054457068443298
0.5909447073936462 0.461762398481369 0.04597063362598419
0.5959348082542419 0.43739405274391174 0.0490216426551342
0.598902702331543 0.4482429027557373 0.03606928512454033
0.6110811233520508 0.4636606276035309 0.029702328145503998
0.614529550075531 0.47232043743133545 0.03941574692726135
0.6303857564926147 0.46076303720474243 0.03397132456302643
0.6407107710838318 0.463685005903244 0.014688693918287754
0.6532135605812073 0.465221107006073 0.005417821928858757
0.633942723274231 0.49321773648262024 0.034565139561891556
0.663886308670044 0.4693785011768341 0.025372324511408806
0.6860217452049255 0.44741392135620117 0.011048546060919762
0.709782600402832 0.42818117141723633 0.0039636739529669285
