Alex_image_one_40.jpg
0.5616286993026733 0.6783310174942017 -2.5175188511639135e-07
0.6317947506904602 0.5371441841125488 -0.0030491724610328674
0.685879111289978 0.39821189641952515 -0.02773413248360157
0.7533779740333557 0.29610228538513184 -0.05132081359624863
0.8229945302009583 0.24051040410995483 -0.0766754001379013
0.5742672681808472 0.28837570548057556 -0.06962952017784119
0.4746178090572357 0.23201370239257812 -0.07485345005989075
0.4895726442337036 0.2939620614051819 -0.07115843892097473
0.5245787501335144 0.33172717690467834 -0.07034388929605484
0.49229636788368225 0.3468838930130005 -0.07903891801834106
0.4191344976425171 0.2930259108543396 -0.07199599593877792
0.4374925494194031 0.3495043218135834 -0.05810019001364708
0.47145241498947144 0.3926345705986023 -0.058235593140125275
0.4242326617240906 0.4211524426937103 -0.08234690129756927
0.37320637702941895 0.3616850972175598 -0.07117094844579697
0.39199233055114746 0.41150936484336853 -0.049784015864133835
0.42301109433174133 0.45881396532058716 -0.045799292623996735
0.36921942234039307 0.4977114200592041 -0.08559367060661316
0.34714657068252563 0.44619739055633545 -0.07438346743583679
0.3702649474143982 0.4914742112159729 -0.050228942185640335
0.39532026648521423 0.5324237942695618 -0.03593737259507179
