Alex_image_five_3.jpg
0.4037046432495117 0.5825116038322449 1.1753868420782965e-06
0.47397637367248535 0.5563760995864868 -0.05528227612376213
0.5388157367706299 0.5152063369750977 -0.08837822824716568
0.6094765067100525 0.5036798715591431 -0.11641426384449005
0.6704534292221069 0.5125067234039307 -0.14380845427513123
0.4982316195964813 0.33093827962875366 -0.04940725117921829
0.5384497046470642 0.22997161746025085 -0.07074598968029022
0.5586830377578735 0.1662212759256363 -0.088067427277565
0.5719967484474182 0.11085262894630432 -0.10259503126144409
0.44595062732696533 0.30632874369621277 -0.043373845517635345
0.47433024644851685 0.19875814020633698 -0.0611761212348938
0.493297278881073 0.13072992861270905 -0.07706926017999649
0.5068426728248596 0.07380427420139313 -0.08907876163721085
0.392528235912323 0.3154367208480835 -0.04363849759101868
0.37874123454093933 0.20558705925941467 -0.0659162849187851
0.37334561347961426 0.1409875750541687 -0.08748047053813934
0.37113845348358154 0.08513753116130829 -0.10229630768299103
0.34229594469070435 0.3550291061401367 -0.04879091680049896
0.31241121888160706 0.28288325667381287 -0.07124132663011551
0.2947502136230469 0.2381991147994995 -0.08532002568244934
0.2862839102745056 0.19072656333446503 -0.09489772468805313
