Alex_image_zero_25.jpg
0.4828973412513733 0.399208128452301 -2.0627931007766165e-07
0.4871981143951416 0.3501829206943512 -0.040884435176849365
0.4945465922355652 0.2901141345500946 -0.04576806351542473
0.5109873414039612 0.24343305826187134 -0.04046018421649933
0.5201391577720642 0.22913150489330292 -0.0283542238175869
0.43161386251449585 0.24090753495693207 -0.012925101444125175
0.4832172989845276 0.20445461571216583 -0.026551444083452225
0.49585041403770447 0.24011854827404022 -0.0354415699839592
0.48669934272766113 0.26703450083732605 -0.03865909203886986
0.4446636140346527 0.24352458119392395 0.007831278257071972
0.49063199758529663 0.209474578499794 -0.008235006593167782
0.5008952617645264 0.24926763772964478 -0.015233525075018406
0.49130475521087646 0.27465900778770447 -0.014193066395819187
0.46108904480934143 0.25030237436294556 0.023088011890649796
0.5019241571426392 0.22319957613945007 0.004288317169994116
0.5090610980987549 0.2602500319480896 -0.0037669786252081394
0.49605146050453186 0.28102269768714905 -0.002296694554388523
0.4769318401813507 0.26266855001449585 0.03572695702314377
0.5058237910270691 0.24556982517242432 0.021189892664551735
0.5109173059463501 0.26845216751098633 0.013908813707530499
0.49932774901390076 0.28619372844696045 0.013693790882825851
