Alex_image_four_72.jpg
0.5178655385971069 0.657366156578064 6.758706376785995e-07
0.528519868850708 0.6087836027145386 -0.009044795297086239
0.52930748462677 0.5626206398010254 -0.019995490089058876
0.5296862721443176 0.524774432182312 -0.028402462601661682
0.5356059670448303 0.49501824378967285 -0.037839945405721664
0.45695003867149353 0.5454913377761841 -0.03507189825177193
0.41981256008148193 0.493463397026062 -0.047736756503582
0.3985307812690735 0.46529778838157654 -0.0546148456633091
0.3818647861480713 0.4398867189884186 -0.05915805324912071
0.43544885516166687 0.5693352222442627 -0.034483764320611954
0.3761642575263977 0.5549749135971069 -0.04912373796105385
0.3402947187423706 0.5470033288002014 -0.05870063975453377
0.31343328952789307 0.5363718271255493 -0.06437961012125015
0.42722585797309875 0.6043070554733276 -0.03135652467608452
0.37598752975463867 0.6365056037902832 -0.044358327984809875
0.3524932861328125 0.6582762002944946 -0.05204729363322258
0.33700042963027954 0.664995551109314 -0.05615677684545517
0.4277087152004242 0.643463134765625 -0.027733244001865387
0.4196782112121582 0.673374354839325 -0.036703649908304214
0.43580448627471924 0.6839830875396729 -0.03783765062689781
0.4514528810977936 0.6773587465286255 -0.03686601296067238
