Alex_image_spock_92.jpg
0.38489994406700134 0.7435665130615234 7.365611622844881e-07
0.4511975049972534 0.7814257144927979 -0.052318673580884933
0.5301685929298401 0.766567587852478 -0.07547227293252945
0.5880913734436035 0.7135975360870361 -0.09253950417041779
0.6401336193084717 0.6642206311225891 -0.10846375674009323
0.5802305936813354 0.6302781105041504 -0.04804837703704834
0.650809109210968 0.5739609003067017 -0.07898359000682831
0.6928144097328186 0.5363435745239258 -0.10150489956140518
0.7305142879486084 0.4976203143596649 -0.11896125227212906
0.5566596984863281 0.5649499893188477 -0.04267175868153572
0.6358346343040466 0.5041846036911011 -0.07276227325201035
0.6864492893218994 0.47194382548332214 -0.0963723435997963
0.7314239144325256 0.44317030906677246 -0.11338140815496445
0.5130646228790283 0.5278729796409607 -0.0435987189412117
0.5524160265922546 0.4329724907875061 -0.079726941883564
0.5738903284072876 0.363719642162323 -0.10693810135126114
0.598613440990448 0.3036308288574219 -0.1248030737042427
0.45919984579086304 0.5164687633514404 -0.048097699880599976
0.49455010890960693 0.44075921177864075 -0.07842610031366348
0.5176528096199036 0.39551717042922974 -0.09595567733049393
0.5443556904792786 0.35129112005233765 -0.10898290574550629
