Alex_image_spock_68.jpg
0.3416704535484314 0.852760910987854 3.802025219101779e-07
0.2855762243270874 0.8309736847877502 0.005467156879603863
0.2430983930826187 0.8144211769104004 -0.004748296458274126
0.20553264021873474 0.7901116609573364 -0.01665150560438633
0.17179827392101288 0.7797679901123047 -0.030026502907276154
0.2889132797718048 0.6904121041297913 -0.01602787896990776
0.2774912416934967 0.6046786904335022 -0.020189868286252022
0.27662479877471924 0.5574243664741516 -0.020522553473711014
0.2734033167362213 0.5147284269332886 -0.021269993856549263
0.32238543033599854 0.6762485504150391 -0.022152191027998924
0.30810546875 0.5926468372344971 -0.03378046303987503
0.2959810495376587 0.5465123653411865 -0.03983239829540253
0.29058849811553955 0.5110699534416199 -0.043936651200056076
0.360713928937912 0.6818569898605347 -0.025190887972712517
0.3837323784828186 0.6058628559112549 -0.03319897502660751
0.40031349658966064 0.5577201843261719 -0.03572160750627518
0.41073423624038696 0.5169868469238281 -0.03677407279610634
0.3944266736507416 0.7017711997032166 -0.025904901325702667
0.40961092710494995 0.6320028305053711 -0.027925755828619003
0.4166123569011688 0.5970040559768677 -0.022376451641321182
0.42092764377593994 0.5593214631080627 -0.01779654435813427
