Alex_image_three_50.jpg
0.41143524646759033 0.6040446758270264 1.3334674520137924e-07
0.46855810284614563 0.5789658427238464 -0.012264331802725792
0.5120622515678406 0.540574312210083 -0.011235956102609634
0.5512360334396362 0.5142285227775574 -0.012673483230173588
0.5816881656646729 0.510657012462616 -0.01399599201977253
0.47450119256973267 0.4610345959663391 0.013885246589779854
0.4924372434616089 0.4053323268890381 0.01104531530290842
0.4995019733905792 0.3746165633201599 0.005684305913746357
0.5035803914070129 0.34524211287498474 0.00045968807535246015
0.4401824176311493 0.4565401077270508 0.011485397815704346
0.43450629711151123 0.3935396373271942 0.00020917099027428776
0.43396687507629395 0.35400596261024475 -0.013487469404935837
0.4309973418712616 0.3194408118724823 -0.022657964378595352
0.41042792797088623 0.4699174165725708 0.006420389283448458
0.405176043510437 0.4380423426628113 -0.014847345650196075
0.41656020283699036 0.48226597905158997 -0.024115700274705887
0.425372838973999 0.5174187421798706 -0.02487955428659916
0.38281989097595215 0.48805201053619385 0.0004133695620112121
0.3816431164741516 0.4655846655368805 -0.016559256240725517
0.39241260290145874 0.49482008814811707 -0.0195597093552351
0.4041469395160675 0.5238518714904785 -0.018457069993019104
