Alex_image_three_34.jpg
0.43236929178237915 0.7177044153213501 6.137934178696014e-07
0.48008593916893005 0.6968566179275513 0.009056728333234787
0.5068928599357605 0.655763566493988 0.001033014734275639
0.5231032371520996 0.6247137784957886 -0.015273112803697586
0.533000648021698 0.6023709177970886 -0.028799336403608322
0.49810072779655457 0.5624539256095886 0.0021223125513643026
0.5358750820159912 0.5045537352561951 -0.020689373835921288
0.5607706904411316 0.4662460684776306 -0.0335642471909523
0.5812118649482727 0.43167829513549805 -0.04177575185894966
0.4866243004798889 0.5577161312103271 -0.019755758345127106
0.5469195246696472 0.5110731720924377 -0.05770188570022583
0.5884404182434082 0.47974368929862976 -0.07767830789089203
0.6205461025238037 0.4516139030456543 -0.08564689010381699
0.47656556963920593 0.5726481080055237 -0.0413527674973011
0.5398080945014954 0.616333544254303 -0.0746578723192215
0.520958423614502 0.659266471862793 -0.07016706466674805
0.5012969970703125 0.6669760346412659 -0.05760416015982628
0.47217726707458496 0.6009637117385864 -0.06308984011411667
0.5231814384460449 0.648396909236908 -0.07914205640554428
0.5080991983413696 0.6800599098205566 -0.0700995996594429
0.4891778826713562 0.6780487895011902 -0.05874481424689293
