Alex_image_five_48.jpg
0.38736391067504883 0.7266390919685364 7.130144581424247e-07
0.4394915699958801 0.7444150447845459 -0.03440629690885544
0.5011377930641174 0.7594972252845764 -0.054417941719293594
0.5515651106834412 0.7785924673080444 -0.07258553057909012
0.5901592969894409 0.8046733736991882 -0.0900721326470375
0.5277636647224426 0.6265427470207214 -0.021713705733418465
0.5842953324317932 0.5934562683105469 -0.039246246218681335
0.6159552335739136 0.5718215107917786 -0.05544184520840645
0.6426742076873779 0.5506065487861633 -0.06709903478622437
0.5041490197181702 0.5839670300483704 -0.01812959834933281
0.5567301511764526 0.5338078737258911 -0.0303437951952219
0.5888210535049438 0.5056332349777222 -0.041397977620363235
0.6159060001373291 0.48316824436187744 -0.049874600023031235
0.4711475074291229 0.5583182573318481 -0.019692007452249527
0.5034209489822388 0.4922264516353607 -0.03327810391783714
0.5250561237335205 0.4520725905895233 -0.04418208450078964
0.5466461777687073 0.41931068897247314 -0.05140211060643196
0.42952093482017517 0.5473839044570923 -0.025026559829711914
0.436617910861969 0.4914863407611847 -0.03659467771649361
0.44290831685066223 0.4554396867752075 -0.04151822626590729
0.4538114666938782 0.421294629573822 -0.044384147971868515
