Alex_image_three_46.jpg
0.37346604466438293 0.7004661560058594 7.122027341210924e-07
0.434128075838089 0.7156611084938049 -0.02525949478149414
0.4947982132434845 0.7080550193786621 -0.036559369415044785
0.5400176048278809 0.7163201570510864 -0.048464011400938034
0.5698782801628113 0.7346452474594116 -0.05932971090078354
0.498224139213562 0.5793745517730713 -0.013666206039488316
0.5466709136962891 0.5330212712287903 -0.02964884601533413
0.5738639831542969 0.4994843006134033 -0.03961411118507385
0.5973666906356812 0.4693495035171509 -0.04541157931089401
0.4669574499130249 0.5519452691078186 -0.015756407752633095
0.49352559447288513 0.47719770669937134 -0.04275134578347206
0.5110127329826355 0.4261450171470642 -0.06110188364982605
0.5258294939994812 0.38286691904067993 -0.06891131401062012
0.4296567142009735 0.5445000529289246 -0.019951898604631424
0.4395962357521057 0.532214879989624 -0.059646908193826675
0.4274710714817047 0.5931986570358276 -0.06634215265512466
0.41775980591773987 0.6310703158378601 -0.05725840851664543
0.3914760649204254 0.5463821291923523 -0.02557099051773548
0.4035484194755554 0.5357396602630615 -0.05444103106856346
0.4000362753868103 0.5834168195724487 -0.052303481847047806
0.3951217532157898 0.6120730042457581 -0.04187177121639252
