Alex_image_five_66.jpg
0.6374760866165161 0.7217934131622314 8.79650059459891e-08
0.5782240033149719 0.7259981036186218 -0.012728380970656872
0.525933027267456 0.7055842876434326 -0.01410562265664339
0.484584778547287 0.6898328065872192 -0.015869494527578354
0.4542240500450134 0.6904934644699097 -0.016896232962608337
0.5426314473152161 0.6014809012413025 0.01122405007481575
0.5043859481811523 0.5574517250061035 0.008177126757800579
0.48421671986579895 0.5297569632530212 0.0014124057488515973
0.4688935875892639 0.5040662884712219 -0.004423820413649082
0.5685660243034363 0.5793781280517578 0.010729070752859116
0.5346779227256775 0.5242282152175903 0.01491755060851574
0.5150942802429199 0.49357813596725464 0.013163387775421143
0.4998484253883362 0.46931445598602295 0.010068666189908981
0.6015574932098389 0.5692909359931946 0.006073962431401014
0.5794022679328918 0.513589084148407 0.00693211006000638
0.5650354027748108 0.4801681339740753 0.0059557328931987286
0.5539385676383972 0.4531904458999634 0.0038767403457313776
0.6389524340629578 0.5708690881729126 -0.0011622103629633784
0.6370262503623962 0.526319146156311 -0.0001553158654132858
0.6328912973403931 0.4981529116630554 0.0021937829442322254
0.6299742460250854 0.4719961881637573 0.0029008756391704082
