Alex_image_three_65.jpg
0.6029483675956726 0.880940854549408 8.458142986000894e-08
0.543487548828125 0.8545794486999512 -0.00885947234928608
0.5063027739524841 0.788256049156189 -0.011864104308187962
0.49161678552627563 0.7388824820518494 -0.0192251093685627
0.48159265518188477 0.7087406516075134 -0.025082023814320564
0.5382564067840576 0.698077917098999 0.00117492803838104
0.49985477328300476 0.6331413984298706 -0.019264768809080124
0.4792349934577942 0.593135416507721 -0.031680356711149216
0.463336318731308 0.5586147308349609 -0.0390995554625988
0.5715553760528564 0.6847108602523804 -0.009608509950339794
0.5329422354698181 0.6135711669921875 -0.0391492135822773
0.5097932815551758 0.563683032989502 -0.05862002074718475
0.4933227300643921 0.5206528902053833 -0.06672600656747818
0.6028480529785156 0.6904456615447998 -0.022633181884884834
0.5514323115348816 0.7027066349983215 -0.05535104125738144
0.5518226623535156 0.7628860473632812 -0.05706276744604111
0.5623764395713806 0.7945631742477417 -0.04783179983496666
0.6273422837257385 0.7108839154243469 -0.03724772110581398
0.5769599676132202 0.7320981025695801 -0.05756580829620361
0.5756264925003052 0.778895914554596 -0.05395222082734108
0.5865969657897949 0.8029422163963318 -0.04509681835770607
