Alex_image_five_22.jpg
0.4388275742530823 0.8672332167625427 4.6300550593514345e-07
0.3948356807231903 0.8181900382041931 -0.01344787236303091
0.3584579527378082 0.775745153427124 -0.03425321355462074
0.31911584734916687 0.7499908804893494 -0.054480358958244324
0.27744925022125244 0.7438397407531738 -0.07752247154712677
0.42318329215049744 0.6881405115127563 -0.044711656868457794
0.4097059965133667 0.5948249697685242 -0.06370171904563904
0.4031384587287903 0.5382331013679504 -0.0749645084142685
0.40037408471107483 0.4938798248767853 -0.08330508321523666
0.4579935371875763 0.6902342438697815 -0.05121181905269623
0.4568687081336975 0.5879743099212646 -0.06719387322664261
0.45579925179481506 0.524700403213501 -0.07979332655668259
0.45723870396614075 0.4774859845638275 -0.09072192013263702
0.4907553791999817 0.7130228877067566 -0.0573757030069828
0.5065211653709412 0.6262073516845703 -0.07497957348823547
0.5155236124992371 0.5653398633003235 -0.093962162733078
0.5223779082298279 0.5188269019126892 -0.10888217389583588
0.5213921666145325 0.749411940574646 -0.06325146555900574
0.5650335550308228 0.7110315561294556 -0.0809570774435997
0.5914463996887207 0.6823810338973999 -0.09350675344467163
0.6123971939086914 0.6557577848434448 -0.10300610959529877
