Alex_image_spock_84.jpg
0.4291437864303589 0.6748568415641785 4.5260566139404546e-07
0.46617862582206726 0.6697501540184021 -0.0198136605322361
0.4942251741886139 0.6316116452217102 -0.02305617369711399
0.5033707022666931 0.5895323157310486 -0.023109668865799904
0.5142849087715149 0.5560741424560547 -0.021728811785578728
0.4789547920227051 0.5638051629066467 -0.008624092675745487
0.49331575632095337 0.5159568190574646 -0.011688198894262314
0.4998379349708557 0.48525774478912354 -0.013790284283459187
0.5040835738182068 0.4584331214427948 -0.016440007835626602
0.454830527305603 0.5491522550582886 -0.0047028083354234695
0.47192755341529846 0.500310480594635 -0.010291295126080513
0.48271265625953674 0.46884194016456604 -0.017591293901205063
0.49193400144577026 0.44109129905700684 -0.022563576698303223
0.43063032627105713 0.5499042272567749 -0.0032544813584536314
0.42373013496398926 0.4977797865867615 -0.014138813130557537
0.41775742173194885 0.46809715032577515 -0.023742465302348137
0.41575080156326294 0.44183608889579773 -0.028984904289245605
0.4056888818740845 0.5633243322372437 -0.0031520426273345947
0.402058482170105 0.5203460454940796 -0.015010146424174309
0.3993685245513916 0.49706578254699707 -0.02278222143650055
0.399371474981308 0.4719664454460144 -0.027377896010875702
0.4174558222293854 0.7004678249359131 4.563373181554198e-07
0.4658677279949188 0.6771280765533447 -0.010303120128810406
0.49424660205841064 0.6336579918861389 -0.005814711097627878
0.5056168437004089 0.5885490775108337 -0.0011671071406453848
0.5192580223083496 0.5550291538238525 0.00489732576534152
0.47877657413482666 0.5649162530899048 0.01943168044090271
0.4927675724029541 0.5147616863250732 0.02703849785029888
0.4984799027442932 0.4843643009662628 0.029938841238617897
0.5016332268714905 0.4568381905555725 0.029789434745907784
0.45454373955726624 0.5529708862304688 0.020470039919018745
0.4710979163646698 0.49917489290237427 0.025075076147913933
0.484607994556427 0.4683132767677307 0.022008424624800682
0.49461716413497925 0.44468289613723755 0.018753502517938614
0.4299224317073822 0.5552207231521606 0.017780726775527
0.4185698330402374 0.4998316764831543 0.013243051245808601
0.41320478916168213 0.4664689302444458 0.002310722367838025
0.4109128415584564 0.43799126148223877 -0.005442207679152489
0.40438148379325867 0.5643512010574341 0.013921095058321953
0.39989960193634033 0.5179717540740967 0.006736841052770615
0.3996492028236389 0.49065297842025757 -0.0020169257186353207
0.40476810932159424 0.46322470903396606 -0.009127612225711346
