Alex_image_spock_46.jpg
0.431537002325058 0.5966384410858154 7.026213779681711e-07
0.47988152503967285 0.6044247150421143 -0.02183351293206215
0.5248125195503235 0.5946398973464966 -0.030041899532079697
0.5643186569213867 0.5921899676322937 -0.03633660450577736
0.5959839224815369 0.5990474820137024 -0.04171757027506828
0.5163207054138184 0.4990317225456238 0.001488619134761393
0.5469323396682739 0.46230247616767883 0.003051245119422674
0.5640859007835388 0.43998050689697266 0.0011806488037109375
0.5781348347663879 0.4203763008117676 -0.001931895618326962
0.49440816044807434 0.4796580672264099 0.0054858410730957985
0.5234317779541016 0.43943536281585693 0.007324043195694685
0.5452306270599365 0.41659605503082275 0.0021998295560479164
0.5642046332359314 0.3976671099662781 -0.0021676684264093637
0.4676084518432617 0.47174766659736633 0.006022225599735975
0.47502854466438293 0.42091086506843567 0.0030544933397322893
0.48009827733039856 0.39279109239578247 -0.00408293679356575
0.48731374740600586 0.37027454376220703 -0.008837957866489887
0.4382804036140442 0.47596368193626404 0.004087843466550112
0.44819942116737366 0.4374645948410034 0.0009923733305186033
0.4549548327922821 0.41662541031837463 -0.001957883592694998
0.4641396105289459 0.39674997329711914 -0.004294847138226032
