Alex_image_five_88.jpg
0.5400822758674622 0.6534346342086792 4.894714606962225e-07
0.46105945110321045 0.670822262763977 -0.007187484763562679
0.4053828716278076 0.6827464699745178 0.005439846310764551
0.364971399307251 0.7054897546768188 0.016985200345516205
0.32622045278549194 0.7219436764717102 0.03162795305252075
0.4038126468658447 0.5957174897193909 0.06869956851005554
0.354218453168869 0.5813267230987549 0.10172533988952637
0.32808807492256165 0.5714261531829834 0.12181650847196579
0.30672532320022583 0.5647951364517212 0.1364574432373047
0.42784279584884644 0.5643772482872009 0.08331163972616196
0.37809526920318604 0.5449573397636414 0.12774057686328888
0.3541851043701172 0.5339758396148682 0.15554800629615784
0.33713871240615845 0.532417356967926 0.1769436001777649
0.46041953563690186 0.5402451753616333 0.09171826392412186
0.4259921908378601 0.5205696821212769 0.13134951889514923
0.40896546840667725 0.5025293231010437 0.15788038074970245
0.3936147093772888 0.4935420751571655 0.1769842803478241
0.49136194586753845 0.528085470199585 0.0960121601819992
0.4736769199371338 0.5042787194252014 0.12972992658615112
0.46606719493865967 0.5011305809020996 0.15343721210956573
0.46410295367240906 0.5008834004402161 0.17266009747982025
