Alex_image_one_94.jpg
0.3694878816604614 0.5784432291984558 -2.4851692614902277e-07
0.3207291066646576 0.56589275598526 -0.006276566069573164
0.2801872491836548 0.5519670248031616 -0.018955664709210396
0.24179664254188538 0.5505346059799194 -0.03085375763475895
0.20946171879768372 0.5642044544219971 -0.043000709265470505
0.32277631759643555 0.43702101707458496 -0.02288029156625271
0.3183872699737549 0.4602476954460144 -0.018450098112225533
0.3260340094566345 0.48202118277549744 -0.015098083764314651
0.33151596784591675 0.4973643124103546 -0.015409320592880249
0.3614966571331024 0.4305700957775116 -0.024778040125966072
0.35579225420951843 0.4625987112522125 -0.013434998691082
0.35731470584869385 0.4859788417816162 -0.010558526031672955
0.3607303500175476 0.5030193328857422 -0.015183734707534313
0.3943649232387543 0.4464626610279083 -0.024119574576616287
0.38361018896102905 0.4810428023338318 -0.011504441499710083
0.38195037841796875 0.49931657314300537 -0.007395924534648657
0.3820272386074066 0.5111368894577026 -0.011936983093619347
0.42000365257263184 0.46936047077178955 -0.024555504322052002
0.41517341136932373 0.4967513680458069 -0.016099480912089348
0.4096754193305969 0.514936089515686 -0.009310510940849781
0.40476858615875244 0.5274448394775391 -0.0076970988884568214
