Alex_image_three_81.jpg
0.6663471460342407 0.601988673210144 -4.161287279202952e-07
0.5908467769622803 0.5535535216331482 0.025241967290639877
0.5227940082550049 0.5192996263504028 0.011483777314424515
0.47768205404281616 0.47743529081344604 -0.009487253613770008
0.4538343548774719 0.4147491455078125 -0.036706309765577316
0.4643438458442688 0.5292182564735413 -0.06061173975467682
0.3663738965988159 0.5504515767097473 -0.08492860198020935
0.3123760521411896 0.5581425428390503 -0.1002565324306488
0.2609855830669403 0.5666582584381104 -0.11670146137475967
0.4919775724411011 0.5533919334411621 -0.08699379861354828
0.424108624458313 0.6984509825706482 -0.1166439801454544
0.3953927159309387 0.7839679718017578 -0.12271292507648468
0.3689064383506775 0.8466400504112244 -0.13411301374435425
0.5324484705924988 0.5951506495475769 -0.10545969009399414
0.49311646819114685 0.7291176319122314 -0.10675103217363358
0.5265696048736572 0.7093321681022644 -0.07911110669374466
0.5491153001785278 0.6684694886207581 -0.07110557705163956
0.5697848200798035 0.6365395188331604 -0.12340144068002701
0.5403491854667664 0.7418025135993958 -0.12404187768697739
0.5621604919433594 0.7246448397636414 -0.10602045804262161
0.5744463801383972 0.6814747452735901 -0.09744824469089508
