Alex_image_five_37.jpg
0.4205479025840759 0.8966302871704102 -1.808691081350844e-07
0.36625176668167114 0.9093753099441528 0.01717665046453476
0.3363091051578522 0.8930791616439819 0.025814246386289597
0.3282627761363983 0.8698537349700928 0.031882937997579575
0.3346202075481415 0.8518245220184326 0.03575414419174194
0.319383442401886 0.8283442258834839 0.005809841211885214
0.2765864133834839 0.7930991053581238 0.00781649723649025
0.25005412101745605 0.7749500274658203 0.012424729764461517
0.23161865770816803 0.7599570751190186 0.014753694646060467
0.3435312509536743 0.7899798154830933 -0.0034038221929222345
0.29126328229904175 0.7415152192115784 -0.005724666640162468
0.2637779712677002 0.7190964221954346 -0.00808932725340128
0.24683432281017303 0.6996813416481018 -0.010150851681828499
0.3774811029434204 0.7685472965240479 -0.010161319747567177
0.35145920515060425 0.7041091918945312 -0.022162554785609245
0.3332628607749939 0.6638606190681458 -0.03417352959513664
0.3224346935749054 0.6333214640617371 -0.04097691923379898
0.4177379310131073 0.7633543014526367 -0.013203145936131477
0.42922353744506836 0.7196205854415894 -0.022971468046307564
0.4370277225971222 0.6915832161903381 -0.027731353417038918
0.4439668357372284 0.6691651940345764 -0.029882054775953293
