Alex_image_one_42.jpg
0.4937310814857483 0.7545430660247803 -2.5156381866509037e-07
0.6023896932601929 0.660312294960022 -0.004307713359594345
0.686440646648407 0.5840333700180054 -0.027018971741199493
0.7711595296859741 0.5314299464225769 -0.05241778865456581
0.842972457408905 0.5081523060798645 -0.07971682399511337
0.5793931484222412 0.3890199065208435 -0.031829092651605606
0.5491306781768799 0.3389221727848053 -0.0447261817753315
0.5454958081245422 0.3964845538139343 -0.06012161076068878
0.5548382997512817 0.45217564702033997 -0.06976519525051117
0.494682639837265 0.39272671937942505 -0.037950679659843445
0.47988083958625793 0.36204034090042114 -0.0299768578261137
0.48405635356903076 0.4149262607097626 -0.03326553478837013
0.49616608023643494 0.4685956835746765 -0.042418044060468674
0.4210350513458252 0.4261065721511841 -0.04066658020019531
0.42039912939071655 0.40130528807640076 -0.025581087917089462
0.42869478464126587 0.44630974531173706 -0.019751008599996567
0.4401555061340332 0.5008268356323242 -0.023088153451681137
0.35939258337020874 0.46875905990600586 -0.04474436864256859
0.36105042695999146 0.4594784080982208 -0.02953467145562172
0.37524256110191345 0.5039322972297668 -0.013036806136369705
0.3891533613204956 0.5472468733787537 -0.0017069941386580467
