Alex_image_five_36.jpg
0.4117945730686188 0.8539462089538574 -6.370227367824555e-08
0.36043041944503784 0.8412164449691772 0.004416963085532188
0.32315850257873535 0.8285551071166992 -0.0007252439972944558
0.29931777715682983 0.815807044506073 -0.007339163217693567
0.2872503995895386 0.8114397525787354 -0.015460566617548466
0.32587963342666626 0.7330866456031799 -0.019648034125566483
0.2855721116065979 0.670282781124115 -0.028230302035808563
0.26186972856521606 0.6329442262649536 -0.030534448102116585
0.24554559588432312 0.6037915349006653 -0.032194484025239944
0.3589942455291748 0.7056890726089478 -0.026474833488464355
0.3241971731185913 0.6232389211654663 -0.039109814912080765
0.304119348526001 0.5800442695617676 -0.04471518099308014
0.29187631607055664 0.5505374073982239 -0.048730526119470596
0.39703670144081116 0.6998308897018433 -0.03068631701171398
0.39258289337158203 0.6204730868339539 -0.04256749525666237
0.38880905508995056 0.576198399066925 -0.048825543373823166
0.3843138813972473 0.5473392009735107 -0.052473779767751694
0.4332178235054016 0.7132357358932495 -0.03317265957593918
0.4523666799068451 0.6701171398162842 -0.039391279220581055
0.4624200463294983 0.644507884979248 -0.0393306165933609
0.46760573983192444 0.6269423365592957 -0.038328588008880615
