Alex_image_one_66.jpg
0.4016893804073334 0.5876473188400269 -1.5436911837696243e-07
0.4398004412651062 0.5622193217277527 -0.008882238529622555
0.456586629152298 0.5183176398277283 -0.014796414412558079
0.45826786756515503 0.48687127232551575 -0.020308658480644226
0.45915213227272034 0.4697057008743286 -0.023253515362739563
0.42847609519958496 0.44790393114089966 -0.010830797255039215
0.46405693888664246 0.466055691242218 -0.02597043476998806
0.45753854513168335 0.5021870136260986 -0.03261810913681984
0.44384580850601196 0.5086201429367065 -0.036738090217113495
0.40615445375442505 0.4491744935512543 -0.01458162534981966
0.4470849633216858 0.47911641001701355 -0.029747851192951202
0.4413810670375824 0.5182225108146667 -0.031891826540231705
0.42794737219810486 0.518637478351593 -0.03191719576716423
0.38671737909317017 0.465996652841568 -0.019971828907728195
0.4252859950065613 0.49156832695007324 -0.03558625280857086
0.4237469434738159 0.5276647210121155 -0.03157046064734459
0.4118197560310364 0.5281503200531006 -0.026994166895747185
0.37083277106285095 0.49055299162864685 -0.0261444803327322
0.4027429223060608 0.5091027021408081 -0.0364486388862133
0.40639322996139526 0.5329440832138062 -0.03286401927471161
0.3986527621746063 0.5328457951545715 -0.028360828757286072
0.386923223733902 0.6031053066253662 -3.40015503752511e-07
0.4369194805622101 0.5645689964294434 -0.010488380677998066
0.4596479535102844 0.5165690183639526 -0.01864204928278923
0.461734801530838 0.48648694157600403 -0.027269605547189713
0.4591921865940094 0.46872732043266296 -0.03314119204878807
0.4255877137184143 0.44441932439804077 -0.013825086876749992
0.46194538474082947 0.4645538032054901 -0.03160376101732254
0.4554027318954468 0.4998008608818054 -0.04032110795378685
0.4431242346763611 0.5009448528289795 -0.047163818031549454
0.4006054401397705 0.4478892385959625 -0.018507828935980797
0.4463847279548645 0.4765651822090149 -0.03722822293639183
0.4406907558441162 0.5145471692085266 -0.04052092507481575
0.4283656179904938 0.513996958732605 -0.04201018437743187
0.3812448978424072 0.46585509181022644 -0.0252709798514843
0.424625962972641 0.49471035599708557 -0.041669487953186035
0.42300015687942505 0.526964008808136 -0.03899883106350899
0.410672128200531 0.5249290466308594 -0.036677174270153046
0.3676202893257141 0.4890685975551605 -0.03376224637031555
0.4035194218158722 0.5157683491706848 -0.044775497168302536
0.40647897124290466 0.5378074645996094 -0.044772371649742126
0.3964265286922455 0.5341157913208008 -0.04412290081381798
