Alex_image_spock_78.jpg
0.41100096702575684 0.7390793561935425 5.594499725702917e-07
0.46543020009994507 0.7603190541267395 -0.03017595410346985
0.5209019184112549 0.7467676401138306 -0.03714647889137268
0.5608638525009155 0.7047052979469299 -0.04025149717926979
0.5969619154930115 0.6751646995544434 -0.04141565412282944
0.5515543222427368 0.6496101021766663 -0.011367689818143845
0.6017929911613464 0.6093887090682983 -0.02059912122786045
0.6288822889328003 0.5816497206687927 -0.028925567865371704
0.6541880965232849 0.5546126365661621 -0.03611716255545616
0.5325425267219543 0.6078658103942871 -0.005758354440331459
0.584818959236145 0.5644708275794983 -0.0165330208837986
0.6187735795974731 0.5387278199195862 -0.029308998957276344
0.6502883434295654 0.5157803893089294 -0.03862733393907547
0.5023744702339172 0.5842013359069824 -0.004412235226482153
0.5256821513175964 0.5155781507492065 -0.020988430827856064
0.542664647102356 0.47116079926490784 -0.036812856793403625
0.560656726360321 0.4359760284423828 -0.04683615639805794
0.4652911424636841 0.5734567642211914 -0.005553415045142174
0.4849151372909546 0.5204066038131714 -0.02274164743721485
0.4989590346813202 0.48950350284576416 -0.03448457643389702
0.5180882215499878 0.46163052320480347 -0.04225203022360802
