Alex_image_two_6.jpg
0.6581548452377319 0.5592866539955139 9.925205546323923e-08
0.6183342337608337 0.5757825970649719 -0.026662535965442657
0.5617170929908752 0.5705844759941101 -0.037864767014980316
0.5176841020584106 0.564304530620575 -0.047203417867422104
0.48442763090133667 0.5683569312095642 -0.05486718937754631
0.5517430901527405 0.5074576735496521 -0.019162338227033615
0.5198568105697632 0.46457067131996155 -0.04225955531001091
0.5005190968513489 0.4338597059249878 -0.055044516921043396
0.4834446609020233 0.4058113694190979 -0.06288133561611176
0.5753456354141235 0.48439860343933105 -0.01746443845331669
0.5740434527397156 0.43956032395362854 -0.04902525246143341
0.5991552472114563 0.48488032817840576 -0.05214131996035576
0.6025098562240601 0.5103628635406494 -0.045856840908527374
0.6035487651824951 0.4682891368865967 -0.01987849362194538
0.6039206385612488 0.42942115664482117 -0.054044414311647415
0.6244046092033386 0.4765087068080902 -0.045713357627391815
0.6247739791870117 0.5028687119483948 -0.030794234946370125
0.6323779225349426 0.4615681767463684 -0.02413569577038288
0.6333483457565308 0.42920613288879395 -0.047514528036117554
0.6435116529464722 0.4648550748825073 -0.03986217826604843
0.6418058276176453 0.49149104952812195 -0.028069406747817993
