Alex_image_two_61.jpg
0.3990105986595154 0.5488603115081787 2.471106199664064e-07
0.43076205253601074 0.5710961222648621 -0.033709462732076645
0.47146403789520264 0.5761289596557617 -0.05311247333884239
0.5083810687065125 0.5820097923278809 -0.0694877877831459
0.5379123091697693 0.5967658758163452 -0.08599516749382019
0.48213061690330505 0.501986026763916 -0.030654512345790863
0.5129348039627075 0.4666855037212372 -0.04811328649520874
0.5326881408691406 0.44025561213493347 -0.055887751281261444
0.5474501252174377 0.4181631803512573 -0.061812255531549454
0.45848602056503296 0.4828575849533081 -0.023869439959526062
0.45239001512527466 0.44878482818603516 -0.050492290407419205
0.43274760246276855 0.49009373784065247 -0.052069585770368576
0.4323728084564209 0.5169522166252136 -0.047040924429893494
0.4332670271396637 0.47198325395584106 -0.021122394129633904
0.42613986134529114 0.4433451294898987 -0.048584435135126114
0.41426122188568115 0.4857441484928131 -0.04239007458090782
0.4173871576786041 0.5108215808868408 -0.031877655535936356
0.40939944982528687 0.4693569839000702 -0.02122030220925808
0.4036270081996918 0.4445120096206665 -0.04200208559632301
0.3966563940048218 0.4762924015522003 -0.039894357323646545
0.4000084102153778 0.4997836649417877 -0.03368436172604561
0.38470548391342163 0.5792161822319031 2.988564418160422e-08
0.4257732033729553 0.5740228295326233 -0.020004738122224808
0.4642699360847473 0.5791803598403931 -0.03039640374481678
0.5065444111824036 0.5804887413978577 -0.03923574462532997
0.5364155769348145 0.5919694304466248 -0.04641006886959076
0.48153620958328247 0.5049881339073181 -0.012363738380372524
0.5157973170280457 0.4671570658683777 -0.032152410596609116
0.533785343170166 0.44038790464401245 -0.044870760291814804
0.5505301356315613 0.41723647713661194 -0.051883455365896225
0.4564715027809143 0.48636579513549805 -0.008067140355706215
0.4513009786605835 0.4487024247646332 -0.02811064012348652
0.43400296568870544 0.4933296740055084 -0.029617976397275925
0.43761929869651794 0.5197504162788391 -0.02537737786769867
0.4314369559288025 0.47553810477256775 -0.0072929831221699715
0.4251271188259125 0.4444655776023865 -0.027389412745833397
0.41317713260650635 0.4885924160480499 -0.021845094859600067
0.41899818181991577 0.513052225112915 -0.01158512569963932
0.40779170393943787 0.4763464629650116 -0.008354091085493565
0.40396082401275635 0.44837701320648193 -0.018073705956339836
0.39929839968681335 0.4791175425052643 -0.009716383181512356
0.4035255014896393 0.5043933987617493 0.0006299368105828762
