Alex_image_two_82.jpg
0.419376403093338 0.6705849766731262 2.0110230991576827e-07
0.49559956789016724 0.6324365735054016 -0.05054900795221329
0.5611045360565186 0.5782892107963562 -0.07171880453824997
0.6287932991981506 0.5478223562240601 -0.08700955659151077
0.68159419298172 0.543560802936554 -0.09871610254049301
0.5027291774749756 0.42777717113494873 -0.039986032992601395
0.5127962231636047 0.3203238248825073 -0.07181278616189957
0.5178775787353516 0.25253432989120483 -0.08979947865009308
0.5146275758743286 0.19231286644935608 -0.10129527747631073
0.4530755579471588 0.4404337704181671 -0.030220137909054756
0.44561633467674255 0.3978598117828369 -0.07112914323806763
0.45633798837661743 0.4952149987220764 -0.07109875231981277
0.46419286727905273 0.5331000685691833 -0.06124787777662277
0.405369371175766 0.46096107363700867 -0.028121646493673325
0.3957424759864807 0.4180755317211151 -0.0730818584561348
0.4158417582511902 0.5092917680740356 -0.0593641959130764
0.4266674220561981 0.5376124382019043 -0.038194332271814346
0.3614504635334015 0.488635390996933 -0.03083426132798195
0.35142022371292114 0.45170485973358154 -0.06026981398463249
0.37442171573638916 0.5090243816375732 -0.04917558655142784
0.38611266016960144 0.5349619388580322 -0.0334455668926239
