Alex_image_four_5.jpg
0.3400871455669403 0.6978431940078735 6.593286911993346e-07
0.39091455936431885 0.7024750709533691 -0.03137442097067833
0.43936386704444885 0.686130940914154 -0.04105496034026146
0.48774486780166626 0.669032633304596 -0.046104222536087036
0.5281359553337097 0.6707746982574463 -0.051079947501420975
0.449802041053772 0.5961933135986328 -0.015570064075291157
0.48926782608032227 0.5418063402175903 -0.020714309066534042
0.5118454098701477 0.5065134167671204 -0.026216156780719757
0.5318037867546082 0.4760640859603882 -0.03156331554055214
0.42368513345718384 0.5730007886886597 -0.008237889967858791
0.4531136453151703 0.5069942474365234 -0.011292514391243458
0.473238080739975 0.46775078773498535 -0.020765455439686775
0.4909702241420746 0.4367256760597229 -0.027999548241496086
0.391158789396286 0.5679224729537964 -0.004286167211830616
0.3998646140098572 0.49929988384246826 -0.020526159554719925
0.4080161452293396 0.45377492904663086 -0.0411972813308239
0.41587135195732117 0.41951876878738403 -0.05498011037707329
0.35958582162857056 0.5791501998901367 -0.001842691795900464
0.3544248938560486 0.5548297166824341 -0.02225552499294281
0.3509898781776428 0.5779892802238464 -0.033091772347688675
0.3492102324962616 0.6047121286392212 -0.03913392499089241
0.35043275356292725 0.6787679195404053 4.1295280084341357e-07
0.403136670589447 0.685734212398529 -0.025415146723389626
0.45035532116889954 0.6710128784179688 -0.034868303686380386
0.49957263469696045 0.6569517850875854 -0.040424883365631104
0.5350432395935059 0.6620000004768372 -0.0466950386762619
0.45872727036476135 0.5806172490119934 -0.02430659532546997
0.5011569857597351 0.523866593837738 -0.0328918881714344
0.520078718662262 0.49910226464271545 -0.038807462900877
0.5374742746353149 0.4728561043739319 -0.04484360292553902
0.43134260177612305 0.5596223473548889 -0.021372849121689796
0.46513375639915466 0.49185118079185486 -0.03474874049425125
0.4824923276901245 0.4607134759426117 -0.04658433794975281
0.4973510801792145 0.4355495572090149 -0.05514166131615639
0.39902812242507935 0.5591652393341064 -0.020187662914395332
0.40914589166641235 0.4970202147960663 -0.041490163654088974
0.41317272186279297 0.4543842673301697 -0.059768062084913254
0.4222947955131531 0.4177088737487793 -0.07173067331314087
0.3665953278541565 0.5738307237625122 -0.01972196064889431
0.36327987909317017 0.551902711391449 -0.03751334547996521
0.3548354506492615 0.5707891583442688 -0.04350414127111435
0.35174790024757385 0.5913107991218567 -0.04750286415219307
