Alex_image_two_81.jpg
0.42176854610443115 0.6400262713432312 2.196586166292036e-07
0.49281057715415955 0.6019029021263123 -0.04287716746330261
0.5507655739784241 0.5530133843421936 -0.06170254573225975
0.6117545366287231 0.5259639620780945 -0.07605735957622528
0.6610293984413147 0.5220144987106323 -0.08782383054494858
0.4957970976829529 0.4227335751056671 -0.03150814771652222
0.5060234069824219 0.32459551095962524 -0.05533229187130928
0.5090740919113159 0.2645460367202759 -0.06828799843788147
0.5073322057723999 0.20956368744373322 -0.07779274880886078
0.45059677958488464 0.42956477403640747 -0.025147313252091408
0.4422762095928192 0.3905951976776123 -0.058474354445934296
0.44944140315055847 0.4792686104774475 -0.05766976252198219
0.4565219283103943 0.5141541361808777 -0.04913748800754547
0.4068247377872467 0.448881059885025 -0.025198157876729965
0.39956557750701904 0.408422589302063 -0.06182079389691353
0.41588538885116577 0.4906940460205078 -0.04791076481342316
0.4234650135040283 0.5152252316474915 -0.028975658118724823
0.3659703731536865 0.4794794023036957 -0.029529286548495293
0.3605293333530426 0.43848752975463867 -0.05359736457467079
0.3813571333885193 0.4925108551979065 -0.041494354605674744
0.3893003463745117 0.5176519751548767 -0.02652505226433277
