Alex_image_spock_69.jpg
0.35717150568962097 0.7878086566925049 2.2780211850204068e-07
0.33217889070510864 0.7127705812454224 0.018039755523204803
0.3189990520477295 0.6619237065315247 0.013949500396847725
0.3024590015411377 0.6161114573478699 0.0060777622275054455
0.2786729335784912 0.5840858221054077 -0.0037151246797293425
0.3880418837070465 0.6007630825042725 -0.006397743243724108
0.4252903163433075 0.527557909488678 -0.01160933542996645
0.4499738812446594 0.48829224705696106 -0.013680944219231606
0.46977147459983826 0.45144784450531006 -0.015620917081832886
0.4162599444389343 0.6154581904411316 -0.019116094335913658
0.45310619473457336 0.5428217053413391 -0.028508853167295456
0.4668620228767395 0.49697113037109375 -0.03516416251659393
0.47779425978660583 0.4597599506378174 -0.0413450188934803
0.4437903165817261 0.6501078009605408 -0.028016164898872375
0.506397008895874 0.611943781375885 -0.03454340621829033
0.5461441278457642 0.5880907773971558 -0.03820332884788513
0.5739823579788208 0.5648910999298096 -0.0415310375392437
0.4625146985054016 0.6903202533721924 -0.03378589078783989
0.5104343295097351 0.6542841196060181 -0.034146495163440704
0.5360044240951538 0.6352252960205078 -0.029707137495279312
0.5578029751777649 0.6106464266777039 -0.027182837948203087
0.36198240518569946 0.7971096634864807 3.6246817103346984e-07
0.32084032893180847 0.7336550951004028 -0.003516628872603178
0.30249297618865967 0.6769833564758301 -0.008541061542928219
0.2897280752658844 0.617453932762146 -0.01399686187505722
0.2700916826725006 0.5833556652069092 -0.019481942057609558
0.3817345201969147 0.6030160188674927 -0.009735828265547752
0.4183904528617859 0.5293897986412048 -0.016533637419342995
0.441645085811615 0.48382633924484253 -0.02123982086777687
0.45778828859329224 0.45075029134750366 -0.02291199378669262
0.4134608805179596 0.6173733472824097 -0.009398858062922955
0.4560983180999756 0.5425756573677063 -0.013303332030773163
0.4761197566986084 0.5052239894866943 -0.014440085738897324
0.48925936222076416 0.48288920521736145 -0.014280802570283413
0.4387243688106537 0.6439233422279358 -0.008260783739387989
0.47274166345596313 0.6034854054450989 -0.012905504554510117
0.4846506714820862 0.597667932510376 -0.010972403921186924
0.4898631274700165 0.5973570942878723 -0.006590572185814381
0.4560222625732422 0.6740071177482605 -0.006600506138056517
0.47503435611724854 0.6424394845962524 -0.007636173628270626
0.4787416458129883 0.6410458087921143 -2.4875285816960968e-05
0.47887668013572693 0.6434637904167175 0.008293011225759983
