Alex_image_four_84.jpg
0.6023262739181519 0.6498141884803772 3.536345332122437e-07
0.5514790415763855 0.6017815470695496 -0.02395450510084629
0.5141169428825378 0.5229227542877197 -0.033671606332063675
0.48831114172935486 0.4687759578227997 -0.039595283567905426
0.45834648609161377 0.4362863004207611 -0.04712560027837753
0.5820338726043701 0.42362844944000244 -0.0314672477543354
0.5797279477119446 0.3381391167640686 -0.04414805397391319
0.5777536630630493 0.2879211902618408 -0.052113521844148636
0.5767235159873962 0.24197250604629517 -0.06024050712585449
0.6286584138870239 0.43397000432014465 -0.0370587520301342
0.6526321768760681 0.3406381905078888 -0.047375574707984924
0.6673070192337036 0.28451091051101685 -0.05941149219870567
0.6794542074203491 0.2369365096092224 -0.07007018476724625
0.6604840159416199 0.4734216332435608 -0.045174892991781235
0.7083200812339783 0.4285772442817688 -0.07202479988336563
0.740241527557373 0.3923259377479553 -0.09843236207962036
0.7655682563781738 0.3605986535549164 -0.11715289205312729
0.6809308528900146 0.526405930519104 -0.05326223373413086
0.6900346279144287 0.5255380272865295 -0.08821539580821991
0.673801600933075 0.5546190738677979 -0.10504195094108582
0.6605571508407593 0.5791912078857422 -0.11618157476186752
