Alex_image_spock_13.jpg
0.5196861028671265 0.6845222115516663 2.316233178589755e-07
0.4662557542324066 0.7098718285560608 -0.016759075224399567
0.416496604681015 0.697303056716919 -0.016673028469085693
0.3807560205459595 0.6673717498779297 -0.015684768557548523
0.3501459062099457 0.6585559844970703 -0.012793559581041336
0.3912206292152405 0.6316590309143066 0.01422642357647419
0.3439379930496216 0.6201825737953186 0.011620873585343361
0.3167703151702881 0.6118378639221191 0.006746720522642136
0.2943919003009796 0.6022655963897705 0.004154202528297901
0.40415143966674805 0.5981540083885193 0.018915174528956413
0.35247111320495605 0.5830565094947815 0.02394082024693489
0.32513925433158875 0.5727822184562683 0.024935787543654442
0.3020343780517578 0.5668816566467285 0.026476670056581497
0.4285341799259186 0.5711642503738403 0.018862523138523102
0.39853113889694214 0.5365041494369507 0.019768578931689262
0.3817223310470581 0.5163407325744629 0.022811202332377434
0.36732596158981323 0.5025240182876587 0.02670408971607685
0.45889437198638916 0.5495293140411377 0.016001174226403236
0.43509504199028015 0.5221877694129944 0.018077174201607704
0.42094674706459045 0.5144020915031433 0.024171926081180573
0.4070029854774475 0.5063597559928894 0.029894020408391953
