Alex_image_three_19.jpg
0.4505094885826111 0.7709594964981079 1.0432340786792338e-06
0.48903825879096985 0.8166983127593994 -0.06039833649992943
0.54230797290802 0.8522364497184753 -0.0968242883682251
0.5792617797851562 0.9007288217544556 -0.12844613194465637
0.5994097590446472 0.9547908902168274 -0.15961207449436188
0.5960077047348022 0.7340867519378662 -0.06451660394668579
0.6614094972610474 0.7111194729804993 -0.10295197367668152
0.7024697661399841 0.6956246495246887 -0.1262718290090561
0.7392998933792114 0.6837723851203918 -0.1396220326423645
0.5724449157714844 0.6760854721069336 -0.05374395474791527
0.6190863251686096 0.601626455783844 -0.09213133901357651
0.6464948654174805 0.5535100698471069 -0.1107703372836113
0.6718552708625793 0.5138773918151855 -0.11843089014291763
0.5358978509902954 0.6466286778450012 -0.04847466200590134
0.5244476199150085 0.6099807620048523 -0.09866698086261749
0.49980393052101135 0.6677416563034058 -0.1098267138004303
0.488921195268631 0.7145113945007324 -0.10218577831983566
0.4969809353351593 0.6332435607910156 -0.04738486930727959
0.48216620087623596 0.6119047999382019 -0.08656127005815506
0.4659929871559143 0.6576850414276123 -0.0896884948015213
0.4620490074157715 0.6977431178092957 -0.08180002123117447
