Alex_image_three_25.jpg
0.377062052488327 0.6776093244552612 6.175488920234784e-07
0.38577985763549805 0.7344749569892883 -0.05568433180451393
0.40882301330566406 0.78211510181427 -0.08459027856588364
0.41279086470603943 0.8362739682197571 -0.10822427272796631
0.4072251319885254 0.8966314792633057 -0.13147172331809998
0.49779367446899414 0.7449772357940674 -0.0589708611369133
0.5636941194534302 0.7679882645606995 -0.08894925564527512
0.6060125827789307 0.7793595790863037 -0.10501014441251755
0.6437215805053711 0.7844086289405823 -0.11478874832391739
0.5009832382202148 0.6936299204826355 -0.048534974455833435
0.564365029335022 0.6543973684310913 -0.08709091693162918
0.6039516925811768 0.6198527812957764 -0.10350899398326874
0.6386948823928833 0.5927079916000366 -0.10831456631422043
0.48717665672302246 0.6503614187240601 -0.0431211031973362
0.4966599941253662 0.6057997345924377 -0.09002064168453217
0.4532395005226135 0.6245196461677551 -0.0982903242111206
0.42693063616752625 0.6551084518432617 -0.0904751718044281
0.46667367219924927 0.620329737663269 -0.04177272692322731
0.4708540141582489 0.5778026580810547 -0.07610801607370377
0.43979331851005554 0.5980139374732971 -0.07909592241048813
0.4193878471851349 0.6324080228805542 -0.07291647046804428
