Alex_image_five_9.jpg
0.4569318890571594 0.5952281355857849 1.0028917358795297e-06
0.4707326889038086 0.6625207662582397 -0.0718536525964737
0.4875256419181824 0.713979184627533 -0.11840291321277618
0.493530809879303 0.7759103178977966 -0.15537266433238983
0.4911065101623535 0.8308298587799072 -0.19280216097831726
0.5941847562789917 0.6324721574783325 -0.09583032131195068
0.6659448742866516 0.6501045823097229 -0.1300891935825348
0.7154086828231812 0.6577228903770447 -0.15429872274398804
0.7562416791915894 0.6628108024597168 -0.17094635963439941
0.5994116067886353 0.5782794952392578 -0.07742547243833542
0.6764002442359924 0.5888457894325256 -0.10377486795186996
0.7278454899787903 0.5923731923103333 -0.12071376293897629
0.7675727009773254 0.5925870537757874 -0.133665531873703
0.5886099338531494 0.5324351191520691 -0.06354773044586182
0.6571389436721802 0.516066312789917 -0.08440683782100677
0.7018154859542847 0.5010626316070557 -0.10238660126924515
0.7363544702529907 0.4905100166797638 -0.11609610915184021
0.5663231015205383 0.4928361177444458 -0.05571387708187103
0.6064842939376831 0.4602380096912384 -0.07345810532569885
0.6345940828323364 0.43643391132354736 -0.0859113335609436
0.660508394241333 0.4203333258628845 -0.09575293958187103
0.4747315049171448 0.5961123108863831 -3.7147538023418747e-07
0.4815908372402191 0.6577968001365662 -0.04376620054244995
0.4932210445404053 0.7211267948150635 -0.08721274137496948
0.4964512288570404 0.7783998847007751 -0.12425881624221802
0.48890361189842224 0.8323097229003906 -0.1628170907497406
0.48538416624069214 0.6476976275444031 -0.12331832945346832
0.5093693733215332 0.6438674330711365 -0.17108364403247833
0.5208255052566528 0.6316190958023071 -0.1997908502817154
0.5315078496932983 0.6168344020843506 -0.2171230912208557
0.5020601749420166 0.5907291769981384 -0.12184880673885345
0.5557529926300049 0.5758771300315857 -0.17219310998916626
0.595501720905304 0.5741366744041443 -0.18720857799053192
0.6251795291900635 0.567147433757782 -0.195795476436615
0.5135107040405273 0.5463982820510864 -0.11820197850465775
0.5730724334716797 0.5374418497085571 -0.16526176035404205
0.6117475032806396 0.5407356023788452 -0.16540949046611786
0.6386886239051819 0.5425691604614258 -0.16023960709571838
0.521717369556427 0.5172222256660461 -0.11697249859571457
0.5714383721351624 0.5029535293579102 -0.15150277316570282
0.6038830876350403 0.5052105784416199 -0.14913664758205414
0.6253290772438049 0.5074670910835266 -0.14358684420585632
