Alex_image_four_50.jpg
0.40345340967178345 0.6747033596038818 7.630800382685266e-07
0.47045665979385376 0.6407444477081299 -0.02268502674996853
0.5237176418304443 0.6031609177589417 -0.025833984836935997
0.5707558393478394 0.5883490443229675 -0.02729337103664875
0.6117298603057861 0.596976637840271 -0.028842085972428322
0.49366480112075806 0.5005553960800171 0.011249260045588017
0.5217727422714233 0.44283682107925415 0.02336638979613781
0.5365617275238037 0.4069582223892212 0.02760288119316101
0.5491440892219543 0.3745797872543335 0.02706337347626686
0.4620732069015503 0.4935351610183716 0.015891358256340027
0.4683102071285248 0.4141491651535034 0.03258438780903816
0.4745620787143707 0.3634684681892395 0.027458855882287025
0.4789409637451172 0.3190028965473175 0.019578980281949043
0.4280824661254883 0.5054258108139038 0.016451025381684303
0.4122403562068939 0.4471474885940552 0.011450463905930519
0.39891213178634644 0.417111337184906 -0.017280535772442818
0.3883839547634125 0.39357250928878784 -0.037441372871398926
0.40057292580604553 0.5325056910514832 0.015867646783590317
0.3852061927318573 0.5065445303916931 0.0005082482239231467
0.38745567202568054 0.5249567031860352 -0.020650945603847504
0.38996562361717224 0.5496129393577576 -0.03543461114168167
