Alex_image_three_92.jpg
0.5926604866981506 0.7389405369758606 1.0888329597946722e-06
0.5744509100914001 0.6253015398979187 -0.0102216312661767
0.5793952345848083 0.5088012218475342 -0.021476373076438904
0.5718172192573547 0.44196486473083496 -0.035688672214746475
0.5591477751731873 0.38124898076057434 -0.04916073754429817
0.6897834539413452 0.505687415599823 -0.03633950278162956
0.7510534524917603 0.42499274015426636 -0.05801019072532654
0.7852885723114014 0.3825515806674957 -0.0707462802529335
0.8206559419631958 0.351632297039032 -0.08228949457406998
0.7248954176902771 0.5671210885047913 -0.053778260946273804
0.7985366582870483 0.5230934023857117 -0.08894370496273041
0.8593679070472717 0.49251967668533325 -0.11477267742156982
0.9079212546348572 0.4750603139400482 -0.13197553157806396
0.7337247729301453 0.6351614594459534 -0.06989309191703796
0.6959942579269409 0.595891535282135 -0.10375138372182846
0.6296179294586182 0.5793606042861938 -0.11177697777748108
0.5783931612968445 0.5675832033157349 -0.11385011672973633
0.7163895964622498 0.6902270317077637 -0.08681526780128479
0.6600562930107117 0.6608449220657349 -0.11292506009340286
0.610094428062439 0.6421945095062256 -0.11598889529705048
0.5735123157501221 0.6277288198471069 -0.11618423461914062
