Alex_image_zero_14.jpg
0.584785521030426 0.5529122352600098 -2.275585160305127e-07
0.5284585952758789 0.535115122795105 -0.022971954196691513
0.4797523021697998 0.5165661573410034 -0.04841981455683708
0.43888482451438904 0.49792006611824036 -0.07112286239862442
0.40882888436317444 0.477774977684021 -0.08856213092803955
0.49820476770401 0.3734872043132782 -0.04676773026585579
0.43606024980545044 0.42894402146339417 -0.07044950127601624
0.45113348960876465 0.4737873673439026 -0.0800311416387558
0.46914568543434143 0.4675142467021942 -0.08719690889120102
0.5177954435348511 0.36156147718429565 -0.04816877469420433
0.45204317569732666 0.4308454692363739 -0.06921660900115967
0.4745999574661255 0.4733465611934662 -0.06963524967432022
0.4962314963340759 0.45950835943222046 -0.07163569331169128
0.5338388681411743 0.3691801130771637 -0.050456393510103226
0.47986963391304016 0.44169801473617554 -0.061839960515499115
0.49742773175239563 0.48042362928390503 -0.04924507439136505
0.5178287625312805 0.46409371495246887 -0.04462268203496933
0.5482621788978577 0.3874559700489044 -0.05633702501654625
0.5079600214958191 0.44852370023727417 -0.06375548988580704
0.5138758420944214 0.47938716411590576 -0.058344364166259766
0.5306316614151001 0.4682047963142395 -0.05492733046412468
