Alex_image_zero_35.jpg
0.6256707906723022 0.6490238904953003 -3.774129027078743e-07
0.6048718094825745 0.7005946636199951 -0.07694125920534134
0.6066604852676392 0.7100846171379089 -0.11924333870410919
0.6348420977592468 0.6976854801177979 -0.14172467589378357
0.660123884677887 0.6831516623497009 -0.15875424444675446
0.6060864925384521 0.6116870045661926 -0.14146488904953003
0.6689425110816956 0.6602209806442261 -0.17003272473812103
0.6631425023078918 0.696819543838501 -0.1756274700164795
0.6448776721954346 0.6914387345314026 -0.18303874135017395
0.6234798431396484 0.5669096112251282 -0.11350301653146744
0.6825457215309143 0.6447166204452515 -0.14359454810619354
0.6704435348510742 0.6840911507606506 -0.1399795114994049
0.6549378037452698 0.6796443462371826 -0.14055746793746948
0.6408238410949707 0.5468818545341492 -0.08602502197027206
0.6963508725166321 0.6225817203521729 -0.1106816977262497
0.679908812046051 0.6555439233779907 -0.09950536489486694
0.6614221930503845 0.6503584980964661 -0.09419529885053635
0.6560871005058289 0.543045163154602 -0.06450972706079483
0.6970674991607666 0.602479875087738 -0.09050537645816803
0.6932676434516907 0.6213638782501221 -0.09431815147399902
0.686089277267456 0.6131817102432251 -0.09581079334020615
