Alex_image_three_33.jpg
0.45644089579582214 0.712681233882904 2.683411253201484e-07
0.5247089266777039 0.7185345888137817 -0.00549238920211792
0.5734829306602478 0.7101543545722961 -0.002061170991510153
0.6127859354019165 0.7118465900421143 -0.0027291385922580957
0.640717089176178 0.7195395231246948 -0.002246664371341467
0.5767240524291992 0.5936572551727295 0.020918458700180054
0.6202417612075806 0.5474920272827148 0.01715785451233387
0.6414949297904968 0.5191691517829895 0.01273250114172697
0.6604695320129395 0.49322906136512756 0.008638603612780571
0.5479023456573486 0.5679728984832764 0.013284876011312008
0.5781790018081665 0.49268633127212524 -0.005150295794010162
0.5967074632644653 0.44567054510116577 -0.021886145696043968
0.6096081733703613 0.406294047832489 -0.030728748068213463
0.5137760639190674 0.5613032579421997 0.0036332663148641586
0.5352553129196167 0.5363889932632446 -0.02760646678507328
0.5246132612228394 0.593498706817627 -0.035005271434783936
0.5150612592697144 0.6308233737945557 -0.030176455155014992
0.4791223108768463 0.5630359649658203 -0.0060004983097314835
0.5026701092720032 0.5448305010795593 -0.031762413680553436
0.49845045804977417 0.5879341959953308 -0.03289174661040306
0.4927240014076233 0.6173518896102905 -0.027273716405034065
0.47012436389923096 0.6797879338264465 4.753246685140766e-07
0.5108347535133362 0.6756175756454468 -0.019492626190185547
0.5460950136184692 0.6423432230949402 -0.030386507511138916
0.561284065246582 0.6059596538543701 -0.04253864660859108
0.5744476914405823 0.5801607966423035 -0.05329383164644241
0.5717543959617615 0.5861575603485107 -0.018430721014738083
0.6127317547798157 0.5472051501274109 -0.03770337626338005
0.6391645669937134 0.5196303129196167 -0.04949675872921944
0.6600602865219116 0.492574006319046 -0.05695715546607971
0.5456284880638123 0.5623687505722046 -0.023414529860019684
0.575425922870636 0.4961448609828949 -0.053120553493499756
0.5963993668556213 0.44861021637916565 -0.07013066112995148
0.610829770565033 0.4064885973930359 -0.0772971510887146
0.5126842856407166 0.5520029664039612 -0.03025071881711483
0.5355245471000671 0.537182629108429 -0.07056370377540588
0.5241221785545349 0.592384397983551 -0.07394980639219284
0.512241542339325 0.6274081468582153 -0.06393325328826904
0.4782302677631378 0.5527585744857788 -0.037998296320438385
0.5047881603240967 0.5501649379730225 -0.06908194720745087
0.5001021027565002 0.5923959016799927 -0.06773124635219574
0.49160242080688477 0.6167075634002686 -0.05858170613646507
