Alex_image_spock_97.jpg
0.41272127628326416 0.7292920351028442 8.08138622687693e-07
0.48366788029670715 0.7725868225097656 -0.05363411456346512
0.5684165358543396 0.7737995386123657 -0.06371761113405228
0.6306670308113098 0.7362107038497925 -0.06605534255504608
0.674284815788269 0.681838870048523 -0.06515348702669144
0.6241762042045593 0.6656157970428467 -0.009854086674749851
0.6938158273696899 0.6257822513580322 -0.009993310086429119
0.7351080179214478 0.5998351573944092 -0.01426677405834198
0.7692047953605652 0.5754155516624451 -0.01954195648431778
0.6035688519477844 0.6085352897644043 0.006229084450751543
0.6809521317481995 0.5742775201797485 0.00978081114590168
0.7288545370101929 0.5548818111419678 0.0012239154893904924
0.7699472904205322 0.536008358001709 -0.007967413403093815
0.5714705586433411 0.5698656439781189 0.0137181356549263
0.621921956539154 0.495683878660202 0.00123822339810431
0.6479127407073975 0.4548114538192749 -0.02015777863562107
0.6709860563278198 0.4235013425350189 -0.034325771033763885
0.5331906676292419 0.537420392036438 0.016014443710446358
0.5773220062255859 0.47363537549972534 -0.002250073943287134
0.6055825352668762 0.43158355355262756 -0.021691227331757545
0.6391259431838989 0.40111687779426575 -0.036319319158792496
