Alex_image_three_22.jpg
0.37678050994873047 0.5928996801376343 5.991761327095446e-07
0.38626784086227417 0.6455762386322021 -0.04157337546348572
0.3976260721683502 0.693315327167511 -0.06481093168258667
0.39981305599212646 0.7488150596618652 -0.08666961640119553
0.3908189535140991 0.7924407124519348 -0.10814627259969711
0.4942131042480469 0.6868652701377869 -0.0390683189034462
0.5576897263526917 0.7091614603996277 -0.0649995282292366
0.5947079658508301 0.7201125025749207 -0.0785444900393486
0.6298519968986511 0.7273545861244202 -0.08668913692235947
0.502685010433197 0.6306122541427612 -0.03534877672791481
0.565849781036377 0.5967711210250854 -0.06919514387845993
0.6041262149810791 0.5712874531745911 -0.08475396037101746
0.6334233283996582 0.5523969531059265 -0.09019763022661209
0.49054282903671265 0.5879208445549011 -0.03564676642417908
0.4963754713535309 0.5397132635116577 -0.07674635946750641
0.45426198840141296 0.5595327019691467 -0.08440304547548294
0.4289548993110657 0.5881048440933228 -0.07732900977134705
0.4681640863418579 0.5552881956100464 -0.039288230240345
0.4638863801956177 0.5200225114822388 -0.06990203261375427
0.43265876173973083 0.5372874736785889 -0.0724957212805748
0.41312745213508606 0.564913809299469 -0.06637512147426605
