Alex_image_three_5.jpg
0.42662104964256287 0.49631786346435547 5.362767296901438e-07
0.46981218457221985 0.5046994090080261 -0.03067949414253235
0.5136865377426147 0.494928777217865 -0.043360739946365356
0.5502805709838867 0.48221147060394287 -0.05285385623574257
0.5805619359016418 0.4816718101501465 -0.06204702705144882
0.5074361562728882 0.4211479127407074 -0.02501441165804863
0.5375353097915649 0.37444671988487244 -0.03955914080142975
0.5537887215614319 0.3423759937286377 -0.048485253006219864
0.5670104026794434 0.31308069825172424 -0.054364390671253204
0.4822491407394409 0.401795893907547 -0.01941373012959957
0.4906890094280243 0.3400375247001648 -0.03995421528816223
0.4956763684749603 0.29784953594207764 -0.05285137519240379
0.49851399660110474 0.2625119686126709 -0.05852298066020012
0.45504501461982727 0.4017499089241028 -0.016319138929247856
0.4476925730705261 0.3678060472011566 -0.04618100821971893
0.44225531816482544 0.4078710973262787 -0.053706102073192596
0.44226253032684326 0.43759772181510925 -0.049625638872385025
0.42841705679893494 0.4120112657546997 -0.014714980497956276
0.42385366559028625 0.3851282000541687 -0.03904854133725166
0.4231593608856201 0.4153733551502228 -0.041201163083314896
0.42535337805747986 0.4407389461994171 -0.03640475869178772
0.3909391164779663 0.575410783290863 5.663112006004667e-07
0.45712682604789734 0.5364935994148254 -0.00628349045291543
0.5008766651153564 0.5085836052894592 -0.004413331858813763
0.545740008354187 0.4979207515716553 -0.006207938306033611
0.5793659090995789 0.4965680241584778 -0.006895933300256729
0.4976930022239685 0.44387173652648926 0.0325082503259182
0.5307655334472656 0.3914318382740021 0.031134169548749924
0.5480831265449524 0.3573099374771118 0.023317351937294006
0.5638117790222168 0.32535362243652344 0.01696890965104103
0.47213688492774963 0.43047767877578735 0.03138565272092819
0.4864461421966553 0.361745685338974 0.02710927464067936
0.4935556650161743 0.3210488557815552 0.01485414244234562
0.5018571019172668 0.2880248427391052 0.007070997264236212
0.4460070729255676 0.4290250837802887 0.0269138365983963
0.45255330204963684 0.3855045437812805 0.01515075284987688
0.45257842540740967 0.4197264611721039 0.011061613447964191
0.45384085178375244 0.45121464133262634 0.014244119636714458
0.42159971594810486 0.4345684349536896 0.02129722386598587
0.42727968096733093 0.40042197704315186 0.012804791331291199
0.4283714294433594 0.4245147109031677 0.014656810089945793
0.4304972290992737 0.4486362040042877 0.020579451695084572
