Alex_image_four_43.jpg
0.39797574281692505 0.5831807851791382 7.717461585343699e-07
0.41139549016952515 0.6330686807632446 -0.04203392565250397
0.4343827962875366 0.6751807928085327 -0.06270533800125122
0.46273401379585266 0.7262990474700928 -0.07655752450227737
0.48819074034690857 0.7713022232055664 -0.09033332020044327
0.5201577544212341 0.6592991948127747 -0.04809671267867088
0.5781258344650269 0.6847086548805237 -0.06593257188796997
0.6147279739379883 0.6974542737007141 -0.07612499594688416
0.6486696004867554 0.7075603008270264 -0.08356481790542603
0.5316084027290344 0.6223514080047607 -0.03956114128232002
0.5915432572364807 0.6430261135101318 -0.055709004402160645
0.6309041976928711 0.6545493602752686 -0.06716712564229965
0.6653317213058472 0.6652073264122009 -0.07490408420562744
0.5235211849212646 0.5869557857513428 -0.0341435931622982
0.5699561834335327 0.5520459413528442 -0.058548253029584885
0.6040124297142029 0.5268019437789917 -0.08030840009450912
0.6329574584960938 0.5162925720214844 -0.0947074294090271
0.5007192492485046 0.5541540384292603 -0.031024806201457977
0.511972963809967 0.5218002796173096 -0.05583154410123825
0.4938496947288513 0.5274776816368103 -0.06731229275465012
0.47369667887687683 0.545862078666687 -0.07416457682847977
