Alex_image_two_93.jpg
0.4420221149921417 0.7474103569984436 2.0655899390931154e-07
0.4258376359939575 0.6035681962966919 -0.023521699011325836
0.37878358364105225 0.5296357870101929 -0.06545174866914749
0.33982738852500916 0.46689432859420776 -0.10222896933555603
0.2890181243419647 0.409282922744751 -0.13591350615024567
0.31018832325935364 0.5813138484954834 -0.1667255163192749
0.2610124945640564 0.5368292331695557 -0.26604780554771423
0.20303593575954437 0.5244938135147095 -0.32205283641815186
0.14886295795440674 0.5189016461372375 -0.3545517027378082
0.30826494097709656 0.6605994701385498 -0.18279647827148438
0.4069128930568695 0.5627673268318176 -0.2619507908821106
0.4283565580844879 0.5968407392501831 -0.2555065453052521
0.40652480721473694 0.6272966265678406 -0.24826154112815857
0.3437824547290802 0.7330593466758728 -0.1999555379152298
0.43972575664520264 0.6377924680709839 -0.27319371700286865
0.45268917083740234 0.6604121923446655 -0.24374644458293915
0.4208422601222992 0.6954960227012634 -0.21840403974056244
0.3836405575275421 0.788148045539856 -0.21841131150722504
0.45893916487693787 0.7280163168907166 -0.2764054834842682
0.4566151201725006 0.7259798049926758 -0.2670772969722748
0.4308273196220398 0.7542732357978821 -0.25481483340263367
