Alex_image_zero_56.jpg
0.42620849609375 0.6718898415565491 -2.5476344944763696e-07
0.3958713710308075 0.6158168315887451 -0.006526439916342497
0.4036366045475006 0.5670673847198486 -0.013811459764838219
0.43387070298194885 0.5490314960479736 -0.01956627517938614
0.46236053109169006 0.5553505420684814 -0.024354226887226105
0.4296213686466217 0.5157843232154846 -0.01891024224460125
0.43527793884277344 0.5393254160881042 -0.029782142490148544
0.43259090185165405 0.5669773817062378 -0.03876848146319389
0.4260394275188446 0.579281210899353 -0.045482516288757324
0.4651893377304077 0.532999575138092 -0.02295018546283245
0.4710528552532196 0.5553167462348938 -0.028562789782881737
0.46358853578567505 0.5788449048995972 -0.03250696137547493
0.4544386565685272 0.5925782918930054 -0.03642601892352104
0.4934770464897156 0.5633116960525513 -0.02645457349717617
0.49295154213905334 0.585128664970398 -0.03161102905869484
0.48307445645332336 0.6047682166099548 -0.029342809692025185
0.4739623963832855 0.6166190505027771 -0.028711508959531784
0.5135012269020081 0.60041743516922 -0.03086969256401062
0.5075234174728394 0.6211118698120117 -0.034387920051813126
0.498486191034317 0.6342994570732117 -0.029721053317189217
0.4911738634109497 0.6409973502159119 -0.025463419035077095
