Alex_image_five_94.jpg
0.6140682697296143 0.6839684844017029 2.821163604949106e-07
0.5653086304664612 0.7115482687950134 -0.03381263464689255
0.5131619572639465 0.7402772903442383 -0.04620002582669258
0.47039031982421875 0.7692403793334961 -0.05563695356249809
0.4356706142425537 0.8009502291679382 -0.06340936571359634
0.4622648358345032 0.6312863230705261 -0.007820101454854012
0.4044623374938965 0.6092206239700317 -0.016384536400437355
0.37466511130332947 0.5963060259819031 -0.0236688069999218
0.3490378260612488 0.5870041847229004 -0.028737368062138557
0.4758663475513458 0.6003797054290771 0.003248027991503477
0.4228915572166443 0.5694721341133118 0.0012956417631357908
0.39297574758529663 0.5529733300209045 0.0011277286102995276
0.36769264936447144 0.540131688117981 0.0007297861739061773
0.4978674054145813 0.5766932964324951 0.008618129417300224
0.458106130361557 0.5439420938491821 0.0070596556179225445
0.43254438042640686 0.5233772397041321 0.009141209535300732
0.4091959595680237 0.5071969628334045 0.010153702460229397
0.5257977247238159 0.5649276971817017 0.009686345234513283
0.5062257647514343 0.5336851477622986 0.008666463196277618
0.4903380572795868 0.5243573784828186 0.01058090291917324
0.47365155816078186 0.5130189061164856 0.011595470830798149
