Alex_image_zero_92.jpg
0.565930187702179 0.6219937205314636 -1.1840243274718887e-07
0.5745530128479004 0.6091737747192383 -0.013201970607042313
0.5711455941200256 0.5877233743667603 -0.019199322909116745
0.5619824528694153 0.5711894631385803 -0.024205362424254417
0.5548772811889648 0.5586085319519043 -0.02740679308772087
0.547238826751709 0.5624786615371704 -0.00858344230800867
0.5469105243682861 0.5412702560424805 -0.02436031587421894
0.5536171197891235 0.5650632977485657 -0.03174389526247978
0.5579142570495605 0.5814915299415588 -0.03389548510313034
0.542049765586853 0.5624732971191406 -0.007226165384054184
0.5415903329849243 0.5387218594551086 -0.023260971531271935
0.5511806011199951 0.5707641243934631 -0.02465362288057804
0.5562815070152283 0.5843833684921265 -0.02078728936612606
0.5399545431137085 0.567317008972168 -0.008695251308381557
0.5398066639900208 0.5483986735343933 -0.025190195068717003
0.5491253733634949 0.5778685808181763 -0.02090376988053322
0.5542510747909546 0.5896124839782715 -0.012874720618128777
0.5403943061828613 0.5768048167228699 -0.011141863651573658
0.5418424606323242 0.5642893314361572 -0.022031381726264954
0.5484259724617004 0.5826804637908936 -0.018991999328136444
0.5530479550361633 0.5913119912147522 -0.013254081830382347
