Alex_image_one_13.jpg
0.5203448534011841 0.7113316059112549 -2.214231358266261e-07
0.5269168019294739 0.6361687779426575 -0.006693498697131872
0.5191594362258911 0.5558639168739319 -0.015742473304271698
0.5182413458824158 0.4900108575820923 -0.025259772315621376
0.527917742729187 0.4415491223335266 -0.035647034645080566
0.4403829574584961 0.5324506163597107 -0.016824979335069656
0.3913698196411133 0.5714352130889893 -0.027742931619286537
0.40886449813842773 0.5979743003845215 -0.037282545119524
0.43262866139411926 0.6063401699066162 -0.043053675442934036
0.41929516196250916 0.5740476846694946 -0.02049960009753704
0.3829626142978668 0.6201539635658264 -0.025585962459445
0.4045669436454773 0.6384036540985107 -0.029200401157140732
0.42830216884613037 0.6416696310043335 -0.033407580107450485
0.4077093303203583 0.6248800754547119 -0.023933658376336098
0.3837515413761139 0.6599497199058533 -0.02869316376745701
0.4044225811958313 0.6734670400619507 -0.027205301448702812
0.42732906341552734 0.6756370067596436 -0.027653750032186508
0.400787353515625 0.676096498966217 -0.02830924652516842
0.3902696371078491 0.6998596787452698 -0.033038947731256485
0.4132118225097656 0.7105588912963867 -0.029274091124534607
0.43376705050468445 0.7102058529853821 -0.02496964856982231
