Alex_image_four_96.jpg
0.6549878120422363 0.6791237592697144 3.474480934073654e-07
0.6040658354759216 0.6670288443565369 -0.02921724133193493
0.5531096458435059 0.628939688205719 -0.046690795570611954
0.5165218710899353 0.5975969433784485 -0.061399031430482864
0.48350489139556885 0.5759655237197876 -0.07602356374263763
0.6028037071228027 0.5401027202606201 -0.05334214121103287
0.585466206073761 0.4601594805717468 -0.07403942197561264
0.5733579397201538 0.4170132875442505 -0.08284786343574524
0.5667241215705872 0.3747061491012573 -0.08962304145097733
0.6379194855690002 0.5362159013748169 -0.054002709686756134
0.6629548072814941 0.47899287939071655 -0.08075212687253952
0.6853116154670715 0.43719762563705444 -0.09260605275630951
0.7078938484191895 0.4021850824356079 -0.0995321050286293
0.6629824042320251 0.553749144077301 -0.055866263806819916
0.6948665976524353 0.5444790124893188 -0.0927298292517662
0.716783344745636 0.5710209012031555 -0.10502538830041885
0.7355324625968933 0.5926641225814819 -0.10739556699991226
0.6796063184738159 0.5838151574134827 -0.05877407267689705
0.7091917991638184 0.6005091667175293 -0.09546035528182983
0.724789023399353 0.6260871887207031 -0.10771914571523666
0.7370381355285645 0.6442769765853882 -0.11152119189500809
