Alex_image_four_58.jpg
0.3834742307662964 0.6406086683273315 6.70541453473561e-07
0.4199766218662262 0.6849595308303833 -0.025882769376039505
0.45936357975006104 0.7257367968559265 -0.03905515745282173
0.49849024415016174 0.7680683135986328 -0.05009962618350983
0.5200594663619995 0.8145764470100403 -0.062026407569646835
0.5272924900054932 0.6561077833175659 -0.018386488780379295
0.5873370170593262 0.6582335829734802 -0.030597645789384842
0.6226478815078735 0.6581390500068665 -0.03996017947793007
0.6542711853981018 0.6568828225135803 -0.047069989144802094
0.52131187915802 0.6092274188995361 -0.01736987940967083
0.5788226127624512 0.5862540006637573 -0.029605690389871597
0.6154190897941589 0.5737909078598022 -0.03935170918703079
0.6461192965507507 0.5640785694122314 -0.04460415244102478
0.49929511547088623 0.5790868997573853 -0.01934998854994774
0.5384345650672913 0.5284795165061951 -0.04107944667339325
0.5656703114509583 0.497124582529068 -0.05886862426996231
0.5909880995750427 0.475439190864563 -0.06842238456010818
0.46493449807167053 0.5634413957595825 -0.022567739710211754
0.47813260555267334 0.5285025835037231 -0.043364040553569794
0.4635331630706787 0.543494701385498 -0.04851600527763367
0.4489925503730774 0.5659301280975342 -0.049345411360263824
