Alex_image_two_16.jpg
0.6683169603347778 0.5701698064804077 2.5370741241204087e-07
0.64547199010849 0.5537205934524536 -0.05243183299899101
0.6390945911407471 0.5237133502960205 -0.07992889732122421
0.6642680168151855 0.5039029121398926 -0.09932462126016617
0.6881676316261292 0.5042585730552673 -0.11577282845973969
0.6372369527816772 0.44566744565963745 -0.05866016075015068
0.6621074676513672 0.3885074555873871 -0.09601393342018127
0.6802026629447937 0.35097289085388184 -0.11683101952075958
0.6987705230712891 0.31364357471466064 -0.1277720183134079
0.6657440662384033 0.4550670087337494 -0.04515445604920387
0.7054217457771301 0.4433307945728302 -0.08536088466644287
0.690879762172699 0.4912096858024597 -0.08844583481550217
0.6751595139503479 0.5002540946006775 -0.08176735043525696
0.6879079937934875 0.4694538414478302 -0.038028325885534286
0.7229844331741333 0.46827155351638794 -0.0769774541258812
0.7055015563964844 0.5099239349365234 -0.0716121643781662
0.688290536403656 0.511932909488678 -0.058489274233579636
0.7058306932449341 0.4870721995830536 -0.03541038930416107
0.7335591912269592 0.48988673090934753 -0.06047755852341652
0.7217906713485718 0.5142972469329834 -0.05721612274646759
0.7051866054534912 0.5174322724342346 -0.04839097335934639
0.647656261920929 0.6293966174125671 1.3350269512102386e-07
0.6472479104995728 0.5980822443962097 -0.04430246725678444
0.6498346924781799 0.5676209330558777 -0.06566666066646576
0.6548100709915161 0.5573133826255798 -0.08151011168956757
0.6516364216804504 0.5566235184669495 -0.09556873142719269
0.6269848942756653 0.45251765847206116 -0.037052616477012634
0.6624891757965088 0.39096522331237793 -0.055959057062864304
0.6873905658721924 0.3510013520717621 -0.06652942299842834
0.7080510854721069 0.31528663635253906 -0.07285956293344498
0.6475585103034973 0.4541548490524292 -0.02330286242067814
0.7040631175041199 0.4462323784828186 -0.047779735177755356
0.7000067830085754 0.49518558382987976 -0.05287212133407593
0.6777051091194153 0.5057705044746399 -0.05028664693236351
0.6685600876808167 0.4655614495277405 -0.01403626799583435
0.716194748878479 0.46779337525367737 -0.04132943972945213
0.7093695998191833 0.5118563175201416 -0.043246109038591385
0.6856092214584351 0.518744945526123 -0.037153761833906174
0.6847140789031982 0.4814036190509796 -0.008039592765271664
0.7209987044334412 0.48261263966560364 -0.0255047008395195
0.7179213762283325 0.5108461380004883 -0.025012033060193062
0.6978682279586792 0.5222566723823547 -0.019495030865073204
