Alex_image_spock_20.jpg
0.522296130657196 0.579384982585907 1.7251828410280723e-07
0.501686692237854 0.5110359191894531 -0.006294767372310162
0.5118420124053955 0.4479706287384033 -0.007592000532895327
0.5328561663627625 0.40426105260849 -0.010168823413550854
0.5474305152893066 0.37052610516548157 -0.01281096413731575
0.5774130821228027 0.4057169556617737 0.007989473640918732
0.6016405820846558 0.3548157513141632 0.003504635766148567
0.6182929873466492 0.32918235659599304 -0.0036961999721825123
0.6362147331237793 0.30512306094169617 -0.011078632436692715
0.6006876826286316 0.41808977723121643 0.000870761985424906
0.6270060539245605 0.36130639910697937 -0.006987617816776037
0.6424052715301514 0.3256785571575165 -0.01994294300675392
0.6585501432418823 0.2930412292480469 -0.03028005361557007
0.6149290204048157 0.44575685262680054 -0.008480289950966835
0.6640152931213379 0.41204437613487244 -0.022414255887269974
0.6988372802734375 0.38775134086608887 -0.03605591133236885
0.7279778718948364 0.3653166890144348 -0.04541100934147835
0.619166374206543 0.48417508602142334 -0.018120411783456802
0.6600463390350342 0.4555515646934509 -0.030489662662148476
0.683037519454956 0.43476951122283936 -0.037097036838531494
0.7047346830368042 0.4115429222583771 -0.04229059815406799
