Alex_image_zero_69.jpg
0.4302404224872589 0.5614240765571594 -1.4702357020723866e-07
0.47131869196891785 0.5344243049621582 -0.01278715766966343
0.49456530809402466 0.48741745948791504 -0.018679963424801826
0.48990973830223083 0.4366605877876282 -0.024580685421824455
0.47327134013175964 0.4024970531463623 -0.02674548514187336
0.45915141701698303 0.43560123443603516 -0.001543698599562049
0.4736414849758148 0.403109610080719 -0.018035879358649254
0.4763842821121216 0.4444599449634552 -0.024007996544241905
0.4659069776535034 0.4602892994880676 -0.02544737048447132
0.4386621415615082 0.4342721402645111 -0.002752950182184577
0.4572680592536926 0.40262705087661743 -0.021787069737911224
0.46200084686279297 0.4549405574798584 -0.026262538507580757
0.4486986994743347 0.4648977220058441 -0.024782784283161163
0.4192330241203308 0.43815186619758606 -0.006876565981656313
0.44063591957092285 0.404402494430542 -0.02925281971693039
0.4477658271789551 0.4562951624393463 -0.024060968309640884
0.43433916568756104 0.4688161611557007 -0.014803227968513966
0.3965400755405426 0.4481113851070404 -0.011493971571326256
0.42481696605682373 0.427038311958313 -0.026810158044099808
0.432728111743927 0.46143484115600586 -0.021308977156877518
0.4212477505207062 0.47259435057640076 -0.013196207582950592
