Alex_image_one_99.jpg
0.38420358300209045 0.5624151229858398 1.1567299118553365e-08
0.4200918972492218 0.52815181016922 -0.021380120888352394
0.4528825879096985 0.47661861777305603 -0.032987453043460846
0.4857875108718872 0.44552677869796753 -0.043036289513111115
0.516204297542572 0.44290784001350403 -0.048410773277282715
0.4019811153411865 0.4186984896659851 -0.012689783237874508
0.39075472950935364 0.38514599204063416 -0.032441604882478714
0.3993034064769745 0.43377405405044556 -0.040746551007032394
0.4048405885696411 0.45624300837516785 -0.043674368411302567
0.37085220217704773 0.42851558327674866 -0.009788108058273792
0.3606506586074829 0.4005618393421173 -0.026180362328886986
0.3759050667285919 0.45797422528266907 -0.025386495515704155
0.3817810118198395 0.4638988673686981 -0.02204396203160286
0.34465229511260986 0.4475547969341278 -0.01107789296656847
0.33664095401763916 0.4182955026626587 -0.0277674850076437
0.3513000011444092 0.4645313024520874 -0.01840374618768692
0.35598084330558777 0.4739937484264374 -0.00880369171500206
0.32411515712738037 0.4713342487812042 -0.014461628161370754
0.31615346670150757 0.4532301127910614 -0.02151094749569893
0.32994070649147034 0.47772082686424255 -0.013173160143196583
0.33596310019493103 0.48490580916404724 -0.0051514641381800175
