Alex_image_five_98.jpg
0.5986526608467102 0.7859283685684204 7.104266614987864e-07
0.6314194798469543 0.7299948930740356 -0.029003679752349854
0.6565434336662292 0.6751353740692139 -0.04949266090989113
0.6832403540611267 0.6338318586349487 -0.06806429475545883
0.7096891403198242 0.6051414608955383 -0.08723068237304688
0.5638718008995056 0.6107797026634216 -0.03370148688554764
0.5562936067581177 0.531866192817688 -0.05473434180021286
0.5505764484405518 0.48138052225112915 -0.07235054671764374
0.54457688331604 0.4383809566497803 -0.08451501280069351
0.5293991565704346 0.6260768175125122 -0.03371889889240265
0.5114458203315735 0.5414267182350159 -0.05010547488927841
0.4982697367668152 0.485567182302475 -0.06440523266792297
0.4868289828300476 0.44042009115219116 -0.07558228820562363
0.503595232963562 0.6560524106025696 -0.036825958639383316
0.475308358669281 0.5780960917472839 -0.052827995270490646
0.4577692747116089 0.5283870697021484 -0.06660516560077667
0.4441448450088501 0.4872246980667114 -0.0761835053563118
0.4850497841835022 0.6972362399101257 -0.042344823479652405
0.44991815090179443 0.6518742442131042 -0.05714339762926102
0.42618322372436523 0.6191477179527283 -0.06527124345302582
0.4062182307243347 0.5859540700912476 -0.07054883241653442
