Alex_image_two_47.jpg
0.5552217960357666 1.0277639627456665 -6.898884521433502e-07
0.44335049390792847 0.9182722568511963 -0.0068891337141394615
0.36230897903442383 0.7759305238723755 -0.012835071422159672
0.2978234887123108 0.6888573169708252 -0.02710382267832756
0.2575121223926544 0.6399456858634949 -0.04143120348453522
0.495871901512146 0.604884147644043 -0.005510298535227776
0.5010751485824585 0.4325553774833679 -0.05001753941178322
0.5044626593589783 0.3309866189956665 -0.07701658457517624
0.5182933807373047 0.24160006642341614 -0.09584497660398483
0.580635666847229 0.62479168176651 -0.02759512886404991
0.5364001989364624 0.5946028828620911 -0.09823764860630035
0.5053645968437195 0.7436074018478394 -0.10466451197862625
0.5235164761543274 0.7952715754508972 -0.09111122041940689
0.6494571566581726 0.6818295121192932 -0.054779037833213806
0.6010971665382385 0.6659581661224365 -0.1201019436120987
0.5596293210983276 0.7949925661087036 -0.0957556813955307
0.5809792280197144 0.8232437968254089 -0.06123778596520424
0.7017769813537598 0.7565767765045166 -0.08307024091482162
0.6607173085212708 0.7571782469749451 -0.11985902488231659
0.617281436920166 0.8350967168807983 -0.09856481850147247
0.6336101293563843 0.8495696187019348 -0.07180988788604736
0.5393962860107422 0.813747763633728 1.644225875452321e-07
0.4591537415981293 0.7873383164405823 -0.05347692593932152
0.39272287487983704 0.7340704202651978 -0.11062899976968765
0.3355956971645355 0.686695396900177 -0.16448508203029633
0.27421653270721436 0.6328303217887878 -0.22051964700222015
0.49106404185295105 0.5888723731040955 -0.14091604948043823
0.4992746114730835 0.4277122914791107 -0.22438892722129822
0.5146008729934692 0.32536178827285767 -0.27347683906555176
0.5286749601364136 0.24005401134490967 -0.30382710695266724
0.5556256175041199 0.6003462076187134 -0.15014666318893433
0.5326640605926514 0.5949349999427795 -0.24682268500328064
0.5138617753982544 0.7143053412437439 -0.25490137934684753
0.5100138783454895 0.783672571182251 -0.24508261680603027
0.6084891557693481 0.6528431177139282 -0.16315190494060516
0.581196129322052 0.6699838638305664 -0.25812673568725586
0.5544863939285278 0.7724437713623047 -0.2360559105873108
0.5449580550193787 0.8309642672538757 -0.20123125612735748
0.6464654207229614 0.7133970260620117 -0.17827825248241425
0.6307141184806824 0.7301928997039795 -0.2493070811033249
0.601854681968689 0.8015123605728149 -0.2340002804994583
0.5860992670059204 0.8449769020080566 -0.20717661082744598
