Alex_image_four_91.jpg
0.5969644784927368 0.6960574984550476 3.4403080917400075e-07
0.5476111173629761 0.7259838581085205 -0.029816634953022003
0.48899438977241516 0.7460777759552002 -0.03831847384572029
0.43491262197494507 0.7640655040740967 -0.04208508878946304
0.39529746770858765 0.7777479887008667 -0.0439080186188221
0.4454629421234131 0.6797875165939331 -0.009333429858088493
0.38406139612197876 0.6686557531356812 -0.016902685165405273
0.3502965271472931 0.6585124135017395 -0.023415585979819298
0.32064640522003174 0.6471253037452698 -0.028943682089447975
0.4571143090724945 0.6392416954040527 -0.0013045835075899959
0.39786505699157715 0.6069194078445435 -0.005958416499197483
0.36781421303749084 0.584689736366272 -0.010700230486690998
0.34038275480270386 0.5704314708709717 -0.014382653869688511
0.48663997650146484 0.6082019209861755 0.0019014124991372228
0.45786136388778687 0.5412378907203674 -0.014291570521891117
0.4390449523925781 0.5000430941581726 -0.03154172748327255
0.41781124472618103 0.4719255566596985 -0.042951975017786026
0.5240558981895447 0.5913386344909668 0.003667952260002494
0.5225403904914856 0.5568521618843079 -0.017702758312225342
0.5377765893936157 0.5803863406181335 -0.027913948521018028
0.5517676472663879 0.6032971143722534 -0.03383208438754082
