Alex_image_three_73.jpg
0.6484587788581848 0.7589701414108276 6.151525440145633e-07
0.5567662715911865 0.6977041363716125 0.0136035131290555
0.5018003582954407 0.6699337959289551 0.03396695852279663
0.46125510334968567 0.6331008076667786 0.04719172790646553
0.4287908971309662 0.6161959171295166 0.06426841765642166
0.5408891439437866 0.5627861022949219 0.0778876543045044
0.5065077543258667 0.4995885491371155 0.09337832033634186
0.48690029978752136 0.46119457483291626 0.09553630650043488
0.4733579754829407 0.4180056154727936 0.09305893629789352
0.5783695578575134 0.5475831031799316 0.06886160373687744
0.5731245875358582 0.46900367736816406 0.06959293782711029
0.5700513124465942 0.41414549946784973 0.05527527257800102
0.5714981555938721 0.3639734983444214 0.04596809670329094
0.6170594096183777 0.5545164346694946 0.056900423020124435
0.6222176551818848 0.5192129611968994 0.046890418976545334
0.6132382154464722 0.582146167755127 0.04317592829465866
0.6080082058906555 0.6179596781730652 0.04774679243564606
0.6553331613540649 0.5759416222572327 0.04541012644767761
0.6581252813339233 0.5404796004295349 0.03774700313806534
0.6473554372787476 0.5851106643676758 0.040727853775024414
0.6416086554527283 0.6134157180786133 0.047265905886888504
