Alex_image_three_69.jpg
0.5742623805999756 0.899337649345398 4.4609905103243364e-07
0.5039227604866028 0.8860207796096802 -0.002007793402299285
0.4469749331474304 0.8522796630859375 0.0050373319536447525
0.410271555185318 0.8208593726158142 0.006746762897819281
0.3796291649341583 0.8082237839698792 0.00889587588608265
0.49078869819641113 0.7415618300437927 0.03737855330109596
0.4605907201766968 0.6851164102554321 0.042861610651016235
0.4442906677722931 0.6532043218612671 0.04311125725507736
0.4318208694458008 0.6201910972595215 0.04131048545241356
0.5277661681175232 0.7268718481063843 0.028336673974990845
0.5225255489349365 0.6444724798202515 0.025973284617066383
0.5174909234046936 0.5929075479507446 0.01766594685614109
0.5162236094474792 0.5527514219284058 0.013166111893951893
0.5643791556358337 0.7329723834991455 0.015760093927383423
0.5534611344337463 0.7001368403434753 -0.004604477901011705
0.5471162796020508 0.7643716335296631 -0.008853196166455746
0.5451706647872925 0.8070597648620605 -0.0031705470755696297
0.6018648147583008 0.7497901320457458 0.003229748457670212
0.5852584838867188 0.719565749168396 -0.014003945514559746
0.5761215090751648 0.7687744498252869 -0.011192435398697853
0.5739030241966248 0.8043516874313354 -0.0042508551850914955
