Alex_image_two_23.jpg
0.6365270614624023 0.661994457244873 -1.6350414000498859e-07
0.6905251145362854 0.6377456188201904 0.015597510151565075
0.7197631001472473 0.5892746448516846 0.015012902207672596
0.7411091327667236 0.5377134084701538 0.011765864677727222
0.7683080434799194 0.5140761733055115 0.00572190061211586
0.6791892647743225 0.48605677485466003 -0.009102018550038338
0.6597486734390259 0.40907251834869385 -0.009386954829096794
0.643268346786499 0.36474770307540894 -0.01018279604613781
0.6321852803230286 0.33549219369888306 -0.01227186992764473
0.6394307017326355 0.4700537621974945 -0.012244004756212234
0.6160751581192017 0.48825377225875854 -0.0011881639948114753
0.6169344186782837 0.5198138952255249 0.010443444363772869
0.6277056336402893 0.5389166474342346 0.014325286261737347
0.6028149127960205 0.48741161823272705 -0.012178375385701656
0.5915038585662842 0.5093997120857239 -0.003238152479752898
0.5937029719352722 0.5349777936935425 0.0028713673818856478
0.6036050915718079 0.5579831600189209 0.0025223297998309135
0.567044734954834 0.508719265460968 -0.009914745576679707
0.5619882941246033 0.5323147177696228 -0.00238073174841702
0.570170521736145 0.5589393973350525 0.0030446976888924837
0.5787673592567444 0.5787416696548462 0.005895701237022877
