Alex_image_one_98.jpg
0.36381852626800537 0.5667581558227539 7.85328992947143e-08
0.41956567764282227 0.5356183052062988 -0.022143224254250526
0.44065341353416443 0.4978630542755127 -0.04596490040421486
0.44703805446624756 0.4655672311782837 -0.06684833019971848
0.4462709426879883 0.44658657908439636 -0.08398419618606567
0.4128863215446472 0.41054248809814453 -0.05826825648546219
0.4554899036884308 0.43875131011009216 -0.08426417410373688
0.44637957215309143 0.47849878668785095 -0.08681895583868027
0.4285461902618408 0.4852653443813324 -0.08671475946903229
0.3836202919483185 0.41904881596565247 -0.062349166721105576
0.433605432510376 0.4607202112674713 -0.08946800976991653
0.42275863885879517 0.5047599673271179 -0.08436603844165802
0.40619951486587524 0.49955689907073975 -0.07903817296028137
0.36032652854919434 0.44209763407707214 -0.06780116260051727
0.40679898858070374 0.48193591833114624 -0.09229035675525665
0.3999388515949249 0.5179861783981323 -0.08047951757907867
0.38381704688072205 0.5089907646179199 -0.07125416398048401
0.3415171802043915 0.4697967767715454 -0.07512740045785904
0.3761471211910248 0.508966326713562 -0.0926099345088005
0.3802111744880676 0.5298144221305847 -0.08837258070707321
0.3707124590873718 0.5191656351089478 -0.08396278321743011
