Alex_image_three_86.jpg
0.6187776327133179 0.7171316742897034 1.0559366501183831e-06
0.6023141741752625 0.7150312066078186 -0.07147219032049179
0.5904097557067871 0.6936830878257751 -0.1079191341996193
0.5993130803108215 0.6532273292541504 -0.13426785171031952
0.5968866348266602 0.6326456069946289 -0.1560019552707672
0.48734229803085327 0.6184685230255127 -0.06884697824716568
0.42568328976631165 0.581952691078186 -0.09740854054689407
0.3819378614425659 0.5513837337493896 -0.11286171525716782
0.3467889428138733 0.5239091515541077 -0.12123823910951614
0.5076184272766113 0.5801054835319519 -0.04959191381931305
0.47054097056388855 0.4924539625644684 -0.07442771643400192
0.45142894983291626 0.4310326874256134 -0.08282677829265594
0.43095654249191284 0.3791758120059967 -0.08337120711803436
0.5373649597167969 0.5651559233665466 -0.03764762729406357
0.5626420974731445 0.523943305015564 -0.07410390675067902
0.5852457284927368 0.57921302318573 -0.0791487842798233
0.5869489908218384 0.621478259563446 -0.0704033374786377
0.568528950214386 0.5647517442703247 -0.03160768002271652
0.591170072555542 0.5411990880966187 -0.05826699361205101
0.6046360731124878 0.5822585821151733 -0.05943049490451813
0.601574182510376 0.6172292828559875 -0.05291649326682091
