Alex_image_two_22.jpg
0.6420480608940125 0.6701189279556274 -2.88584871555031e-08
0.6796982884407043 0.625435471534729 0.010722902603447437
0.6976814866065979 0.5638507008552551 0.00476795993745327
0.7124043703079224 0.5035195350646973 -0.0041166068986058235
0.7376906275749207 0.47104793787002563 -0.015970764681696892
0.642141580581665 0.47842127084732056 -0.01248645968735218
0.6075416803359985 0.40404167771339417 -0.015809515491127968
0.5835314393043518 0.3632625937461853 -0.01735900528728962
0.5672608613967896 0.3328667879104614 -0.019067825749516487
0.6071205735206604 0.48246970772743225 -0.01654989644885063
0.5718766450881958 0.4987061023712158 -0.010165749117732048
0.5792956352233887 0.5317608118057251 0.001271104789339006
0.5980096459388733 0.5481979250907898 0.006329931318759918
0.5750502347946167 0.5140131115913391 -0.018150273710489273
0.5516130328178406 0.5330641269683838 -0.012169059365987778
0.5592443943023682 0.5617581009864807 -0.0032272932585328817
0.5766882300376892 0.5792631506919861 -0.0007671521743759513
0.5446224212646484 0.5487207770347595 -0.018322311341762543
0.5330796241760254 0.5679827332496643 -0.008127369917929173
0.5456501245498657 0.5950872302055359 0.0024160149041563272
0.5600982904434204 0.6105175614356995 0.008617793209850788
