Alex_image_zero_10.jpg
0.6054825782775879 0.5433468222618103 -3.646456434580614e-07
0.6474872827529907 0.48709192872047424 0.016864340752363205
0.6625728011131287 0.4129035770893097 0.017049377784132957
0.6413118839263916 0.3506668210029602 0.01692230813205242
0.6107481122016907 0.32934728264808655 0.016079507768154144
0.6860074996948242 0.358676552772522 -0.017906054854393005
0.6255188584327698 0.29596003890037537 -0.013956229202449322
0.6079239845275879 0.32908496260643005 -0.0054736086167395115
0.6132529973983765 0.3542405068874359 -0.0010426545049995184
0.6505033373832703 0.35449090600013733 -0.028743745759129524
0.5906391739845276 0.299544095993042 -0.0185391865670681
0.5790961980819702 0.33764398097991943 -0.005005406681448221
0.5889493227005005 0.3676822781562805 -0.000446801888756454
0.609570324420929 0.359708309173584 -0.03520582988858223
0.5552010536193848 0.32129228115081787 -0.02043997123837471
0.5503050684928894 0.36297324299812317 -0.005684095434844494
0.5631243586540222 0.38886237144470215 -0.003724814159795642
0.5662171840667725 0.37597107887268066 -0.040380943566560745
0.5285641551017761 0.3561437427997589 -0.03232898190617561
0.5307878255844116 0.3940277695655823 -0.022082144394516945
0.5440647602081299 0.4155893325805664 -0.01731923408806324
