Alex_image_five_8.jpg
0.4594351053237915 0.6369768381118774 1.22220797038608e-06
0.4782859981060028 0.7119360566139221 -0.08614838123321533
0.5011749267578125 0.7757713198661804 -0.14137159287929535
0.5109190940856934 0.8490681648254395 -0.1859503984451294
0.5091570615768433 0.9136091470718384 -0.2314276099205017
0.6176702380180359 0.6727097034454346 -0.10530360043048859
0.6962925791740417 0.6873020529747009 -0.14491505920886993
0.7504821419715881 0.689643383026123 -0.17491337656974792
0.794705867767334 0.6885281205177307 -0.1955762654542923
0.6167035698890686 0.6084179282188416 -0.08396026492118835
0.7030729651451111 0.6092267632484436 -0.11454464495182037
0.760834813117981 0.6088058352470398 -0.13652919232845306
0.8068191409111023 0.6064655184745789 -0.1531098634004593
0.5996783971786499 0.5538589954376221 -0.06898046284914017
0.6746916174888611 0.5249353647232056 -0.0942503809928894
0.7212621569633484 0.5025538206100464 -0.11699308454990387
0.7579171657562256 0.4876500368118286 -0.1337653398513794
0.5709484815597534 0.5085768103599548 -0.06157442182302475
0.6120162010192871 0.4665074348449707 -0.08234094083309174
0.6397150754928589 0.4346463680267334 -0.09707073122262955
0.6676206588745117 0.4120846688747406 -0.10881181806325912
0.5136213302612305 0.5951988697052002 9.020389057923239e-08
0.5422478914260864 0.5907588601112366 0.01701187528669834
0.5801701545715332 0.5717473030090332 0.02633669599890709
0.6044614911079407 0.5519372224807739 0.029921434819698334
0.6168124079704285 0.534831702709198 0.030844034627079964
0.6053454875946045 0.5210694074630737 0.02895146608352661
0.6454852223396301 0.4804421663284302 0.03217083960771561
0.6678990125656128 0.4691440165042877 0.03110353834927082
0.6870701909065247 0.45563748478889465 0.02726861834526062
0.6032881736755371 0.5082238912582397 0.01353498362004757
0.6641196012496948 0.482038289308548 0.012965122237801552
0.695307195186615 0.4810314178466797 0.006498283706605434
0.7207472324371338 0.4756004810333252 -0.000841862172819674
0.5922882556915283 0.49720966815948486 -0.002843865193426609
0.6507736444473267 0.46332213282585144 -0.011299654841423035
0.6832574009895325 0.45548152923583984 -0.019915368407964706
0.7096678614616394 0.4508245289325714 -0.027655605226755142
0.5787197947502136 0.48990318179130554 -0.017608825117349625
0.6163268089294434 0.45503678917884827 -0.03170795366168022
0.6441143751144409 0.4362529218196869 -0.040579866617918015
0.670574426651001 0.419059157371521 -0.047896455973386765
