Alex_image_five_85.jpg
0.5631577968597412 0.5952080488204956 2.1183390686019266e-07
0.5203452110290527 0.5678975582122803 -0.0021859477274119854
0.4956102967262268 0.5298359394073486 -0.004232080187648535
0.4775044918060303 0.5043418407440186 -0.009835719130933285
0.45768383145332336 0.49312400817871094 -0.01724640466272831
0.5520477294921875 0.4265716075897217 0.014091962948441505
0.5560076236724854 0.3751390874385834 0.016044775024056435
0.5618845820426941 0.3479587137699127 0.013164851814508438
0.5697667598724365 0.3268313705921173 0.0089201545342803
0.5853909254074097 0.4239363968372345 0.005401795729994774
0.6054562926292419 0.36559784412384033 0.011203574016690254
0.6187186241149902 0.3333224952220917 0.00960162840783596
0.6284230947494507 0.3129948377609253 0.0055639417842030525
0.6140665411949158 0.4401388168334961 -0.006170942913740873
0.6479580402374268 0.38862091302871704 -0.00938623957335949
0.6660698056221008 0.3542354702949524 -0.018056897446513176
0.6793943047523499 0.32740318775177 -0.025470199063420296
0.6371685862541199 0.47095218300819397 -0.018416015431284904
0.680841863155365 0.44398120045661926 -0.026230601593852043
0.7068726420402527 0.4219880700111389 -0.03199882060289383
0.7287061214447021 0.39951184391975403 -0.036700401455163956
