Alex_image_one_19.jpg
0.5735117197036743 0.6429423093795776 -4.171058662905125e-07
0.5111212134361267 0.622462272644043 -0.029981937259435654
0.4518093168735504 0.5924392938613892 -0.042297761887311935
0.4009469449520111 0.5700425505638123 -0.053255315870046616
0.36323612928390503 0.5761114954948425 -0.05670569837093353
0.48021575808525085 0.48670604825019836 -0.0007275781244970858
0.4915708005428314 0.4258629083633423 -0.02968849614262581
0.49946022033691406 0.4903433322906494 -0.04180591553449631
0.498782217502594 0.5285701751708984 -0.04524219408631325
0.5207506418228149 0.47622376680374146 0.0037260542158037424
0.5286402106285095 0.4219995141029358 -0.03195543587207794
0.5294075012207031 0.49913305044174194 -0.04044242203235626
0.5211753249168396 0.518704891204834 -0.037280309945344925
0.5566697120666504 0.4790098965167999 0.001549512380734086
0.5638324022293091 0.43455660343170166 -0.03177603706717491
0.5597131252288818 0.4991380572319031 -0.023380283266305923
0.5527311563491821 0.5183900594711304 -0.008078758604824543
0.5868443250656128 0.4913361966609955 -0.0031512766145169735
0.5917774438858032 0.46202218532562256 -0.018787268549203873
0.5867252349853516 0.5045123100280762 -0.009214624762535095
0.5804678201675415 0.5169991850852966 0.0030730939470231533
