Alex_image_five_2.jpg
0.40610697865486145 0.5817628502845764 1.0038822892965982e-06
0.47877198457717896 0.5520650148391724 -0.05116462707519531
0.5471285581588745 0.508122444152832 -0.08065927773714066
0.6155882477760315 0.4962528944015503 -0.10618659853935242
0.6743536591529846 0.5091649293899536 -0.131869837641716
0.5048370361328125 0.3314529061317444 -0.045298196375370026
0.5446408987045288 0.2338058054447174 -0.06853140890598297
0.5650184154510498 0.1701432466506958 -0.0883118286728859
0.5796846151351929 0.11472372710704803 -0.10463906079530716
0.45230215787887573 0.30702638626098633 -0.0423702634871006
0.4733734428882599 0.20002812147140503 -0.06215326115489006
0.486704021692276 0.13191892206668854 -0.08114650845527649
0.4966197907924652 0.07471634447574615 -0.09573076665401459
0.3988244831562042 0.3155200481414795 -0.04544292017817497
0.3895770311355591 0.20819705724716187 -0.06914109736680984
0.3872372508049011 0.14163441956043243 -0.09256106615066528
0.38770824670791626 0.08322353661060333 -0.1088327094912529
0.34718772768974304 0.35327768325805664 -0.053158633410930634
0.3151141405105591 0.28207844495773315 -0.07787876576185226
0.2961179316043854 0.23542702198028564 -0.09335421025753021
0.28611722588539124 0.18608753383159637 -0.10359352082014084
