Alex_image_two_18.jpg
0.8048334121704102 0.6996728777885437 -5.271005534268625e-07
0.7406980395317078 0.6441726088523865 -0.003984169568866491
0.7004059553146362 0.580225944519043 -0.017072612419724464
0.6779265403747559 0.532695472240448 -0.03156488388776779
0.6586543917655945 0.487049400806427 -0.04500935599207878
0.7396990656852722 0.5036025643348694 -0.032437752932310104
0.6921023726463318 0.4589724540710449 -0.06274022907018661
0.6602429747581482 0.4265190362930298 -0.08167938888072968
0.6339973211288452 0.3981829881668091 -0.09554626047611237
0.7776046395301819 0.5060312151908875 -0.04417997971177101
0.7010148167610168 0.5694053769111633 -0.06830640882253647
0.7080419659614563 0.6193667054176331 -0.06361836194992065
0.7321513295173645 0.6234973669052124 -0.05921488255262375
0.8037822246551514 0.5446239113807678 -0.057754047214984894
0.7286341190338135 0.6159743070602417 -0.07810535281896591
0.736136257648468 0.6468306183815002 -0.06078726053237915
0.7560813426971436 0.6385822892189026 -0.04936174675822258
0.8192301988601685 0.5922763347625732 -0.07278982549905777
0.7571500539779663 0.6544130444526672 -0.09472015500068665
0.7636029720306396 0.6737633347511292 -0.08892576396465302
0.7826921343803406 0.6608200669288635 -0.08160076290369034
