Alex_image_three_87.jpg
0.6776689291000366 0.7384063005447388 5.757442522735801e-07
0.6210094690322876 0.7410445213317871 -0.03353218361735344
0.5589073300361633 0.7179928421974182 -0.05187443643808365
0.5037295818328857 0.7186387181282043 -0.06814596056938171
0.458157479763031 0.7301989793777466 -0.08288238197565079
0.5551466345787048 0.594308614730835 -0.03718085587024689
0.4987635910511017 0.5329412817955017 -0.05789944529533386
0.46570223569869995 0.49901336431503296 -0.06833294034004211
0.43658754229545593 0.4677554965019226 -0.07553719729185104
0.5909778475761414 0.569092869758606 -0.03714972361922264
0.5811532735824585 0.480478435754776 -0.0662553459405899
0.5754901766777039 0.42476749420166016 -0.08115565031766891
0.5695199370384216 0.37674275040626526 -0.0871952474117279
0.6301419734954834 0.5688220858573914 -0.039665527641773224
0.6529137492179871 0.5501471757888794 -0.07731544971466064
0.6579039096832275 0.6155325770378113 -0.08350038528442383
0.6570910215377808 0.6603109240531921 -0.07759026437997818
0.6662596464157104 0.58147132396698 -0.04423132538795471
0.682848334312439 0.5704284310340881 -0.07403414696455002
0.6839913129806519 0.6219459772109985 -0.07517892122268677
0.6788378953933716 0.6617522239685059 -0.06934840232133865
