Alex_image_zero_99.jpg
0.5633862018585205 0.6371160745620728 -1.5294824606826296e-07
0.5733757019042969 0.6070268154144287 0.00937573704868555
0.5722705125808716 0.5775321125984192 0.012123050168156624
0.5616821646690369 0.554970920085907 0.012174327857792377
0.5462684631347656 0.545595645904541 0.010687203146517277
0.5727809071540833 0.5321813225746155 0.012035202234983444
0.5454803705215454 0.5257439613342285 0.011873512528836727
0.5340017676353455 0.5370153188705444 0.008165637962520123
0.5318983197212219 0.5486542582511902 0.005195239093154669
0.560308575630188 0.5321068167686462 0.005118463654071093
0.5322283506393433 0.5277171730995178 0.007712967228144407
0.5217587351799011 0.5394439697265625 0.005450106225907803
0.5190761089324951 0.5523876547813416 0.0026870728470385075
0.5461848974227905 0.54144287109375 -0.0011577391996979713
0.5215790867805481 0.5366470813751221 -0.0004757186397910118
0.5129750370979309 0.5472014546394348 -0.0008310081320814788
0.5115437507629395 0.5579743385314941 -0.001888287952169776
0.5332361459732056 0.5568662881851196 -0.0067496150732040405
0.5149340629577637 0.5524271130561829 -0.007288926746696234
0.5092456340789795 0.5591621994972229 -0.0049481578171253204
0.5079572200775146 0.5646400451660156 -0.0027330981101840734
