Alex_image_four_16.jpg
0.4242495596408844 0.597324788570404 3.702893138779473e-07
0.47669652104377747 0.5516367554664612 -0.02115948125720024
0.4987138509750366 0.474185049533844 -0.027377456426620483
0.5048038363456726 0.4173354208469391 -0.03287312760949135
0.5083523392677307 0.3777838945388794 -0.03833740949630737
0.44118383526802063 0.4055183529853821 -0.03237620368599892
0.4243645668029785 0.32378771901130676 -0.05165902152657509
0.4113241136074066 0.27658897638320923 -0.06163740158081055
0.3964174687862396 0.23640769720077515 -0.06886152178049088
0.40228793025016785 0.42552804946899414 -0.03764205425977707
0.3709397614002228 0.3518051505088806 -0.060406219214200974
0.352569043636322 0.30019307136535645 -0.07493013143539429
0.33362114429473877 0.2556706368923187 -0.0834461897611618
0.37919706106185913 0.46510908007621765 -0.04463011771440506
0.3690674901008606 0.45337623357772827 -0.07605525851249695
0.37781575322151184 0.46120133996009827 -0.08959072828292847
0.3804130554199219 0.4647521376609802 -0.09381156414747238
0.36882567405700684 0.5146905779838562 -0.05307244509458542
0.38101011514663696 0.5336484313011169 -0.08309946209192276
0.40318024158477783 0.5516945123672485 -0.09424345940351486
0.41993448138237 0.5623990893363953 -0.09813118726015091
