Alex_image_spock_77.jpg
0.41925546526908875 0.7344179749488831 7.543719107161451e-07
0.47063305974006653 0.763620138168335 -0.04564831033349037
0.5255218148231506 0.7608962059020996 -0.060886986553668976
0.5655479431152344 0.7280293107032776 -0.07045385986566544
0.6081414818763733 0.7022088766098022 -0.07805616408586502
0.5653634071350098 0.6781819462776184 -0.020017411559820175
0.616610050201416 0.6471737623214722 -0.02770652249455452
0.6490042805671692 0.6243419647216797 -0.03478299453854561
0.6768198013305664 0.6048740744590759 -0.04159648343920708
0.5502781867980957 0.6336835026741028 -0.00836537592113018
0.6072760224342346 0.6002734899520874 -0.013190939091145992
0.6448855996131897 0.5850957036018372 -0.021331679075956345
0.6805427074432373 0.5701406598091125 -0.028524553403258324
0.5240843296051025 0.6029136776924133 -0.0037018051370978355
0.5534599423408508 0.5368350744247437 -0.017450209707021713
0.5736167430877686 0.4934270679950714 -0.03613117337226868
0.5951600670814514 0.45743054151535034 -0.049796562641859055
0.4916255474090576 0.5826694965362549 -0.003191505093127489
0.5162080526351929 0.5335091948509216 -0.018292563036084175
0.5330306887626648 0.5072968006134033 -0.03313111886382103
0.554216206073761 0.4841846823692322 -0.04549035802483559
