Alex_image_three_42.jpg
0.36639395356178284 0.7278392314910889 5.839510777150281e-07
0.3604307472705841 0.6707881093025208 0.021777812391519547
0.36324700713157654 0.6257373094558716 0.020347416400909424
0.3531495928764343 0.59628826379776 0.010572691448032856
0.3319786787033081 0.591068685054779 0.00010092172306030989
0.40334638953208923 0.5447823405265808 0.0076797716319561005
0.44067224860191345 0.4766647517681122 3.734489655471407e-05
0.4613407850265503 0.4394736886024475 -0.0026276272255927324
0.47773176431655884 0.4051959812641144 -0.005067705642431974
0.42071130871772766 0.549186110496521 -0.014026214368641376
0.49425822496414185 0.5151509642601013 -0.023025337606668472
0.5369543433189392 0.4939146935939789 -0.027835920453071594
0.5690710544586182 0.4763370156288147 -0.030410978943109512
0.43679726123809814 0.5740607380867004 -0.033880654722452164
0.4932757019996643 0.6164509654045105 -0.03869810327887535
0.4775921702384949 0.6522488594055176 -0.03485885635018349
0.46082213521003723 0.6648827195167542 -0.030858764424920082
0.4521128535270691 0.6099783778190613 -0.05327704921364784
0.4910954236984253 0.65948885679245 -0.05226956680417061
0.47656896710395813 0.6884376406669617 -0.04514116421341896
0.46065112948417664 0.6950076222419739 -0.03909211978316307
