Alex_image_one_34.jpg
0.5563705563545227 0.647223949432373 -8.707114034223196e-07
0.4325551688671112 0.5365865230560303 -0.02684852108359337
0.3706313669681549 0.365993469953537 -0.0383252389729023
0.34575197100639343 0.26536664366722107 -0.05164637789130211
0.3107893764972687 0.22736012935638428 -0.056780170649290085
0.4922671616077423 0.2487175166606903 -0.05310432240366936
0.4999667704105377 0.1640983670949936 -0.13335658609867096
0.493855357170105 0.27219030261039734 -0.16450437903404236
0.4959569275379181 0.3327730596065521 -0.17789888381958008
0.5670342445373535 0.29139116406440735 -0.0754392147064209
0.5700371861457825 0.2073449194431305 -0.178821861743927
0.5571171641349792 0.3279712200164795 -0.20174074172973633
0.5599536895751953 0.3442814350128174 -0.19992530345916748
0.6300333738327026 0.3554982542991638 -0.1065545603632927
0.635491132736206 0.2785889506340027 -0.20468328893184662
0.6121302843093872 0.36644816398620605 -0.20511160790920258
0.6140347123146057 0.3705112636089325 -0.18812593817710876
0.6734700798988342 0.4275773763656616 -0.13819220662117004
0.6840065717697144 0.39251619577407837 -0.2114560902118683
0.6649985909461975 0.437231183052063 -0.22250288724899292
0.6706422567367554 0.4236094057559967 -0.2198144942522049
