Alex_image_five_80.jpg
0.5669367909431458 0.6036403775215149 3.12210033825977e-07
0.5668331980705261 0.5037581324577332 0.03337626904249191
0.5818503499031067 0.453517347574234 0.04294903948903084
0.5944192409515381 0.4157736897468567 0.041560497134923935
0.5999741554260254 0.39006465673446655 0.03678164631128311
0.6429576277732849 0.42518189549446106 0.043183229863643646
0.6735337376594543 0.39222052693367004 0.04531795531511307
0.6953702569007874 0.36844056844711304 0.04071841388940811
0.7162086963653564 0.3476622402667999 0.03403759375214577
0.6576804518699646 0.446819543838501 0.012657011859118938
0.6968055367469788 0.4196399450302124 0.011668195948004723
0.724348247051239 0.3937658369541168 0.002416888251900673
0.7469935417175293 0.3744499683380127 -0.006627588998526335
0.6639886498451233 0.4726642668247223 -0.01819724217057228
0.7046918869018555 0.4555172920227051 -0.02488655038177967
0.7336636185646057 0.42941731214523315 -0.03538663312792778
0.7590340375900269 0.4070219397544861 -0.04489653557538986
0.6606236100196838 0.5025616884231567 -0.04694328084588051
0.7058566212654114 0.49221271276474 -0.056890521198511124
0.7343037128448486 0.47659173607826233 -0.06362411379814148
0.7615077495574951 0.4619593024253845 -0.07002490758895874
