Alex_image_spock_31.jpg
0.6012324094772339 0.7806546092033386 4.4638855456469173e-07
0.6499942541122437 0.6977078914642334 0.01585250161588192
0.6598865985870361 0.627835214138031 0.026496874168515205
0.641862154006958 0.5585171580314636 0.038684189319610596
0.6192346215248108 0.5154504179954529 0.051510151475667953
0.6044110059738159 0.567038893699646 0.00024384238349739462
0.5869772434234619 0.47793135046958923 0.0015666137915104628
0.5756092071533203 0.4267364740371704 0.0056585813872516155
0.5643355250358582 0.3855661451816559 0.0087812514975667
0.5594497919082642 0.5755766034126282 -0.0005719919572584331
0.547271728515625 0.4785248935222626 -0.0026025695260614157
0.5400810241699219 0.4210641384124756 -0.00010093154560308903
0.5352880358695984 0.38082852959632874 0.0027090217918157578
0.5235695838928223 0.6069080233573914 0.0017955659423023462
0.4794691801071167 0.5480139255523682 -0.0024340066593140364
0.448763370513916 0.5126922130584717 -0.004461201839148998
0.42888158559799194 0.4852414131164551 -0.004174103029072285
0.5003697276115417 0.6496552228927612 0.007760169450193644
0.4613889455795288 0.5829318165779114 0.005745234899222851
0.4421294927597046 0.541347086429596 0.006605702918022871
0.42797017097473145 0.5012795925140381 0.008736176416277885
