Alex_image_one_67.jpg
0.3785679340362549 0.59136962890625 -3.36222456098767e-07
0.42816251516342163 0.5593421459197998 0.002539152279496193
0.44978848099708557 0.5187858939170837 0.0003902335010934621
0.4570750892162323 0.4933866262435913 -0.0048215026035904884
0.45952439308166504 0.47815224528312683 -0.007858555763959885
0.43366390466690063 0.4474853575229645 0.006505998317152262
0.4842225909233093 0.4783823490142822 -0.007534947246313095
0.4724726676940918 0.505202054977417 -0.017521945759654045
0.4557248651981354 0.5042415857315063 -0.02505296841263771
0.42185574769973755 0.4510807394981384 -0.003152504563331604
0.47795578837394714 0.49072831869125366 -0.014663814567029476
0.4634867310523987 0.5193927884101868 -0.01674509234726429
0.44745394587516785 0.5161429643630981 -0.018540289252996445
0.4126907289028168 0.4688166379928589 -0.014590565115213394
0.4645111560821533 0.5042592883110046 -0.022958263754844666
0.45351076126098633 0.5297507643699646 -0.01836114563047886
0.43881767988204956 0.5256062746047974 -0.016307173296809196
0.4071139693260193 0.49415507912635803 -0.02710273675620556
0.44526755809783936 0.5220291614532471 -0.03125981241464615
0.43869906663894653 0.5400957465171814 -0.028623929247260094
0.425907164812088 0.5345225930213928 -0.027378076687455177
