Alex_image_zero_17.jpg
0.5565444827079773 0.5102906227111816 -5.657083135268692e-10
0.516302227973938 0.4726448357105255 -0.05341349169611931
0.49347159266471863 0.4049823582172394 -0.06260176748037338
0.49891892075538635 0.33483996987342834 -0.0608409121632576
0.509408712387085 0.296528160572052 -0.04991430044174194
0.42399030923843384 0.3705179989337921 -0.01212106179445982
0.4699079394340515 0.29961562156677246 -0.035377442836761475
0.49521100521087646 0.3362456262111664 -0.046132538467645645
0.4962368309497833 0.3671972155570984 -0.047392234206199646
0.4582136869430542 0.3635386824607849 0.011774314567446709
0.4947575330734253 0.29819923639297485 -0.017542539164423943
0.5161700248718262 0.3451562523841858 -0.026545705273747444
0.5118928551673889 0.37842002511024475 -0.021584004163742065
0.4938677251338959 0.35738512873649597 0.027605753391981125
0.5226812362670898 0.3132641613483429 -0.005822345614433289
0.5378330945968628 0.3669687509536743 -0.00947194267064333
0.5274605751037598 0.393553763628006 0.0004305815964471549
0.5242118239402771 0.35750335454940796 0.03995604068040848
0.5456405282020569 0.3249359726905823 0.01587170735001564
0.5537688136100769 0.3658588230609894 0.01241628360003233
0.543250560760498 0.39239397644996643 0.01862834021449089
