Alex_image_four_49.jpg
0.42687809467315674 0.6565890908241272 6.418651423700794e-07
0.48474663496017456 0.6528509855270386 -0.025898383930325508
0.5372415781021118 0.635616660118103 -0.03141475468873978
0.5897387266159058 0.6340776085853577 -0.033624038100242615
0.6280164122581482 0.6546723246574402 -0.03580255061388016
0.5322904586791992 0.5282766222953796 -0.011285063810646534
0.5747436881065369 0.4774056673049927 -0.011389151215553284
0.5979050993919373 0.4464620351791382 -0.013441739603877068
0.6190856099128723 0.416188508272171 -0.017605943605303764
0.5022429823875427 0.5069754123687744 -0.007402440998703241
0.5235152244567871 0.43271273374557495 -0.004488498438149691
0.5384400486946106 0.3917756676673889 -0.01165529154241085
0.5501391291618347 0.3538607358932495 -0.019301509484648705
0.4685584306716919 0.5087029337882996 -0.0065840864554047585
0.4581964910030365 0.436810702085495 -0.020629867911338806
0.45068758726119995 0.3939327001571655 -0.04358174279332161
0.44639426469802856 0.3544026017189026 -0.05920213460922241
0.43691694736480713 0.5259010195732117 -0.007010795641690493
0.426949679851532 0.5010738372802734 -0.026634158566594124
0.4264988303184509 0.5317032337188721 -0.03966936469078064
0.42651262879371643 0.5651483535766602 -0.047770559787750244
