Alex_image_four_87.jpg
0.6015446186065674 0.6944899559020996 1.1558797297084311e-07
0.5314450263977051 0.6781922578811646 -0.0087075000628829
0.47413286566734314 0.6332483291625977 -0.011833474971354008
0.4179912209510803 0.6044464707374573 -0.014887971803545952
0.3787934184074402 0.5957123041152954 -0.02009747549891472
0.4975895881652832 0.5121338963508606 -0.0016489177942276
0.46160703897476196 0.44141700863838196 -0.0024240612983703613
0.4416543245315552 0.40049606561660767 -0.003224472515285015
0.4289359450340271 0.3672869801521301 -0.005519850645214319
0.5367905497550964 0.4892498552799225 -0.007453999947756529
0.5238417387008667 0.39497488737106323 -0.0071877711452543736
0.5173715353012085 0.3466310203075409 -0.005239537451416254
0.51239013671875 0.3099098205566406 -0.004354334902018309
0.5785810947418213 0.49899548292160034 -0.015931343659758568
0.590667188167572 0.4216448664665222 -0.02870529517531395
0.5916620492935181 0.3679484724998474 -0.04302040860056877
0.5910881757736206 0.31925350427627563 -0.053299274295568466
0.613104522228241 0.535113513469696 -0.024310683831572533
0.623461902141571 0.5168949365615845 -0.03915140777826309
0.6136688590049744 0.5552801489830017 -0.04168388620018959
0.6082432866096497 0.5960643291473389 -0.04306225851178169
