Alex_image_two_92.jpg
0.47393447160720825 0.744490921497345 3.0134654593894084e-07
0.48718497157096863 0.6065561771392822 -0.0022097115870565176
0.4677089750766754 0.5322616100311279 -0.03528416529297829
0.44671350717544556 0.4640313982963562 -0.06904564052820206
0.41752851009368896 0.4020366668701172 -0.10237345099449158
0.3853287696838379 0.5426373481750488 -0.1183760017156601
0.3384588360786438 0.48591646552085876 -0.20418918132781982
0.29540926218032837 0.4450252056121826 -0.2554120421409607
0.24833300709724426 0.4165076017379761 -0.286803275346756
0.3686247766017914 0.6028885841369629 -0.14432772994041443
0.43397819995880127 0.5457515120506287 -0.2092164307832718
0.48533007502555847 0.5857009291648865 -0.19502171874046326
0.4825018048286438 0.6133988499641418 -0.1819726526737213
0.38138774037361145 0.6738894581794739 -0.17193250358104706
0.4629833400249481 0.6220349073410034 -0.23348957300186157
0.49931061267852783 0.6473234295845032 -0.19524937868118286
0.4806693196296692 0.6749494671821594 -0.16399559378623962
0.4058611989021301 0.7349655628204346 -0.19971105456352234
0.471711665391922 0.7100979089736938 -0.24562539160251617
0.49290794134140015 0.7066761255264282 -0.2257758527994156
0.4784431755542755 0.7223926186561584 -0.20607951283454895
