Alex_image_three_21.jpg
0.3983376622200012 0.6625584959983826 7.459028097400733e-07
0.42016202211380005 0.7196983098983765 -0.043173130601644516
0.44035565853118896 0.771064817905426 -0.06835900992155075
0.44888895750045776 0.8379319310188293 -0.09198049455881119
0.4428390860557556 0.890579104423523 -0.11479177325963974
0.5407231450080872 0.7385463118553162 -0.03993688523769379
0.6080988645553589 0.7629642486572266 -0.06663420796394348
0.6482603549957275 0.7758334279060364 -0.08159104734659195
0.6871510744094849 0.7830720543861389 -0.09082278609275818
0.5442541837692261 0.6768665313720703 -0.03562339022755623
0.6064885258674622 0.642814576625824 -0.07094261795282364
0.6474536061286926 0.6176824569702148 -0.0877898707985878
0.6797435879707336 0.5968565940856934 -0.09431490302085876
0.5266067385673523 0.6318038105964661 -0.03534504398703575
0.5296342372894287 0.5884164571762085 -0.07723939418792725
0.488032728433609 0.6131373047828674 -0.08458174020051956
0.4627540111541748 0.643143355846405 -0.07669129967689514
0.5001033544540405 0.5976136326789856 -0.03852945193648338
0.4957274794578552 0.565263569355011 -0.06844864785671234
0.46506404876708984 0.5865739583969116 -0.06991764903068542
0.44632449746131897 0.6157998442649841 -0.06266409158706665
