Alex_image_five_52.jpg
0.39284759759902954 0.5884994864463806 6.141574999674049e-07
0.4003572463989258 0.6420626044273376 -0.04011601582169533
0.41616150736808777 0.6917175650596619 -0.06315108388662338
0.4304357171058655 0.7396262884140015 -0.08162397146224976
0.4315933883190155 0.7843899130821228 -0.09934782236814499
0.5141163468360901 0.6702769994735718 -0.03690536692738533
0.5658761262893677 0.7075071930885315 -0.05347152426838875
0.5985002517700195 0.7246047258377075 -0.0679263025522232
0.6268504858016968 0.7375454902648926 -0.07833828032016754
0.5245686173439026 0.6347577571868896 -0.027931369841098785
0.5800935626029968 0.6706317067146301 -0.038097552955150604
0.613951563835144 0.6861070990562439 -0.048200350254774094
0.6415413022041321 0.6990505456924438 -0.056687742471694946
0.5225460529327393 0.5985779166221619 -0.02275916002690792
0.5763469338417053 0.6204344630241394 -0.030785445123910904
0.6093938946723938 0.6265616416931152 -0.040017616003751755
0.6362642645835876 0.6343698501586914 -0.047576598823070526
0.5093995928764343 0.561087429523468 -0.021721191704273224
0.5450192093849182 0.5531704425811768 -0.028010517358779907
0.5701029300689697 0.5487930774688721 -0.032745081931352615
0.5931726098060608 0.5488933324813843 -0.036626629531383514
