Alex_image_one_23.jpg
0.5925450325012207 0.6521445512771606 1.2076114330739074e-07
0.5621979832649231 0.7113437056541443 -0.07455617189407349
0.5301682949066162 0.7804321050643921 -0.11596530675888062
0.4959787130355835 0.8505023121833801 -0.1468372941017151
0.4738346040248871 0.9149866104125977 -0.1691797822713852
0.43652424216270447 0.7316602468490601 -0.06325773149728775
0.40007397532463074 0.6673457622528076 -0.09799187630414963
0.45381078124046326 0.6569217443466187 -0.11143273860216141
0.4817773699760437 0.6822460293769836 -0.11481012403964996
0.44166162610054016 0.6729649901390076 -0.03688066452741623
0.40607544779777527 0.6258954405784607 -0.07959504425525665
0.46624821424484253 0.622847318649292 -0.09560690075159073
0.48469606041908264 0.6547316312789917 -0.09887678176164627
0.4498688876628876 0.619892418384552 -0.01744205132126808
0.4164368510246277 0.5808144807815552 -0.056216370314359665
0.46969127655029297 0.5875626802444458 -0.05712885782122612
0.4872879385948181 0.6240419149398804 -0.049135997891426086
0.45205238461494446 0.5835237503051758 -0.003317807102575898
0.4301394820213318 0.5492435097694397 -0.022719616070389748
0.466011643409729 0.5579901933670044 -0.01989511214196682
0.4833022356033325 0.5858574509620667 -0.013447826728224754
