Alex_image_five_68.jpg
0.6197220087051392 0.7057887315750122 2.2661161835912935e-07
0.5633420348167419 0.71626216173172 -0.013902481645345688
0.5115575194358826 0.7095692753791809 -0.015270565636456013
0.46999335289001465 0.706814169883728 -0.01657286286354065
0.44150465726852417 0.7129373550415039 -0.017298569902777672
0.5167670249938965 0.6107960939407349 0.016735916957259178
0.474699467420578 0.5763423442840576 0.01619352214038372
0.45182210206985474 0.5561954975128174 0.00968120526522398
0.4345312714576721 0.5363501906394958 0.003974819090217352
0.53866046667099 0.5837918519973755 0.018677666783332825
0.5000970363616943 0.5368258953094482 0.02482936717569828
0.47761595249176025 0.5090558528900146 0.021088266745209694
0.46152353286743164 0.48931261897087097 0.016221825033426285
0.5679001212120056 0.5675894618034363 0.016120459884405136
0.5373801589012146 0.5213632583618164 0.020304899662733078
0.5172158479690552 0.4946785271167755 0.01613583229482174
0.5011371970176697 0.473558247089386 0.011230996809899807
0.6022135019302368 0.5596210360527039 0.010891568847000599
0.5894305109977722 0.5186600685119629 0.013739279471337795
0.5794150233268738 0.49629807472229004 0.01339221466332674
0.5708519220352173 0.4757882058620453 0.011881312355399132
