Alex_image_one_28.jpg
0.6442020535469055 0.5863648056983948 -3.7585320455946203e-07
0.5987632274627686 0.6349836587905884 -0.03035164065659046
0.5361525416374207 0.6710797548294067 -0.029451120644807816
0.4799790382385254 0.6892454624176025 -0.027424711734056473
0.4333822429180145 0.7077702283859253 -0.021207792684435844
0.5249114036560059 0.6314168572425842 0.04831122234463692
0.5077061653137207 0.5544239282608032 0.04781226068735123
0.535983681678772 0.5418227314949036 0.04344409704208374
0.5484452247619629 0.5594185590744019 0.043277330696582794
0.5351503491401672 0.5929802060127258 0.063093401491642
0.5179223418235779 0.5051556825637817 0.05929737910628319
0.5566222667694092 0.5159521102905273 0.04738788679242134
0.5718522667884827 0.5452665090560913 0.04295732080936432
0.542502760887146 0.5672010779380798 0.06934475898742676
0.5251225829124451 0.48625680804252625 0.058302074670791626
0.5659918189048767 0.5012850165367126 0.041912708431482315
0.5837506651878357 0.5342732667922974 0.03681465983390808
0.5428224802017212 0.5513495802879333 0.07352462410926819
0.5277783870697021 0.49064555764198303 0.07299509644508362
0.5523576736450195 0.5025002956390381 0.0676540657877922
0.5669326782226562 0.5266401171684265 0.06613538414239883
