Alex_image_two_86.jpg
0.3938223719596863 0.7081242799758911 2.7362381160855875e-07
0.4352129399776459 0.7801950573921204 -0.0746101513504982
0.4939497113227844 0.8540650010108948 -0.11745449155569077
0.5346003770828247 0.9438852071762085 -0.15317414700984955
0.5670307874679565 1.0231561660766602 -0.1842712163925171
0.6022878289222717 0.723487138748169 -0.06874716281890869
0.6960007548332214 0.7113039493560791 -0.12804146111011505
0.7547874450683594 0.7001570463180542 -0.16201446950435638
0.8133939504623413 0.6944543123245239 -0.1804584264755249
0.574600338935852 0.6565030813217163 -0.05188412219285965
0.580716609954834 0.6068810820579529 -0.12254836410284042
0.5172297358512878 0.6589462161064148 -0.13732898235321045
0.5097201466560364 0.6994615793228149 -0.1307794749736786
0.5402217507362366 0.5962013006210327 -0.045254550874233246
0.5372772812843323 0.5572575330734253 -0.11248671263456345
0.48559248447418213 0.620419979095459 -0.10998997092247009
0.49335047602653503 0.6538527011871338 -0.08920998126268387
0.5092031359672546 0.5482923984527588 -0.04480567201972008
0.5019853115081787 0.5162716507911682 -0.08498720824718475
0.470022976398468 0.569232702255249 -0.0784827172756195
0.471355676651001 0.6050379276275635 -0.060828208923339844
