Alex_image_zero_11.jpg
0.6136173009872437 0.5527385473251343 -2.601883295483276e-07
0.6622486114501953 0.5031233429908752 0.010190851055085659
0.6814390420913696 0.4322524964809418 0.009682033210992813
0.6667966246604919 0.37263259291648865 0.009446610696613789
0.6368565559387207 0.3482678532600403 0.00876446720212698
0.693324863910675 0.3624672293663025 -0.013334175571799278
0.6470454335212708 0.30945953726768494 -0.011863883584737778
0.6371096968650818 0.3443852365016937 -0.008742167614400387
0.6447532176971436 0.37220242619514465 -0.007193733472377062
0.6493664979934692 0.3573886454105377 -0.02036033198237419
0.6077626943588257 0.3140217959880829 -0.012287101708352566
0.6010687947273254 0.35079625248908997 -0.0038443529047071934
0.6104194521903992 0.37930262088775635 -0.001438666833564639
0.6036968231201172 0.3654545545578003 -0.024222712963819504
0.5695427060127258 0.33137059211730957 -0.014258391223847866
0.567953884601593 0.36915403604507446 -0.003969741985201836
0.5786810517311096 0.3961929976940155 -0.001933775725774467
0.5594373941421509 0.3855717182159424 -0.02715921960771084
0.5416863560676575 0.3639971911907196 -0.020060865208506584
0.5447215437889099 0.39747920632362366 -0.009479723870754242
0.5539407730102539 0.42096108198165894 -0.002758844755589962
