Alex_image_two_67.jpg
0.4252673387527466 0.5662481784820557 1.5770477546084294e-07
0.4519306421279907 0.5444452166557312 -0.007497029844671488
0.46477586030960083 0.5140030384063721 -0.016427358612418175
0.4783952832221985 0.5111662149429321 -0.027509134262800217
0.48593151569366455 0.5221548676490784 -0.038025978952646255
0.4118649363517761 0.44579973816871643 -0.006429280154407024
0.39488714933395386 0.3906950354576111 -0.02230801060795784
0.3845338821411133 0.35697805881500244 -0.03440629318356514
0.37236103415489197 0.32577598094940186 -0.04330555349588394
0.39469558000564575 0.45213764905929565 -0.013253334909677505
0.42312952876091003 0.4294959008693695 -0.035507138818502426
0.43624863028526306 0.4744766652584076 -0.04204251617193222
0.42772388458251953 0.48934054374694824 -0.04167332872748375
0.38120198249816895 0.4599168598651886 -0.02177700400352478
0.41108861565589905 0.4364438056945801 -0.04307449609041214
0.42214688658714294 0.4800225496292114 -0.03744526207447052
0.40891873836517334 0.49092042446136475 -0.027982119470834732
0.3693391978740692 0.47268015146255493 -0.031296465545892715
0.3973316550254822 0.4516521096229553 -0.043021902441978455
0.4081113040447235 0.47961780428886414 -0.03386249020695686
0.3963325023651123 0.49236831068992615 -0.023922821506857872
0.41183531284332275 0.5963397026062012 6.624851067726922e-08
0.4513114392757416 0.5560656785964966 -0.001223685685545206
0.4637254774570465 0.5274767279624939 -0.005666774697601795
0.4790544807910919 0.5169880390167236 -0.013349510729312897
0.4865120053291321 0.5188065767288208 -0.019900478422641754
0.4115046560764313 0.4434194266796112 0.008431719616055489
0.39904525876045227 0.38675737380981445 -0.003279527649283409
0.38746148347854614 0.3520281910896301 -0.014700728468596935
0.3714885711669922 0.32235005497932434 -0.02313121408224106
0.3946581780910492 0.44907259941101074 -0.0006949329981580377
0.42455458641052246 0.4245062470436096 -0.015222822315990925
0.4343428909778595 0.47108468413352966 -0.021670639514923096
0.42547112703323364 0.4842779040336609 -0.023464353755116463
0.38152796030044556 0.45597773790359497 -0.011773728765547276
0.4163230061531067 0.4337809383869171 -0.02860117331147194
0.4240393042564392 0.48032525181770325 -0.024359188973903656
0.41097724437713623 0.48940637707710266 -0.017365016043186188
0.3710629642009735 0.4702829122543335 -0.023358523845672607
0.3984836935997009 0.4456959664821625 -0.031547192484140396
0.4096542298793793 0.47569870948791504 -0.021358469501137733
0.3993377089500427 0.4895637631416321 -0.011657350696623325
