Alex_image_spock_88.jpg
0.4337153136730194 0.6365002393722534 6.459129053837387e-07
0.49099886417388916 0.6368560194969177 -0.024536000564694405
0.5371329188346863 0.5928996801376343 -0.029576128348708153
0.5585989952087402 0.5363324284553528 -0.031025780364871025
0.5823777914047241 0.49613335728645325 -0.030665531754493713
0.5326704382896423 0.4979584813117981 -0.0065997568890452385
0.5556802749633789 0.4418683648109436 -0.010242394171655178
0.5695936679840088 0.40963467955589294 -0.014907383359968662
0.5820692777633667 0.37803781032562256 -0.020038161426782608
0.5033290982246399 0.4685686230659485 -0.002605065004900098
0.5285548567771912 0.4122435450553894 -0.007374572567641735
0.5469512939453125 0.378109335899353 -0.015279585495591164
0.5633445978164673 0.34934866428375244 -0.02065214514732361
0.4704870879650116 0.4595325291156769 -0.0022787614725530148
0.4702790379524231 0.39364030957221985 -0.01625666953623295
0.4727346897125244 0.3501010537147522 -0.02909047156572342
0.4802558124065399 0.3072546422481537 -0.036496344953775406
0.4334621727466583 0.4691401720046997 -0.0034876815043389797
0.4392467141151428 0.4112800061702728 -0.019391359761357307
0.44424861669540405 0.37697818875312805 -0.028686625882983208
0.4528772234916687 0.3406408727169037 -0.03394315764307976
