Alex_image_one_43.jpg
0.4920463562011719 0.6964651346206665 -2.4661758857291716e-07
0.5939908623695374 0.6343628168106079 -0.0067724380642175674
0.681929886341095 0.5700797438621521 -0.025119293481111526
0.7651151418685913 0.5312594175338745 -0.045525118708610535
0.8317298293113708 0.5231598019599915 -0.06791915744543076
0.5930861234664917 0.38202449679374695 -0.030054237693548203
0.5616687536239624 0.3669155240058899 -0.03757203742861748
0.5541196465492249 0.4137449264526367 -0.04816244915127754
0.5579580664634705 0.4587571620941162 -0.05603563040494919
0.5160651206970215 0.3690764307975769 -0.03430944308638573
0.49779683351516724 0.38681185245513916 -0.027475962415337563
0.5006487369537354 0.435557097196579 -0.03257210552692413
0.5099050998687744 0.47832635045051575 -0.043147485703229904
0.44767677783966064 0.3875991404056549 -0.035141654312610626
0.44056251645088196 0.4107659161090851 -0.023483023047447205
0.4486100375652313 0.4554835855960846 -0.021179402247071266
0.46040821075439453 0.4992140531539917 -0.026544412598013878
0.38668927550315857 0.4147789776325226 -0.037873849272727966
0.38687801361083984 0.44447648525238037 -0.028152577579021454
0.3981495499610901 0.4907631576061249 -0.01752852275967598
0.41008442640304565 0.5271506905555725 -0.010335729457437992
