Alex_image_spock_90.jpg
0.4917545020580292 0.7081288695335388 7.802343020557601e-07
0.5583496689796448 0.7068005800247192 -0.042643435299396515
0.6177327632904053 0.6497992873191833 -0.057738132774829865
0.6498043537139893 0.5718083381652832 -0.06619904935359955
0.6840670704841614 0.5156696438789368 -0.07255098223686218
0.6153160333633423 0.5151003003120422 -0.03966068848967552
0.6543288230895996 0.42450323700904846 -0.0557149313390255
0.6741107702255249 0.37300315499305725 -0.06509976834058762
0.6917351484298706 0.3211859464645386 -0.07445988059043884
0.5752520561218262 0.4741520583629608 -0.033215105533599854
0.6221644878387451 0.3813350200653076 -0.05469613894820213
0.655225396156311 0.3276693820953369 -0.07202736288309097
0.6839565634727478 0.2763634920120239 -0.08392186462879181
0.529177725315094 0.4677211344242096 -0.030916858464479446
0.5240871906280518 0.3561509847640991 -0.06166442856192589
0.5222710371017456 0.2889513373374939 -0.08709894865751266
0.5254632234573364 0.22957995533943176 -0.10246818512678146
0.48132336139678955 0.4877907335758209 -0.03069298155605793
0.4834026098251343 0.40065908432006836 -0.06146633252501488
0.4875556230545044 0.35138368606567383 -0.08227787166833878
0.4954656958580017 0.30141180753707886 -0.09606915712356567
