Alex_image_spock_80.jpg
0.3588613271713257 0.7359564304351807 5.954994435342087e-07
0.41461116075515747 0.7023565173149109 -0.029364338144659996
0.4489421844482422 0.6362976431846619 -0.03298809006810188
0.4583103358745575 0.5705236792564392 -0.0335569828748703
0.47518378496170044 0.5181297063827515 -0.03142920881509781
0.42245370149612427 0.5370032787322998 0.004853003192692995
0.43760448694229126 0.4670974612236023 0.0091264508664608
0.4424368143081665 0.42820921540260315 0.010843568481504917
0.4437853991985321 0.39166855812072754 0.008613062091171741
0.38727113604545593 0.5254440903663635 0.009881660342216492
0.40473487973213196 0.44950568675994873 0.010242961347103119
0.4221057593822479 0.4069553017616272 0.005804233253002167
0.4346127510070801 0.3732614517211914 0.001483364263549447
0.35142454504966736 0.5379000306129456 0.008634676225483418
0.32513079047203064 0.4610804319381714 -0.005479983985424042
0.30904853343963623 0.4171542227268219 -0.023778680711984634
0.29852357506752014 0.37684202194213867 -0.03617408871650696
0.3161260187625885 0.562711775302887 0.004965633619576693
0.29993507266044617 0.5012373328208923 -0.01339516881853342
0.2925844192504883 0.46604567766189575 -0.03037380799651146
0.29255807399749756 0.4265798330307007 -0.04349014163017273
