Alex_image_two_72.jpg
0.45414599776268005 0.6092551946640015 2.060923947055926e-07
0.44588279724121094 0.5757357478141785 0.0029615366365760565
0.4486846923828125 0.5538725852966309 -0.007692772429436445
0.4386230707168579 0.5385958552360535 -0.022541161626577377
0.42288535833358765 0.5266148447990417 -0.03941618651151657
0.506136953830719 0.5240433812141418 -0.009460498578846455
0.5500482320785522 0.5147030353546143 -0.020281892269849777
0.5809143781661987 0.5076317191123962 -0.030421437695622444
0.6059685945510864 0.500646710395813 -0.039219457656145096
0.5214839577674866 0.537662923336029 -0.020675018429756165
0.5367734432220459 0.562969982624054 -0.03527854010462761
0.5250462889671326 0.5816807746887207 -0.042969103902578354
0.5118189454078674 0.5887796878814697 -0.04743700474500656
0.5319340825080872 0.5629972219467163 -0.031170649453997612
0.5394145250320435 0.5974590182304382 -0.04205809906125069
0.5256640315055847 0.617459237575531 -0.042244233191013336
0.5128536224365234 0.6214694976806641 -0.04197857901453972
0.538274347782135 0.5924930572509766 -0.04221571236848831
0.5411847233772278 0.6332578063011169 -0.050379153341054916
0.5281274914741516 0.6493844985961914 -0.049912989139556885
0.5168839693069458 0.6526660919189453 -0.048116397112607956
0.4471859633922577 0.6203441619873047 2.3777214863685003e-08
0.4336296617984772 0.5735077261924744 0.00839700736105442
0.4321576952934265 0.543170690536499 0.003341349773108959
0.41914990544319153 0.5150699019432068 -0.00747170252725482
0.4016713500022888 0.4975000023841858 -0.020592322573065758
0.505378246307373 0.5271824598312378 0.006148574408143759
0.5513315796852112 0.5184653401374817 0.0011708985548466444
0.5814244747161865 0.5098443627357483 -0.006207022815942764
0.6034691333770752 0.5039718151092529 -0.01289074495434761
0.5204812288284302 0.5403048396110535 -0.005847251042723656
0.529015839099884 0.5641238689422607 -0.01682163029909134
0.5161803960800171 0.5797580480575562 -0.02510475367307663
0.5018042325973511 0.5893062353134155 -0.02926027961075306
0.5292608141899109 0.5648635029792786 -0.01690351963043213
0.5311252474784851 0.5919451117515564 -0.025893865153193474
0.5202938914299011 0.6097251772880554 -0.02733004093170166
0.5088669061660767 0.6165655255317688 -0.02659478411078453
0.5345190763473511 0.5920011401176453 -0.02760990709066391
0.5380306243896484 0.6210364699363708 -0.03344340994954109
0.5294579267501831 0.637702465057373 -0.030923113226890564
0.5205181241035461 0.6450883150100708 -0.026842236518859863
