Alex_image_spock_65.jpg
0.4398370087146759 0.7954397201538086 3.788748514921281e-08
0.39645588397979736 0.7393299341201782 5.652825711877085e-05
0.36698117852211 0.6850981712341309 -0.012989298440515995
0.33746927976608276 0.6422222852706909 -0.028022417798638344
0.305283784866333 0.6211621165275574 -0.04585452005267143
0.44512423872947693 0.6007969975471497 -0.020823052152991295
0.46807926893234253 0.518537700176239 -0.028738506138324738
0.4840518832206726 0.47312530875205994 -0.035233333706855774
0.4991227090358734 0.43319180607795715 -0.04198054224252701
0.483504980802536 0.6082544922828674 -0.028646405786275864
0.5033904910087585 0.522397518157959 -0.03309870511293411
0.512488842010498 0.4729577302932739 -0.03987249732017517
0.5203826427459717 0.43483129143714905 -0.04842096194624901
0.5153323411941528 0.6375974416732788 -0.034883517771959305
0.5621035099029541 0.577475905418396 -0.041489630937576294
0.5941832661628723 0.5400555729866028 -0.05001777410507202
0.6157249212265015 0.5098335146903992 -0.05837417393922806
0.5396772027015686 0.6764928698539734 -0.03970574587583542
0.5767507553100586 0.6229655146598816 -0.0445655882358551
0.5972043871879578 0.5937672257423401 -0.043650154024362564
0.6124488115310669 0.5659769773483276 -0.04410180822014809
