Alex_image_five_30.jpg
0.4359344244003296 0.6688883304595947 2.8143529107182985e-07
0.48396915197372437 0.6576716899871826 0.04251713305711746
0.5171652436256409 0.6611631512641907 0.05231240764260292
0.537237823009491 0.6576533913612366 0.05743619054555893
0.5482385754585266 0.6440008878707886 0.061843160539865494
0.5660628080368042 0.6655511260032654 -0.022657299414277077
0.6183992028236389 0.6705946922302246 -0.04617307335138321
0.657306432723999 0.6663327217102051 -0.05975309759378433
0.6878894567489624 0.6582931280136108 -0.06840009242296219
0.550636887550354 0.6768539547920227 -0.04791434109210968
0.6091663837432861 0.7177317142486572 -0.08530308306217194
0.6504663228988647 0.7401894330978394 -0.10519648343324661
0.6819913387298584 0.7573772668838501 -0.11604958027601242
0.5257046818733215 0.6932216882705688 -0.0645332932472229
0.562035083770752 0.7618410587310791 -0.09668692201375961
0.5902923345565796 0.8065203428268433 -0.10826343297958374
0.6154981255531311 0.842639148235321 -0.11157742142677307
0.4984160363674164 0.7140851616859436 -0.07412544637918472
0.5030463337898254 0.785888135433197 -0.09139984846115112
0.4979252219200134 0.8309493660926819 -0.09163884818553925
0.4947187304496765 0.8632578253746033 -0.08951380848884583
