Alex_image_four_61.jpg
0.42213141918182373 0.6654049158096313 7.349192401306937e-07
0.4475453794002533 0.7234511971473694 -0.031057508662343025
0.4775550067424774 0.7682526111602783 -0.04566602781414986
0.5007855296134949 0.8258304595947266 -0.056574746966362
0.5126426815986633 0.87706059217453 -0.06768834590911865
0.556688129901886 0.7228971719741821 -0.029947197064757347
0.6162362694740295 0.7442483305931091 -0.03942228853702545
0.6520180106163025 0.7521536350250244 -0.04579800367355347
0.6848818063735962 0.7583670616149902 -0.05185108259320259
0.5581246614456177 0.6734285950660706 -0.025852736085653305
0.6190011501312256 0.6704762578010559 -0.033653732389211655
0.6564438343048096 0.6687105894088745 -0.04260054975748062
0.6870903968811035 0.6682937145233154 -0.049789149314165115
0.541328489780426 0.6345723867416382 -0.02433682605624199
0.5863251686096191 0.5917150974273682 -0.041139185428619385
0.6171369552612305 0.5656977891921997 -0.060530491173267365
0.6405033469200134 0.5482478737831116 -0.07432128489017487
0.5129033327102661 0.6081982851028442 -0.024789901450276375
0.5214648246765137 0.5809918642044067 -0.04514407739043236
0.5063689947128296 0.5906970500946045 -0.056404706090688705
0.48799392580986023 0.6071731448173523 -0.06328392028808594
