Alex_image_spock_33.jpg
0.6524932384490967 0.7994821071624756 4.7030201244524505e-07
0.7210173010826111 0.7442011833190918 0.019395070150494576
0.7551188468933105 0.6851234436035156 0.03226873278617859
0.7578966617584229 0.6087570786476135 0.04682914540171623
0.7506461143493652 0.5508967638015747 0.06332126259803772
0.7116641998291016 0.5937514305114746 0.009593550115823746
0.7232742309570312 0.49890512228012085 0.018651168793439865
0.7288839221000671 0.4499186873435974 0.03119315393269062
0.7321274280548096 0.40759867429733276 0.03967798128724098
0.6670467853546143 0.5822908282279968 0.00880490057170391
0.6828626990318298 0.48257917165756226 0.003574575763195753
0.6960548758506775 0.428647518157959 0.007055450230836868
0.7056545615196228 0.3872917592525482 0.012746407650411129
0.6256047487258911 0.5969996452331543 0.011814797297120094
0.5966787934303284 0.516350269317627 0.0056167831644415855
0.5801522731781006 0.46459275484085083 0.0050582499243319035
0.5709815621376038 0.4242361783981323 0.008196755312383175
0.5955408811569214 0.6297687292098999 0.01899225078523159
0.5751327872276306 0.5527567267417908 0.022229338064789772
0.5675394535064697 0.5140619277954102 0.026520276442170143
0.5627601742744446 0.4759442210197449 0.030697036534547806
