Alex_image_zero_37.jpg
0.6098995804786682 0.69449782371521 -2.344730631875791e-07
0.6395455598831177 0.6471353769302368 -0.059952158480882645
0.645818829536438 0.5723153948783875 -0.08353252708911896
0.641414999961853 0.49794691801071167 -0.09192891418933868
0.6245101094245911 0.4608175456523895 -0.09192704409360886
0.5297569036483765 0.5379660129547119 -0.07100354880094528
0.5936371684074402 0.4592996835708618 -0.0965481549501419
0.619719922542572 0.50288325548172 -0.10688767582178116
0.6079533100128174 0.5407840013504028 -0.11219341307878494
0.5189919471740723 0.531971275806427 -0.04667627066373825
0.589276134967804 0.4554747939109802 -0.07123669236898422
0.6143580079078674 0.5056691765785217 -0.07286636531352997
0.6018592119216919 0.5406290888786316 -0.07094262540340424
0.5224373936653137 0.5274073481559753 -0.026138998568058014
0.5880463123321533 0.45663484930992126 -0.048703163862228394
0.6101175546646118 0.4996834695339203 -0.044583842158317566
0.5977904796600342 0.5319494605064392 -0.03827984258532524
0.5343588590621948 0.5291003584861755 -0.00983499176800251
0.5825106501579285 0.47696956992149353 -0.025604933500289917
0.6008775234222412 0.5059727430343628 -0.024831727147102356
0.5917496681213379 0.5323562026023865 -0.020846497267484665
0.6389937400817871 0.6975577473640442 6.597888102533034e-08
0.6229310035705566 0.663415789604187 -0.033607784658670425
0.6250607371330261 0.5905967354774475 -0.037266895174980164
0.6278209686279297 0.5273179411888123 -0.03211323544383049
0.6204134821891785 0.4828256368637085 -0.023236697539687157
0.6546333432197571 0.5743747353553772 -0.02084776945412159
0.6462967991828918 0.5010703802108765 -0.023914948105812073
0.6294878125190735 0.4759872257709503 -0.025348277762532234
0.6183805465698242 0.466976523399353 -0.02419612556695938
0.6584373712539673 0.5794177055358887 -0.0002933521755039692
0.6412865519523621 0.5166367292404175 0.0001574042980792001
0.6184831261634827 0.5075953006744385 9.167643293039873e-05
0.6050918698310852 0.512391209602356 0.0009594651055522263
0.6563838124275208 0.5846346616744995 0.0171439778059721
0.6381102800369263 0.5307199954986572 0.014508184976875782
0.6143723726272583 0.5289137959480286 0.011320631019771099
0.6021648645401001 0.5356521606445312 0.01074955239892006
0.6556751728057861 0.584915816783905 0.03246590495109558
0.6375189423561096 0.5441619157791138 0.029773421585559845
0.6188877820968628 0.5435388088226318 0.02784688025712967
0.6107645034790039 0.5526078939437866 0.028263278305530548
