Alex_image_five_29.jpg
0.4092636704444885 0.6861207485198975 2.1453678300531465e-07
0.46265891194343567 0.6687793135643005 0.06230606138706207
0.49957722425460815 0.6602781414985657 0.08243098109960556
0.5196318030357361 0.6510123014450073 0.09309381991624832
0.527637243270874 0.6293007731437683 0.101049043238163
0.5563069581985474 0.6653021574020386 0.010637063533067703
0.6122731566429138 0.667261004447937 0.0014404657995328307
0.6483543515205383 0.6596655249595642 -0.0031764814630150795
0.6769012212753296 0.6497328877449036 -0.007321408484131098
0.5425388216972351 0.6828117370605469 -0.02428249642252922
0.6106823086738586 0.7167029976844788 -0.04869843274354935
0.6537283658981323 0.7305328845977783 -0.06606721132993698
0.686134397983551 0.742939829826355 -0.07794293016195297
0.5199019312858582 0.7050381302833557 -0.05009620264172554
0.5709695219993591 0.7699211239814758 -0.07529183477163315
0.6014843583106995 0.8091922402381897 -0.09234460443258286
0.6290702819824219 0.8426902890205383 -0.10267669707536697
0.49445289373397827 0.7323031425476074 -0.06719811260700226
0.5032530426979065 0.8084515929222107 -0.08210689574480057
0.5001141428947449 0.8535750508308411 -0.08695665001869202
0.5003612637519836 0.8878028392791748 -0.09026069939136505
