Alex_image_four_82.jpg
0.6088639497756958 0.6897786259651184 5.327863732418336e-07
0.5507267117500305 0.6344228982925415 -0.013296634890139103
0.511131227016449 0.5551079511642456 -0.014805524609982967
0.48237234354019165 0.49909698963165283 -0.014784581959247589
0.45099374651908875 0.4696277379989624 -0.015525216236710548
0.5809553861618042 0.44365665316581726 -0.009902668185532093
0.5748449563980103 0.3601650595664978 -0.016856705769896507
0.5716004371643066 0.308330774307251 -0.021994978189468384
0.5687341690063477 0.2628735601902008 -0.02901378646492958
0.6268748044967651 0.45282381772994995 -0.020447462797164917
0.6476994752883911 0.3596149981021881 -0.030393579974770546
0.6601423621177673 0.2963606119155884 -0.0441088005900383
0.6695227026939392 0.24206629395484924 -0.05553049594163895
0.6604101657867432 0.4923414885997772 -0.033591724932193756
0.7057633996009827 0.43580999970436096 -0.061874937266111374
0.7311314940452576 0.38839438557624817 -0.08980675786733627
0.7503715753555298 0.3467239439487457 -0.10818693786859512
0.6813288331031799 0.5468303561210632 -0.04570326209068298
0.6866326332092285 0.5381891131401062 -0.0808086022734642
0.6766132116317749 0.5621740818023682 -0.09910756349563599
0.669414222240448 0.5801715850830078 -0.11088404804468155
