Alex_image_five_43.jpg
0.44196516275405884 0.7722349762916565 4.1459401245447225e-07
0.420938104391098 0.7147763967514038 0.0007934243767522275
0.40776151418685913 0.6671488285064697 -0.006196598522365093
0.3880518972873688 0.6323469877243042 -0.014061621390283108
0.3621579706668854 0.6201605200767517 -0.023688236251473427
0.46190527081489563 0.6047655344009399 -0.024817269295454025
0.48116639256477356 0.5238947868347168 -0.03669077903032303
0.4922291934490204 0.4753454923629761 -0.04203029349446297
0.5011577010154724 0.43878185749053955 -0.046032197773456573
0.49306002259254456 0.6193069219589233 -0.03636712580919266
0.5218894481658936 0.53530353307724 -0.050490569323301315
0.5364810824394226 0.4805459976196289 -0.06147034093737602
0.5490829944610596 0.4406278729438782 -0.06889719516038895
0.5178221464157104 0.652111828327179 -0.04608657583594322
0.5681164264678955 0.6020057201385498 -0.06561849266290665
0.6031198501586914 0.5697998404502869 -0.08179372549057007
0.6310410499572754 0.5442643761634827 -0.09199763834476471
0.5354511141777039 0.6954057216644287 -0.05374884605407715
0.5819921493530273 0.6936338543891907 -0.07502702623605728
0.6125171184539795 0.695555567741394 -0.08450133353471756
0.6374525427818298 0.6942136287689209 -0.08915647119283676
