Alex_image_zero_41.jpg
0.4310553967952728 0.5812129378318787 -1.0744989964450724e-07
0.47666481137275696 0.5454586744308472 -0.0017669444205239415
0.49686574935913086 0.5047953724861145 -0.0077424743212759495
0.5110043883323669 0.4745611846446991 -0.0162691418081522
0.5177387595176697 0.4428076148033142 -0.020871629938483238
0.44116824865341187 0.4295158386230469 0.006947984453290701
0.49588608741760254 0.4335257112979889 -0.01121765561401844
0.4891000986099243 0.46853941679000854 -0.025317542254924774
0.47232764959335327 0.4763806462287903 -0.03447730466723442
0.43267664313316345 0.4253605604171753 -0.001187658286653459
0.496340811252594 0.4293816089630127 -0.01959553360939026
0.4887901246547699 0.46828192472457886 -0.027531472966074944
0.47234681248664856 0.47342821955680847 -0.030815038830041885
0.4320891499519348 0.43152308464050293 -0.01169387623667717
0.49368202686309814 0.44348445534706116 -0.027164552360773087
0.48635929822921753 0.47969958186149597 -0.025428714230656624
0.46950724720954895 0.48075753450393677 -0.022243892773985863
0.4372824430465698 0.4464767873287201 -0.02295304462313652
0.4880383014678955 0.4649902582168579 -0.030200248584151268
0.480858713388443 0.4925731420516968 -0.026680709794163704
0.46445292234420776 0.49343523383140564 -0.023517873138189316
