Alex_image_two_96.jpg
0.4290020763874054 0.7376956343650818 -1.7952862663150881e-07
0.35224467515945435 0.714117169380188 -0.03156089782714844
0.2528781294822693 0.7033091187477112 -0.05383992940187454
0.1672988086938858 0.7067141532897949 -0.07282489538192749
0.09608893096446991 0.7137373685836792 -0.09288361668586731
0.2946908473968506 0.728882372379303 -0.04806932061910629
0.27626436948776245 0.7674091458320618 -0.08603738993406296
0.3078431487083435 0.7838319540023804 -0.1101863831281662
0.3217827081680298 0.7929022312164307 -0.1242353543639183
0.34427204728126526 0.7511019110679626 -0.048720914870500565
0.324412077665329 0.7938133478164673 -0.08313051611185074
0.3470941483974457 0.8093363642692566 -0.1003653034567833
0.36003175377845764 0.809738039970398 -0.11388503015041351
0.3860807418823242 0.7766722440719604 -0.052561528980731964
0.36308836936950684 0.8137125372886658 -0.08500687777996063
0.38104933500289917 0.8302382230758667 -0.08688557147979736
0.39189690351486206 0.8274655342102051 -0.0875057652592659
0.4181854724884033 0.7981759309768677 -0.057871926575899124
0.39646992087364197 0.8369497060775757 -0.07898421585559845
0.4107899069786072 0.8429129123687744 -0.07604885846376419
0.4216683506965637 0.8310884833335876 -0.07346237450838089
