Alex_image_spock_29.jpg
0.5961638689041138 0.7402952909469604 6.317465022220858e-07
0.5970299243927002 0.6666886210441589 0.001085872994735837
0.5659887194633484 0.6222760081291199 -0.0008156399126164615
0.5291292071342468 0.5876395106315613 -0.00031664205016568303
0.5028442740440369 0.5621634721755981 0.0001498355413787067
0.514028012752533 0.6023862957954407 -0.029716279357671738
0.44974640011787415 0.5594392418861389 -0.04048805683851242
0.410837322473526 0.5346978306770325 -0.04235615208745003
0.3799085021018982 0.5089080333709717 -0.04414384067058563
0.4888421297073364 0.6382311582565308 -0.035393621772527695
0.4296033978462219 0.5882205963134766 -0.05927257612347603
0.38720908761024475 0.5542654991149902 -0.07204311341047287
0.3541969060897827 0.5213910341262817 -0.07838304340839386
0.47449344396591187 0.691730260848999 -0.0375671312212944
0.39715808629989624 0.6874722242355347 -0.06225842610001564
0.34414035081863403 0.6846998333930969 -0.07521883398294449
0.3052533268928528 0.6763147711753845 -0.07978508621454239
0.47413939237594604 0.754841685295105 -0.03680349141359329
0.40512892603874207 0.7429784536361694 -0.057104818522930145
0.368704229593277 0.7346689105033875 -0.06555821001529694
0.33714228868484497 0.7233407497406006 -0.06831604242324829
0.6257376074790955 0.7889356017112732 3.132195161015261e-07
0.6167393326759338 0.6886743903160095 0.03837393596768379
0.5831851959228516 0.6332305669784546 0.056671831756830215
0.5349236726760864 0.5888567566871643 0.06992761045694351
0.5044606328010559 0.5570774674415588 0.08251135051250458
0.5210899710655212 0.6009568572044373 0.024788908660411835
0.4496394693851471 0.5553960204124451 0.02995729073882103
0.4102269411087036 0.5304393768310547 0.037940770387649536
0.3790963888168335 0.5073389410972595 0.04359890893101692
0.49338847398757935 0.6367922425270081 0.009613477624952793
0.41984498500823975 0.5833495855331421 0.005676890257745981
0.38010698556900024 0.5468176603317261 0.0076583693735301495
0.35019075870513916 0.5136091113090515 0.011929553933441639
0.47703424096107483 0.6905928254127502 -0.0015323455445468426
0.39197105169296265 0.6896745562553406 -0.009627732448279858
0.3384466767311096 0.6914178133010864 -0.014122921973466873
0.2976170480251312 0.6861187815666199 -0.013768654316663742
0.47310757637023926 0.7500418424606323 -0.007169309537857771
0.4011203646659851 0.7403344511985779 -0.007498897612094879
0.36598101258277893 0.7341856956481934 -0.004976397380232811
0.33707088232040405 0.7217528820037842 -0.0017322645289823413
