Alex_image_five_23.jpg
0.4367166757583618 0.8700484037399292 3.8820959957774903e-07
0.39171892404556274 0.8255342841148376 -0.01635574735701084
0.3533479869365692 0.7790365815162659 -0.03294871002435684
0.31368952989578247 0.7496842741966248 -0.048491235822439194
0.2766868472099304 0.7437609434127808 -0.06645872443914413
0.4233565032482147 0.6903936862945557 -0.04170805588364601
0.41501906514167786 0.599656343460083 -0.058200687170028687
0.41457387804985046 0.5437984466552734 -0.06760062277317047
0.41522544622421265 0.5010330677032471 -0.0748383030295372
0.4607975482940674 0.6946398615837097 -0.04710736870765686
0.464852899312973 0.5945631265640259 -0.06292719393968582
0.46812841296195984 0.5315056443214417 -0.07535718381404877
0.47144511342048645 0.4844435453414917 -0.0854785218834877
0.49375516176223755 0.7183793783187866 -0.052640143781900406
0.517406165599823 0.6357784271240234 -0.07413021475076675
0.5311206579208374 0.5753263235092163 -0.09487355500459671
0.5416436195373535 0.5274145007133484 -0.10991274565458298
0.5220401883125305 0.755879282951355 -0.05779668688774109
0.5676358342170715 0.721011221408844 -0.08141522854566574
0.5971188545227051 0.6988159418106079 -0.09557657688856125
0.6211972832679749 0.6785974502563477 -0.10511582344770432
