Alex_image_spock_40.jpg
0.5415950417518616 0.789219319820404 1.7140489205758058e-07
0.48319748044013977 0.7695602178573608 -0.006548720877617598
0.4467204213142395 0.7128795385360718 -0.004154744558036327
0.42269110679626465 0.6635738015174866 -0.00355233671143651
0.4002193212509155 0.6382386088371277 -0.002376746153458953
0.44870203733444214 0.6338149309158325 0.019939737394452095
0.41343021392822266 0.5802550315856934 0.020971177145838737
0.39681071043014526 0.5504851937294006 0.019072016701102257
0.3827376961708069 0.5200337767601013 0.015219590626657009
0.47382327914237976 0.609094500541687 0.015061366371810436
0.4357241094112396 0.5519114136695862 0.013112430460751057
0.4143368601799011 0.5196506381034851 0.005311678163707256
0.393065482378006 0.4900185465812683 -0.0014071858022361994
0.5044423937797546 0.6029900312423706 0.0071447743102908134
0.500160276889801 0.5236690640449524 -0.001312603591941297
0.49635055661201477 0.46778303384780884 -0.010479295626282692
0.49134549498558044 0.4251737594604492 -0.016858749091625214
0.5380038022994995 0.6114353537559509 -0.0015078885480761528
0.5351836681365967 0.5470784902572632 -0.007988018915057182
0.5300159454345703 0.5093362927436829 -0.01066606491804123
0.5235122442245483 0.4718833863735199 -0.013173352926969528
