Alex_image_three_32.jpg
0.4257053732872009 0.6724683046340942 7.95345272308623e-07
0.48029038310050964 0.6835880279541016 -0.03323207050561905
0.5381650924682617 0.6883062124252319 -0.04613350331783295
0.586705207824707 0.7025566101074219 -0.05823863670229912
0.6243709325790405 0.7244635820388794 -0.06935988366603851
0.578788161277771 0.6103261709213257 -0.009229891002178192
0.6337112784385681 0.5774321556091309 -0.02539467252790928
0.6657156348228455 0.5526689887046814 -0.03569399192929268
0.6936407089233398 0.5291196703910828 -0.04149020463228226
0.5556378960609436 0.5727445483207703 -0.0038044177927076817
0.5891024470329285 0.5076714754104614 -0.02452247589826584
0.6092267036437988 0.46246933937072754 -0.03806057572364807
0.6290066242218018 0.4214355945587158 -0.042701128870248795
0.5235320329666138 0.5545222163200378 -0.0031682250555604696
0.5137601494789124 0.5159269571304321 -0.039952896535396576
0.493282675743103 0.5640725493431091 -0.05005069077014923
0.48377642035484314 0.6008662581443787 -0.043162234127521515
0.4876540005207062 0.5473338961601257 -0.004598501604050398
0.483371764421463 0.5157888531684875 -0.03245943412184715
0.4701278805732727 0.5529980659484863 -0.03338080272078514
0.4656660258769989 0.5866689682006836 -0.024994293227791786
0.44110673666000366 0.6283891797065735 3.673480932775419e-07
0.46507391333580017 0.6322250366210938 -0.01990278996527195
0.48661360144615173 0.6056336760520935 -0.027964595705270767
0.4938303828239441 0.5667866468429565 -0.03723207861185074
0.5011718273162842 0.546959638595581 -0.04493521526455879
0.5375358462333679 0.5864651799201965 -0.004783204756677151
0.5672244429588318 0.5564579367637634 -0.021986842155456543
0.5869059562683105 0.5337694883346558 -0.032718051224946976
0.6000664830207825 0.5159214735031128 -0.039280734956264496
0.5274680256843567 0.5569475293159485 -0.00749355461448431
0.5654960870742798 0.5166769027709961 -0.030272815376520157
0.5871866941452026 0.4819333851337433 -0.04340791702270508
0.606952428817749 0.4532744288444519 -0.04808436706662178
0.5083432197570801 0.53952556848526 -0.013977132737636566
0.514996349811554 0.5013809204101562 -0.045485660433769226
0.492961585521698 0.5460817813873291 -0.048899419605731964
0.485196977853775 0.5831552743911743 -0.041107289493083954
0.4807029962539673 0.5326294302940369 -0.022010816261172295
0.4822061061859131 0.5055481791496277 -0.049599748104810715
0.4698963463306427 0.5393833518028259 -0.051304105669260025
0.46642133593559265 0.5720686912536621 -0.04545169323682785
