Alex_image_four_74.jpg
0.5106003880500793 0.7123045921325684 4.796788175553957e-07
0.4939021170139313 0.6637585759162903 0.02661246806383133
0.47800689935684204 0.6258391737937927 0.03275950998067856
0.46392759680747986 0.5968881845474243 0.03441751003265381
0.4710211455821991 0.5619561672210693 0.035545557737350464
0.4105622470378876 0.6207895874977112 0.003986224997788668
0.3650900423526764 0.5864283442497253 0.0012634381419047713
0.337983101606369 0.5642062425613403 0.0022960638161748648
0.31947314739227295 0.541782796382904 0.0012373330537229776
0.3997017741203308 0.6393440365791321 -0.01090332679450512
0.3308916687965393 0.6491969227790833 -0.027103513479232788
0.28759264945983887 0.65538090467453 -0.03784012794494629
0.25823718309402466 0.6514610648155212 -0.04468198120594025
0.4008539021015167 0.6724101901054382 -0.020403636619448662
0.35052651166915894 0.7249835133552551 -0.025796236470341682
0.3269839882850647 0.7601897716522217 -0.02422773465514183
0.3072803020477295 0.770876407623291 -0.024042565375566483
0.4091021716594696 0.7099090218544006 -0.027433808892965317
0.40008360147476196 0.7582857608795166 -0.02747274376451969
0.4206843972206116 0.7658132314682007 -0.023593490943312645
0.43455469608306885 0.7555044889450073 -0.020908353850245476
