Alex_image_four_52.jpg
0.4113234877586365 0.6511836051940918 6.557759775205341e-07
0.4681130051612854 0.6263521313667297 -0.02492399513721466
0.5128709673881531 0.5882810950279236 -0.031903743743896484
0.557652473449707 0.5665565729141235 -0.03700678050518036
0.5971675515174866 0.5682765245437622 -0.04275885969400406
0.47380128502845764 0.4749132990837097 -0.010961038991808891
0.49461033940315247 0.4074627757072449 -0.01201628427952528
0.5053439736366272 0.3622268736362457 -0.011972138658165932
0.5139650106430054 0.32644516229629517 -0.013525847345590591
0.4376291036605835 0.46905049681663513 -0.008659843355417252
0.4264599680900574 0.388086199760437 -0.0029066260904073715
0.42296913266181946 0.33888933062553406 -0.003190072951838374
0.4192425012588501 0.2985760569572449 -0.005020265467464924
0.4079696536064148 0.4894672632217407 -0.01035796944051981
0.37167420983314514 0.43746864795684814 -0.02175065316259861
0.35268017649650574 0.4040614366531372 -0.04097212105989456
0.33736884593963623 0.3727807402610779 -0.05376928299665451
0.3846220076084137 0.5236788988113403 -0.01391548290848732
0.358362078666687 0.5219888091087341 -0.034587062895298004
0.3668687045574188 0.5441222190856934 -0.05035373196005821
0.37907618284225464 0.5653366446495056 -0.059786032885313034
