Alex_image_zero_42.jpg
0.42110922932624817 0.5895901918411255 -3.827152852409199e-07
0.47360488772392273 0.5724049210548401 -0.0017031971365213394
0.5074267983436584 0.5397177934646606 -0.008376131765544415
0.5310529470443726 0.517765998840332 -0.017747431993484497
0.5389366149902344 0.49899822473526 -0.024083953350782394
0.4739270806312561 0.4379722476005554 0.0053873988799750805
0.5214592218399048 0.4652867615222931 -0.01149689219892025
0.5097932815551758 0.49907299876213074 -0.024973034858703613
0.4916090965270996 0.5036193132400513 -0.03511722758412361
0.4619576036930084 0.43515342473983765 -0.004557169042527676
0.5196020603179932 0.47148171067237854 -0.018062649294734
0.5066167116165161 0.5074700117111206 -0.02353978157043457
0.48982733488082886 0.5058934092521667 -0.02748175524175167
0.45517781376838684 0.4484221935272217 -0.01681680418550968
0.5118910074234009 0.4852624833583832 -0.0270176250487566
0.5009930729866028 0.5175074338912964 -0.02421415038406849
0.48335355520248413 0.5137946009635925 -0.023196347057819366
0.4542630910873413 0.47371622920036316 -0.030720455572009087
0.49980929493904114 0.5097293853759766 -0.036971934139728546
0.49135488271713257 0.5325468182563782 -0.036393288522958755
0.47561341524124146 0.5288012027740479 -0.036218516528606415
