Alex_image_one_79.jpg
0.4178697168827057 0.5381195545196533 -6.049839385013911e-08
0.4507260322570801 0.5454514622688293 -0.030969474464654922
0.4911317229270935 0.5322128534317017 -0.044368889182806015
0.5228946805000305 0.5229708552360535 -0.05427059158682823
0.5464903116226196 0.5202259421348572 -0.06093462184071541
0.4914979338645935 0.46790412068367004 -0.020239124074578285
0.49221137166023254 0.4317606985569 -0.0443849191069603
0.4752458930015564 0.467938631772995 -0.054139621555805206
0.46891269087791443 0.49661555886268616 -0.055741436779499054
0.46638593077659607 0.45436200499534607 -0.011712717823684216
0.4655158519744873 0.42033278942108154 -0.039888378232717514
0.4488762617111206 0.4674263000488281 -0.044990040361881256
0.4473112225532532 0.4943390190601349 -0.04042266309261322
0.44148024916648865 0.4488146901130676 -0.00810902938246727
0.4417590796947479 0.4170823097229004 -0.036852750927209854
0.42792031168937683 0.4612746238708496 -0.033601656556129456
0.42755937576293945 0.4878487288951874 -0.02235175296664238
0.41917356848716736 0.45035892724990845 -0.006597280967980623
0.4185251295566559 0.4252370595932007 -0.025077076628804207
0.4113616347312927 0.45587968826293945 -0.02248266339302063
0.4124508202075958 0.4783325791358948 -0.014362139627337456
