Alex_image_three_77.jpg
0.5429179668426514 0.6954174637794495 4.040829821860825e-07
0.5557074546813965 0.5958153009414673 0.003794050542637706
0.5682604312896729 0.5059283971786499 -0.007037460803985596
0.5849020481109619 0.42923271656036377 -0.021022384986281395
0.6112095713615417 0.3792964816093445 -0.038643673062324524
0.4942891299724579 0.46681055426597595 -0.031625084578990936
0.4522331953048706 0.3603043258190155 -0.048101745545864105
0.42477646470069885 0.2975485324859619 -0.05667098984122276
0.40474772453308105 0.24640502035617828 -0.06187525764107704
0.4582485556602478 0.4985275864601135 -0.03775237873196602
0.3678692579269409 0.4474930167198181 -0.05591389536857605
0.31273365020751953 0.4164999723434448 -0.06605761498212814
0.27233394980430603 0.39700931310653687 -0.07268848270177841
0.4313841462135315 0.5511595010757446 -0.038756564259529114
0.3802875876426697 0.5631591081619263 -0.045039549469947815
0.4053475260734558 0.5866756439208984 -0.04130195453763008
0.4329518675804138 0.6023581027984619 -0.03697223588824272
0.40799278020858765 0.6091652512550354 -0.039266012609004974
0.38401609659194946 0.6244844198226929 -0.039282746613025665
0.40993332862854004 0.6444879770278931 -0.030185319483280182
0.4337126612663269 0.6530397534370422 -0.020265458151698112
