Alex_image_four_30.jpg
0.5250892639160156 0.8118175268173218 9.039736710292345e-07
0.5807411074638367 0.8230279684066772 -0.042166005820035934
0.6279033422470093 0.8172242641448975 -0.06246417015790939
0.6811454892158508 0.8245486617088318 -0.0772290974855423
0.7253738641738892 0.8463531732559204 -0.09180350601673126
0.6454211473464966 0.6789450645446777 -0.03672846034169197
0.6927801966667175 0.6210433840751648 -0.051469430327415466
0.7207246422767639 0.5820163488388062 -0.06351406127214432
0.7473686337471008 0.5487310886383057 -0.07415281236171722
0.6156203150749207 0.6453478932380676 -0.03121822141110897
0.6461485624313354 0.5645034909248352 -0.04493284970521927
0.6677318811416626 0.5143046975135803 -0.06052207946777344
0.6891244053840637 0.47457510232925415 -0.07217177748680115
0.5774859189987183 0.6417456865310669 -0.02943834476172924
0.5806785821914673 0.5565699934959412 -0.055070098489522934
0.5821717977523804 0.5041680335998535 -0.07966207712888718
0.5878636837005615 0.4631313681602478 -0.09587644040584564
0.5385587215423584 0.6622525453567505 -0.030129428952932358
0.5299122929573059 0.6323336362838745 -0.059048015624284744
0.5318006873130798 0.6597179174423218 -0.07316340506076813
0.5370700359344482 0.6904363632202148 -0.08118221163749695
