Alex_image_one_56.jpg
0.5370173454284668 0.6235805749893188 -5.823250504022326e-08
0.521974503993988 0.6568882465362549 -0.0354931503534317
0.49234896898269653 0.6814765930175781 -0.05375025421380997
0.4634556472301483 0.6930222511291504 -0.06715219467878342
0.4420599639415741 0.7076547145843506 -0.07517381012439728
0.44679391384124756 0.6368557810783386 -0.025960495695471764
0.43621325492858887 0.593461275100708 -0.04445616155862808
0.4611915647983551 0.6069274544715881 -0.04844433069229126
0.47123095393180847 0.6250482201576233 -0.04746823385357857
0.4560075104236603 0.6120177507400513 -0.01451553963124752
0.44798731803894043 0.5751444101333618 -0.03512890264391899
0.47718846797943115 0.5958022475242615 -0.035233866423368454
0.47845324873924255 0.6151227355003357 -0.02974029630422592
0.4652761220932007 0.5900148749351501 -0.007859856821596622
0.4588773846626282 0.5594910383224487 -0.026604052633047104
0.4828072786331177 0.5794546008110046 -0.0208083838224411
0.4847029447555542 0.599306583404541 -0.012192620895802975
0.47419261932373047 0.5723917484283447 -0.00425470806658268
0.47126761078834534 0.5503899455070496 -0.015101756900548935
0.4870968759059906 0.5665807723999023 -0.012675526551902294
0.48939868807792664 0.5849360823631287 -0.007951361127197742
0.5521398782730103 0.6412168145179749 -1.3028980561102799e-07
0.5308388471603394 0.6536369919776917 -0.047032762318849564
0.5022915005683899 0.6757311820983887 -0.07000894844532013
0.4727694094181061 0.6909267902374268 -0.08538542687892914
0.44744938611984253 0.7079891562461853 -0.0942930281162262
0.44489333033561707 0.6467750668525696 -0.03756161406636238
0.4338247776031494 0.5936370491981506 -0.05952133610844612
0.4676213562488556 0.606886088848114 -0.06719048321247101
0.4762852191925049 0.6304598450660706 -0.0689651370048523
0.45289528369903564 0.6192470788955688 -0.01979110948741436
0.4416464567184448 0.5727400779724121 -0.04573092237114906
0.4781326651573181 0.5917695164680481 -0.050419971346855164
0.48105281591415405 0.6178655624389648 -0.04818381741642952
0.4628528952598572 0.5955919027328491 -0.007032179273664951
0.45421597361564636 0.5558873414993286 -0.03117375634610653
0.4833309054374695 0.5751786828041077 -0.0282833781093359
0.48702701926231384 0.6017897725105286 -0.020656121894717216
0.47126471996307373 0.5791794061660767 0.002382314531132579
0.4647567570209503 0.5498166680335999 -0.009933656081557274
0.4842837154865265 0.5643991827964783 -0.0073513248935341835
0.4892578423023224 0.5858420729637146 -0.0024136430583894253
