Alex_image_five_17.jpg
0.4957911968231201 0.6045703291893005 2.4312740265486354e-07
0.465871125459671 0.6265653371810913 -0.032105833292007446
0.44031834602355957 0.6589676737785339 -0.05386090278625488
0.41114360094070435 0.6791979074478149 -0.07270055264234543
0.3858916163444519 0.6965914368629456 -0.09329865127801895
0.5080365538597107 0.6843439936637878 -0.05129426345229149
0.526636004447937 0.7242625951766968 -0.07307364046573639
0.5405484437942505 0.7501650452613831 -0.08924416452646255
0.556067705154419 0.774867832660675 -0.10086800903081894
0.5344985127449036 0.6712090969085693 -0.047149062156677246
0.5640023946762085 0.7138671875 -0.06431551277637482
0.5841021537780762 0.7392234206199646 -0.07592067122459412
0.6048179268836975 0.761089026927948 -0.086178258061409
0.5514187216758728 0.6527093052864075 -0.04445271193981171
0.5828849077224731 0.6834341883659363 -0.0584997683763504
0.6037383079528809 0.7026116847991943 -0.0653284415602684
0.6240581274032593 0.7203443050384521 -0.07129967212677002
0.561292290687561 0.6286470890045166 -0.04482812434434891
0.5864621996879578 0.6498495936393738 -0.05528988316655159
0.6025210022926331 0.6631514430046082 -0.05849410593509674
0.6180856227874756 0.6753553748130798 -0.061769746243953705
