Alex_image_two_77.jpg
0.3860763907432556 0.5517897605895996 1.8814304780789826e-07
0.43625408411026 0.5409025549888611 -0.009695661254227161
0.4810090661048889 0.5286728739738464 -0.01029764860868454
0.5166705250740051 0.512577474117279 -0.013388366438448429
0.5450465679168701 0.5115715265274048 -0.017279354855418205
0.4643721878528595 0.5059950351715088 0.022366562858223915
0.48621541261672974 0.4894528090953827 0.019647929817438126
0.4999556541442871 0.47375884652137756 0.014251156710088253
0.509455144405365 0.45726293325424194 0.007835024036467075
0.4371320605278015 0.4865245521068573 0.020286982879042625
0.4346429109573364 0.4491698741912842 0.008086209185421467
0.42609912157058716 0.4830329716205597 -0.0005896267248317599
0.42516571283340454 0.5029186606407166 -0.003493459429591894
0.4070722758769989 0.47955837845802307 0.014984522946178913
0.40483352541923523 0.4486350417137146 -0.0027477785479277372
0.4025854468345642 0.4861414134502411 -0.003005924168974161
0.4041155278682709 0.5066283941268921 0.0014160098508000374
0.3776952624320984 0.4824273884296417 0.008818709291517735
0.38227444887161255 0.45895618200302124 -0.004043199587613344
0.3844417333602905 0.4814358055591583 -0.0025179926306009293
0.39159730076789856 0.4963251054286957 0.0009785281727090478
