Alex_image_zero_30.jpg
0.6545656323432922 0.5121619701385498 -2.246309094289245e-07
0.595952570438385 0.4578111171722412 -0.016740264371037483
0.5641539692878723 0.41362589597702026 -0.04111923277378082
0.5386068224906921 0.3880650997161865 -0.06287313252687454
0.5245233774185181 0.38330769538879395 -0.08079434931278229
0.6182039976119995 0.29329898953437805 -0.0423213467001915
0.5426051020622253 0.31870678067207336 -0.06536779552698135
0.5512409210205078 0.3619459867477417 -0.07881555706262589
0.5720351934432983 0.36698755621910095 -0.08959376066923141
0.6377297043800354 0.3154316544532776 -0.04959796741604805
0.549548864364624 0.3505617082118988 -0.06567000597715378
0.5641406178474426 0.38943883776664734 -0.06663928180932999
0.5865253806114197 0.3905433714389801 -0.07032757997512817
0.6454023718833923 0.35790708661079407 -0.05788654461503029
0.5649751424789429 0.39379897713661194 -0.0662410706281662
0.5765286087989807 0.42642852663993835 -0.054561395198106766
0.5988425016403198 0.42253321409225464 -0.05152542144060135
0.6452489495277405 0.4085230827331543 -0.06919854879379272
0.5807133913040161 0.44265565276145935 -0.07696342468261719
0.5889161229133606 0.4640960395336151 -0.07226105034351349
0.6091417074203491 0.4582116901874542 -0.0699438825249672
