Alex_image_five_7.jpg
0.45042264461517334 0.7123784422874451 1.015417524286022e-06
0.4972062110900879 0.7800880670547485 -0.05671941488981247
0.5487427711486816 0.8455134630203247 -0.09498745203018188
0.584632158279419 0.9215987324714661 -0.12871423363685608
0.6073670983314514 0.9902907609939575 -0.16253389418125153
0.6398575305938721 0.700100302696228 -0.0683388039469719
0.7273433804512024 0.6985244750976562 -0.10357814282178879
0.7796101570129395 0.6891219615936279 -0.12963004410266876
0.8256382942199707 0.6769610047340393 -0.14850768446922302
0.6281325221061707 0.6298087239265442 -0.06351035088300705
0.7164459824562073 0.6094238758087158 -0.09289263188838959
0.7725739479064941 0.5936669707298279 -0.1144653856754303
0.819564700126648 0.5771717429161072 -0.129957377910614
0.597196102142334 0.576999843120575 -0.06413573026657104
0.6659705638885498 0.5182921886444092 -0.09361228346824646
0.7085963487625122 0.47897136211395264 -0.11779257655143738
0.7455518841743469 0.44692546129226685 -0.13357318937778473
0.5518310070037842 0.5421338677406311 -0.06947239488363266
0.5819883346557617 0.47665736079216003 -0.09754841029644012
0.6026180982589722 0.4305676817893982 -0.1136438176035881
0.6271991729736328 0.39002493023872375 -0.1235092505812645
