Alex_image_one_60.jpg
0.45943766832351685 0.6094740629196167 -2.107545356011542e-07
0.5060582160949707 0.5817540287971497 -0.00612939428538084
0.5374331474304199 0.5427076816558838 -0.004998056683689356
0.555337131023407 0.5071704983711243 -0.0033862339332699776
0.5710036754608154 0.49818921089172363 0.002672368660569191
0.4984351694583893 0.48668164014816284 -0.0007089774589985609
0.5139588713645935 0.4541776180267334 -0.011489812284708023
0.5089820027351379 0.4986129105091095 -0.012767817825078964
0.49974700808525085 0.513644278049469 -0.011707533150911331
0.4743174612522125 0.4847590923309326 -0.002022873843088746
0.4890323281288147 0.4566587805747986 -0.01810787059366703
0.48686403036117554 0.5091940760612488 -0.02186700329184532
0.47760647535324097 0.516758382320404 -0.021656543016433716
0.4521676301956177 0.4901917576789856 -0.004368583671748638
0.4660433828830719 0.4568127989768982 -0.019622476771473885
0.46740999817848206 0.5062083005905151 -0.011463349685072899
0.4576835036277771 0.5162200331687927 -0.0025846741627901793
0.4273814558982849 0.49980780482292175 -0.006873650010675192
0.4395589828491211 0.47034209966659546 -0.014559052884578705
0.44726455211639404 0.5019678473472595 -0.005369720049202442
0.4404240548610687 0.5125424265861511 0.0036014732904732227
