Alex_image_two_73.jpg
0.45961520075798035 0.6343085765838623 5.556137327999977e-09
0.4643092453479767 0.5950231552124023 0.01506998110562563
0.47711023688316345 0.5652819871902466 0.014376359060406685
0.47070804238319397 0.5359140634536743 0.00818922370672226
0.4524555206298828 0.5155768394470215 -9.549114474793896e-05
0.5427768230438232 0.5501945614814758 0.00900747999548912
0.5937621593475342 0.5619253516197205 0.007294133771210909
0.625141978263855 0.5634852647781372 0.0030821235850453377
0.6512576341629028 0.5644454956054688 -0.0018077298300340772
0.5506613254547119 0.5614207983016968 -0.00388011964969337
0.5635895729064941 0.6115532517433167 -0.008038665167987347
0.5473575592041016 0.629425048828125 -0.010842353105545044
0.5366216897964478 0.635702908039093 -0.013160550966858864
0.5522845983505249 0.5855181813240051 -0.015174859203398228
0.5595881938934326 0.6353853344917297 -0.017058705911040306
0.542554497718811 0.6487264633178711 -0.014655240811407566
0.5310079455375671 0.6489338278770447 -0.013879314996302128
0.5518183708190918 0.6119334101676941 -0.025885149836540222
0.5529109239578247 0.6518763899803162 -0.026065248996019363
0.536901593208313 0.6643277406692505 -0.021797697991132736
0.5258603096008301 0.664004385471344 -0.01837838999927044
