Alex_image_three_90.jpg
0.6377924084663391 0.7334285974502563 9.230315072272788e-07
0.5903798341751099 0.6351910829544067 -0.0016252882778644562
0.5615971088409424 0.5337897539138794 -0.010515782050788403
0.5372622013092041 0.4679856300354004 -0.026237905025482178
0.49965405464172363 0.432332307100296 -0.04228797182440758
0.6733878254890442 0.47627878189086914 -0.010046998970210552
0.687900960445404 0.37577909231185913 -0.02534734085202217
0.6948476433753967 0.31854379177093506 -0.03652486950159073
0.7064847350120544 0.2660291790962219 -0.047823816537857056
0.7152649164199829 0.511608362197876 -0.0313965380191803
0.7813900709152222 0.4313439130783081 -0.0609896257519722
0.8266463279724121 0.37418779730796814 -0.0839633196592331
0.8700016140937805 0.325064480304718 -0.09868693351745605
0.7438428997993469 0.5710006356239319 -0.051732879132032394
0.7561826109886169 0.5434585213661194 -0.08600123971700668
0.7024500966072083 0.5841229557991028 -0.0867600366473198
0.6654787659645081 0.6116913557052612 -0.07947921752929688
0.757522463798523 0.640526294708252 -0.07238216698169708
0.7713583111763 0.6087998151779175 -0.09881200641393661
0.7312361001968384 0.6261192560195923 -0.09233406186103821
0.6976913213729858 0.6450698375701904 -0.08256359398365021
