Alex_image_spock_70.jpg
0.3494241535663605 0.7123358845710754 3.3182922720698116e-07
0.34960508346557617 0.6476186513900757 0.03802429884672165
0.3552550971508026 0.6125139594078064 0.03772278130054474
0.3566245436668396 0.577561616897583 0.030523186549544334
0.3484557569026947 0.5443057417869568 0.021483445540070534
0.43466266989707947 0.5709800720214844 -0.0061384541913867
0.4907304644584656 0.5362400412559509 -0.011750278063118458
0.5233094096183777 0.5155050754547119 -0.014901085756719112
0.5509153604507446 0.4945361018180847 -0.019965974614024162
0.4527513086795807 0.5999478101730347 -0.03055901825428009
0.5079749822616577 0.5561032891273499 -0.05103802680969238
0.5431976914405823 0.5253856182098389 -0.065678171813488
0.572099506855011 0.5029202103614807 -0.07729339599609375
0.46271374821662903 0.6445916295051575 -0.0473463237285614
0.5324509739875793 0.6412004232406616 -0.05583958327770233
0.5788918733596802 0.6480481624603271 -0.05470896512269974
0.6160812973976135 0.6467504501342773 -0.05570251867175102
0.4669569134712219 0.6919760704040527 -0.059339988976716995
0.5232918858528137 0.6882621645927429 -0.05865874141454697
0.5543524622917175 0.6912356019020081 -0.05128559470176697
0.583855152130127 0.6845141053199768 -0.04752136021852493
