Alex_image_four_95.jpg
0.6214799284934998 0.6646106839179993 4.073172021890059e-07
0.5691981911659241 0.6414989829063416 -0.019793450832366943
0.5196380019187927 0.589157223701477 -0.026325149461627007
0.47947943210601807 0.5522220134735107 -0.03185088932514191
0.44127875566482544 0.536247193813324 -0.037588704377412796
0.5559440851211548 0.48788365721702576 -0.023071950301527977
0.529796302318573 0.41456395387649536 -0.03558042645454407
0.5167539715766907 0.3747398257255554 -0.04076557978987694
0.505249559879303 0.3408989906311035 -0.04572698101401329
0.5882553458213806 0.4811479449272156 -0.02698167786002159
0.5936367511749268 0.4009251892566681 -0.04390989616513252
0.5986605882644653 0.35132360458374023 -0.05454699695110321
0.6060190796852112 0.3097570240497589 -0.06082414835691452
0.6167516112327576 0.4980871081352234 -0.03297944366931915
0.6335955262184143 0.47063151001930237 -0.06094599515199661
0.6395476460456848 0.47220683097839355 -0.07884801179170609
0.6479215621948242 0.46514201164245605 -0.08757153153419495
0.6398656964302063 0.528448224067688 -0.0392078272998333
0.6567634344100952 0.5488148331642151 -0.0704730674624443
0.661119818687439 0.574291467666626 -0.08545296639204025
0.6670346260070801 0.5834720730781555 -0.09284063428640366
