Alex_image_zero_65.jpg
0.5240861177444458 0.5591373443603516 -2.1861063714823104e-07
0.5170273780822754 0.5131176710128784 -0.042285457253456116
0.5235391855239868 0.45422154664993286 -0.05135950818657875
0.5217258930206299 0.4046955406665802 -0.05047958716750145
0.5213559865951538 0.37646642327308655 -0.044427454471588135
0.5990172624588013 0.4596826434135437 -0.023824326694011688
0.5667082667350769 0.39742398262023926 -0.029995325952768326
0.5514518618583679 0.42078250646591187 -0.03315340355038643
0.5541179776191711 0.4423171877861023 -0.0331515409052372
0.5959395170211792 0.4644002914428711 0.0007087535341270268
0.5611110329627991 0.4056173264980316 -0.009473465383052826
0.5461377501487732 0.427327424287796 -0.016071178019046783
0.5471059679985046 0.44847437739372253 -0.017330698668956757
0.5866655707359314 0.46725305914878845 0.02211722731590271
0.5553911924362183 0.4168948233127594 0.011401637457311153
0.5407211184501648 0.4322238266468048 0.00455428333953023
0.5397747755050659 0.4529170095920563 0.004023427609354258
0.5763815641403198 0.46831396222114563 0.04088184982538223
0.5551480650901794 0.4290245771408081 0.03100905939936638
0.542638897895813 0.44029858708381653 0.02536635287106037
0.5413674712181091 0.46086591482162476 0.025793198496103287
