Alex_image_three_44.jpg
0.3690139651298523 0.7320389747619629 5.441138455353212e-07
0.42129018902778625 0.7289917469024658 -0.0042079114355146885
0.4636204242706299 0.704885721206665 -0.014800652861595154
0.48898524045944214 0.6851659417152405 -0.030693890526890755
0.49196645617485046 0.6629007458686829 -0.04494019225239754
0.4682278037071228 0.5779474973678589 -0.008176273666322231
0.5137247443199158 0.5292075276374817 -0.029066933318972588
0.5446735620498657 0.492889940738678 -0.041697002947330475
0.5684801340103149 0.4566500782966614 -0.04997439309954643
0.44778841733932495 0.5592501163482666 -0.022076096385717392
0.499634712934494 0.5278026461601257 -0.04842086508870125
0.5348020792007446 0.5049126148223877 -0.06057577580213547
0.5588793158531189 0.47429442405700684 -0.06548988074064255
0.4284842908382416 0.5578611493110657 -0.03735511749982834
0.48132672905921936 0.5987687110900879 -0.06538312137126923
0.46582791209220886 0.6479654312133789 -0.06426570564508438
0.44496265053749084 0.6611146330833435 -0.056095775216817856
0.41578155755996704 0.5751493573188782 -0.05407602712512016
0.45851632952690125 0.62691330909729 -0.0707804262638092
0.4450073838233948 0.6597387790679932 -0.06776312738656998
0.4247196912765503 0.6614106893539429 -0.06139474734663963
