Alex_image_three_78.jpg
0.5229973793029785 0.6917929649353027 5.703966508008307e-07
0.5417404174804688 0.5939942598342896 -0.0002668639353942126
0.5473135709762573 0.5020091533660889 -0.011096012778580189
0.5564577579498291 0.42261165380477905 -0.025441842153668404
0.582283079624176 0.3688933253288269 -0.04239707812666893
0.4575212001800537 0.46359023451805115 -0.03193967416882515
0.40946120023727417 0.36160898208618164 -0.05031542852520943
0.3786979019641876 0.3052852153778076 -0.05762752890586853
0.35566776990890503 0.26215893030166626 -0.059953439980745316
0.4196801483631134 0.5040864944458008 -0.036191124469041824
0.3299903869628906 0.47475531697273254 -0.054162513464689255
0.27277615666389465 0.45805132389068604 -0.06056639179587364
0.2309257835149765 0.4461836814880371 -0.06223887577652931
0.3959641456604004 0.5639349222183228 -0.03704916313290596
0.3630838990211487 0.5887497663497925 -0.048350993543863297
0.38839924335479736 0.6038793325424194 -0.046938925981521606
0.41567397117614746 0.615048885345459 -0.040169667452573776
0.3785344064235687 0.6265623569488525 -0.037655871361494064
0.37083977460861206 0.6492791175842285 -0.03855673596262932
0.39613229036331177 0.6611590385437012 -0.03128115087747574
0.419918030500412 0.6641969680786133 -0.020872099325060844
