Alex_image_spock_100.jpg
0.4557757079601288 0.7310432195663452 8.132539619509771e-07
0.5179826617240906 0.6819658875465393 -0.03949775919318199
0.5452513694763184 0.5889173746109009 -0.04991256445646286
0.5406028628349304 0.49932998418807983 -0.055150825530290604
0.5437378883361816 0.4243382513523102 -0.05719279870390892
0.4875054955482483 0.46483665704727173 -0.01790490932762623
0.4788525700569153 0.37206214666366577 -0.024897567927837372
0.4703170955181122 0.3157937824726105 -0.029496924951672554
0.46069395542144775 0.2648317217826843 -0.035750117152929306
0.4346741735935211 0.460847407579422 -0.012445150874555111
0.4342987835407257 0.3573095500469208 -0.022538771852850914
0.43706995248794556 0.29463136196136475 -0.03182641416788101
0.4378224313259125 0.23549337685108185 -0.03809767961502075
0.39076071977615356 0.48937031626701355 -0.012895077466964722
0.340023934841156 0.3987116515636444 -0.03713645786046982
0.3116656541824341 0.34998443722724915 -0.05494123697280884
0.2908307909965515 0.30093592405319214 -0.06444871425628662
0.3537810146808624 0.5428851842880249 -0.016232052817940712
0.3200082778930664 0.4640861749649048 -0.04382668435573578
0.30298328399658203 0.41979727149009705 -0.06075981631875038
0.2906882166862488 0.36967727541923523 -0.07092324644327164
