Alex_image_four_62.jpg
0.41137170791625977 0.6933928728103638 4.572663669932808e-07
0.4923643469810486 0.7135254740715027 -0.010698274709284306
0.559624433517456 0.731156587600708 -0.007109148893505335
0.6061774492263794 0.7615882754325867 -0.004172830376774073
0.6400349140167236 0.7853410243988037 -0.0020572636276483536
0.5689818263053894 0.6214442253112793 0.026596764102578163
0.6239412426948547 0.5664205551147461 0.0487835593521595
0.6517686247825623 0.5412302017211914 0.05844532325863838
0.6801459193229675 0.5213242769241333 0.05878815799951553
0.5422488451004028 0.5964275002479553 0.03314350172877312
0.5578287839889526 0.5188726782798767 0.05310867726802826
0.55730801820755 0.5137513875961304 0.052829559892416
0.5551062822341919 0.5086773633956909 0.04801894351840019
0.5084673762321472 0.5824149250984192 0.03688129037618637
0.5260871052742004 0.5240843892097473 0.047401174902915955
0.5230584144592285 0.5315052270889282 0.03566613793373108
0.5177095532417297 0.5353761315345764 0.024036113172769547
0.48013290762901306 0.5818055272102356 0.03905034065246582
0.4771389067173004 0.5736033916473389 0.03713119029998779
0.4766680598258972 0.5881546139717102 0.0209872517734766
0.47729331254959106 0.5989007949829102 0.00822349265217781
