Alex_image_spock_57.jpg
0.4569767415523529 0.5925688743591309 1.9617205282429495e-07
0.49289634823799133 0.5269798636436462 -0.01524046529084444
0.5015097856521606 0.4521544575691223 -0.02629091404378414
0.5051108598709106 0.3957277238368988 -0.037681758403778076
0.5070843696594238 0.3501405715942383 -0.0497901625931263
0.4301557242870331 0.3921213746070862 -0.026700861752033234
0.39187926054000854 0.332660973072052 -0.04718555882573128
0.3666759133338928 0.30084627866744995 -0.06235280632972717
0.34009915590286255 0.27096331119537354 -0.07464142888784409
0.4070790112018585 0.41170603036880493 -0.035083554685115814
0.3653786778450012 0.34184640645980835 -0.05771281570196152
0.3391880393028259 0.29741233587265015 -0.0771690160036087
0.310028076171875 0.2581779360771179 -0.0920906737446785
0.39667046070098877 0.44915980100631714 -0.044756002724170685
0.33992013335227966 0.40978118777275085 -0.06871921569108963
0.3029569387435913 0.3865828514099121 -0.08479325473308563
0.26737093925476074 0.36211901903152466 -0.09600351005792618
0.395490825176239 0.4980376064777374 -0.055386174470186234
0.35711607336997986 0.4710541069507599 -0.07790805399417877
0.3326423168182373 0.4505481719970703 -0.09030517190694809
0.30756184458732605 0.4245271682739258 -0.09925655275583267
