Alex_image_two_62.jpg
0.3889024257659912 0.5811221599578857 1.1252375742287768e-07
0.4208509922027588 0.5830397009849548 -0.038339413702487946
0.46096915006637573 0.5819534659385681 -0.05209796130657196
0.4982888102531433 0.5905546545982361 -0.061367228627204895
0.525762677192688 0.6084661483764648 -0.06733923405408859
0.49525055289268494 0.5234845876693726 -0.018495695665478706
0.5334105491638184 0.4965551197528839 -0.040248312056064606
0.5554776191711426 0.4733726382255554 -0.0523955300450325
0.5786263346672058 0.4522373676300049 -0.05904214829206467
0.4742112457752228 0.5072866082191467 -0.0072654495015740395
0.4659023880958557 0.46572965383529663 -0.03423217311501503
0.44173797965049744 0.5021173357963562 -0.037699006497859955
0.450712114572525 0.5250009298324585 -0.03249898552894592
0.45319831371307373 0.49091553688049316 -0.002244838746264577
0.4436253607273102 0.4576815664768219 -0.03038983978331089
0.424895703792572 0.4922747015953064 -0.025982901453971863
0.4358675479888916 0.5114965438842773 -0.014509835280478
0.4332280457019806 0.47907474637031555 -0.0011852531461045146
0.4255325198173523 0.45126521587371826 -0.018518181517720222
0.41371461749076843 0.47650131583213806 -0.014719078317284584
0.4172036051750183 0.49846696853637695 -0.005816924385726452
