Alex_image_one_22.jpg
0.6090140342712402 0.6348420977592468 -1.683667107954534e-07
0.5570775270462036 0.6800327897071838 -0.04741212725639343
0.5059543251991272 0.7327532768249512 -0.07713751494884491
0.4570882022380829 0.7840487957000732 -0.1020030751824379
0.42492833733558655 0.8304206132888794 -0.12036464363336563
0.4480464458465576 0.6367069482803345 -0.04207248613238335
0.419223815202713 0.5788268446922302 -0.06771787256002426
0.46883273124694824 0.5990598201751709 -0.0770370215177536
0.4912016987800598 0.6335121393203735 -0.07903658598661423
0.4678392708301544 0.5886465311050415 -0.02869582176208496
0.43357670307159424 0.5395120978355408 -0.057574331760406494
0.48479560017585754 0.5675926208496094 -0.06734603643417358
0.49970734119415283 0.602859616279602 -0.06938943266868591
0.4888138771057129 0.5469777584075928 -0.019957145676016808
0.4556628465652466 0.5043062567710876 -0.043893035501241684
0.4996393322944641 0.5362948179244995 -0.039602361619472504
0.5153862833976746 0.5730891227722168 -0.031797144562006
0.5068251490592957 0.5162776708602905 -0.01512291468679905
0.48117193579673767 0.4815009534358978 -0.02532326988875866
0.5074922442436218 0.5054329633712769 -0.018095403909683228
0.5222795605659485 0.5341680645942688 -0.010377795435488224
