Alex_image_three_58.jpg
0.49646949768066406 0.8640184998512268 4.288892228032637e-07
0.47275596857070923 0.7987061738967896 0.002537063555791974
0.4566965103149414 0.7320129871368408 -0.006656385958194733
0.4368075728416443 0.6773622632026672 -0.019742881879210472
0.41547349095344543 0.6422441005706787 -0.03323362022638321
0.5262415409088135 0.6804426908493042 -0.011365859769284725
0.5468862056732178 0.6032087206840515 -0.020343061536550522
0.5593990087509155 0.5596835613250732 -0.024102138355374336
0.5708076357841492 0.5254389643669128 -0.025679700076580048
0.5598490834236145 0.6990442872047424 -0.020033689215779305
0.610473096370697 0.6476935148239136 -0.023251764476299286
0.6406476497650146 0.615905225276947 -0.024337921291589737
0.6626929044723511 0.5977628231048584 -0.02512442320585251
0.5842376947402954 0.7324119210243225 -0.027977216988801956
0.6063728332519531 0.7384527325630188 -0.027041470631957054
0.5902069211006165 0.763053834438324 -0.022897209972143173
0.5737294554710388 0.7827709913253784 -0.019537199288606644
0.6033963561058044 0.7733066082000732 -0.03655290603637695
0.6142655611038208 0.7857568264007568 -0.03146373853087425
0.598727822303772 0.8052100539207458 -0.022870175540447235
0.5830777287483215 0.8194868564605713 -0.015588590875267982
