Alex_image_one_64.jpg
0.3848862648010254 0.598912239074707 -1.551866546378733e-07
0.421292245388031 0.5575689077377319 -0.007730156648904085
0.44946596026420593 0.5201684236526489 -0.010502359829843044
0.47142258286476135 0.4871760904788971 -0.013262331485748291
0.49099311232566833 0.4880014955997467 -0.011894111521542072
0.402879536151886 0.4741997718811035 -0.001975969411432743
0.3907311260700226 0.4429762363433838 -0.015956085175275803
0.4014914929866791 0.48282378911972046 -0.021979041397571564
0.4085659682750702 0.4970143139362335 -0.024620482698082924
0.3776092231273651 0.486019492149353 -0.0031666643917560577
0.3668639361858368 0.4555942118167877 -0.01957845501601696
0.38250967860221863 0.49914711713790894 -0.021774357184767723
0.388414204120636 0.5070720314979553 -0.021491989493370056
0.35692018270492554 0.5019521713256836 -0.006226243916898966
0.34620922803878784 0.4709206819534302 -0.02074563130736351
0.36146920919418335 0.5090164542198181 -0.01160108670592308
0.36964401602745056 0.5208433270454407 -0.002868357114493847
0.33908742666244507 0.5218019485473633 -0.010195007547736168
0.3264896273612976 0.4990619719028473 -0.016185004264116287
0.3421957492828369 0.5211933255195618 -0.007727638818323612
0.35245847702026367 0.531006395816803 -7.391634426312521e-05
