Alex_image_one_14.jpg
0.4896117150783539 0.7282223105430603 -1.4586964880436426e-07
0.5120111107826233 0.648171603679657 -0.006284744944423437
0.5091190338134766 0.5615026354789734 -0.012342243455350399
0.5074880123138428 0.4893189072608948 -0.0185200497508049
0.5230358242988586 0.4385659694671631 -0.02579481340944767
0.419443279504776 0.5307013392448425 -0.0032928979489952326
0.39818471670150757 0.5612268447875977 -0.005173427518457174
0.41207900643348694 0.5891169905662537 -0.01492253690958023
0.43208280205726624 0.6024690270423889 -0.02241513319313526
0.3877788782119751 0.5674427151679993 -0.003167308634147048
0.3808167278766632 0.6018493175506592 0.003961255308240652
0.3972456157207489 0.6212495565414429 -0.0023903818801045418
0.4155826270580292 0.6313915252685547 -0.010215318761765957
0.3702797591686249 0.6139622330665588 -0.002192748012021184
0.36867719888687134 0.634179413318634 0.004606227390468121
0.38586515188217163 0.6489525437355042 0.0034056317526847124
0.40455949306488037 0.6574189066886902 -0.0003373551880940795
0.35894089937210083 0.6613003015518188 -0.002365322783589363
0.3601791560649872 0.6715778708457947 0.0023113624192774296
0.38027045130729675 0.683576762676239 0.007809589616954327
0.3977228105068207 0.6915158629417419 0.012577766552567482
