Alex_image_one_9.jpg
0.8059283494949341 0.5982540249824524 -4.580552399602311e-07
0.7709420919418335 0.5255570411682129 -0.009173529222607613
0.7638964653015137 0.4508228898048401 -0.013432594947516918
0.7603705525398254 0.40388044714927673 -0.017873451113700867
0.7578341960906982 0.3970082998275757 -0.019828278571367264
0.8302934169769287 0.4200248122215271 -0.013646996580064297
0.8134175539016724 0.39370661973953247 -0.03146615996956825
0.7982322573661804 0.4396737813949585 -0.04023182392120361
0.8025592565536499 0.46222543716430664 -0.04644095152616501
0.8620114326477051 0.4461953938007355 -0.017018543556332588
0.835142195224762 0.4157128632068634 -0.03566291183233261
0.809992253780365 0.4662002921104431 -0.03650864213705063
0.8188495635986328 0.4808458387851715 -0.03594987094402313
0.8813489079475403 0.4836369454860687 -0.022308193147182465
0.8572267889976501 0.4497920870780945 -0.036318399012088776
0.8245607018470764 0.48945584893226624 -0.021933842450380325
0.8336327075958252 0.5041303038597107 -0.010718409903347492
0.8895048499107361 0.5188893675804138 -0.028975117951631546
0.8633059859275818 0.4974222183227539 -0.03498267009854317
0.8366900086402893 0.5134717226028442 -0.02559385448694229
0.8455338478088379 0.5189435482025146 -0.018193582072854042
