Alex_image_four_11.jpg
0.4325886070728302 0.6903146505355835 5.622796379611827e-07
0.49022141098976135 0.6809000968933105 -0.02107027731835842
0.5361175537109375 0.6554090976715088 -0.026371072977781296
0.5840943455696106 0.6368705034255981 -0.029181668534874916
0.6210551261901855 0.6411378383636475 -0.03170539811253548
0.5241117477416992 0.5507233738899231 -0.008823433890938759
0.5611216425895691 0.4958760738372803 -0.01073773019015789
0.5813390612602234 0.46002882719039917 -0.013490324839949608
0.5981481075286865 0.4281564950942993 -0.017827104777097702
0.49424636363983154 0.5331692099571228 -0.0072839949280023575
0.5090197324752808 0.4577992558479309 -0.009753485210239887
0.5204424262046814 0.4165342152118683 -0.018190164119005203
0.530829131603241 0.38118690252304077 -0.02559567429125309
0.46067070960998535 0.5394620895385742 -0.007960662245750427
0.4526687264442444 0.4678167700767517 -0.02435966767370701
0.450299471616745 0.4240328073501587 -0.043350838124752045
0.4500172734260559 0.3864089250564575 -0.05612654238939285
0.43081364035606384 0.5638638138771057 -0.009269347414374352
0.4189099073410034 0.5368200540542603 -0.02947789616882801
0.42202359437942505 0.5658628940582275 -0.03930484503507614
0.4260379672050476 0.5964869856834412 -0.044886671006679535
