Alex_image_three_66.jpg
0.6044976711273193 0.8568370342254639 4.710676364538813e-07
0.5423223972320557 0.83505779504776 -0.0061464752070605755
0.4851662516593933 0.7827596068382263 -0.009984757751226425
0.4521063566207886 0.7492130398750305 -0.019008517265319824
0.42318761348724365 0.7308491468429565 -0.027811789885163307
0.5384862422943115 0.6744673252105713 0.007704627700150013
0.511345386505127 0.6097575426101685 -0.0022805214393883944
0.4957813024520874 0.5742788314819336 -0.00883136410266161
0.4842689335346222 0.5395703315734863 -0.013404651544988155
0.576629638671875 0.6668753027915955 -0.005015419330447912
0.5690736174583435 0.5771743059158325 -0.02256000228226185
0.5640964508056641 0.5219971537590027 -0.034410517662763596
0.5644738674163818 0.4739450216293335 -0.038794633001089096
0.6146053671836853 0.6790935397148132 -0.019940264523029327
0.5861518383026123 0.6499916911125183 -0.04937728866934776
0.5795994400978088 0.7226966619491577 -0.04835674166679382
0.5831825733184814 0.7675758600234985 -0.036667484790086746
0.6505787372589111 0.7046921253204346 -0.035268936306238174
0.6177342534065247 0.6809777021408081 -0.055596593767404556
0.6063084602355957 0.7320988774299622 -0.04766412079334259
0.6061682105064392 0.7675378322601318 -0.0353999100625515
