Alex_image_two_66.jpg
0.40534234046936035 0.5883080959320068 1.4409275195248483e-07
0.4618179202079773 0.5591205358505249 -0.013171995989978313
0.4979090988636017 0.5347362756729126 -0.016679495573043823
0.5369461178779602 0.524528443813324 -0.019180865958333015
0.565272331237793 0.5302214622497559 -0.019014181569218636
0.4632851481437683 0.45138102769851685 0.011031592264771461
0.45837530493736267 0.3972671627998352 0.005218662321567535
0.4528355598449707 0.37171632051467896 -0.0049941204488277435
0.44569915533065796 0.34082141518592834 -0.013568184338510036
0.43528518080711365 0.4512473940849304 0.014439987018704414
0.43377646803855896 0.41635027527809143 0.005644615273922682
0.4363158643245697 0.4663638472557068 -0.0015819952823221684
0.4365176260471344 0.4878271222114563 -0.006138765253126621
0.40971675515174866 0.4597567915916443 0.015486574731767178
0.4098076820373535 0.42480596899986267 0.004501160699874163
0.414073646068573 0.47270911931991577 0.008406024426221848
0.4159435033798218 0.4936429560184479 0.013299458660185337
0.3879392743110657 0.47559526562690735 0.015084152109920979
0.3894274830818176 0.4448484778404236 0.009972909465432167
0.3956919014453888 0.4777873158454895 0.01800513081252575
0.39831072092056274 0.4942604899406433 0.02512635663151741
