Alex_image_zero_6.jpg
0.6077983379364014 0.542193591594696 -7.410000080199097e-07
0.5418297648429871 0.48444873094558716 0.006014765240252018
0.5031317472457886 0.4203640818595886 0.00332860485650599
0.4948003888130188 0.3605215549468994 -0.00781189976260066
0.5214967131614685 0.31483450531959534 -0.015699848532676697
0.5592874884605408 0.3433953821659088 0.03016914241015911
0.5200701355934143 0.30771973729133606 0.0005762396031059325
0.5243126153945923 0.368988573551178 -0.017220214009284973
0.5460965037345886 0.3887045383453369 -0.02589506283402443
0.585545003414154 0.33871597051620483 0.013122369535267353
0.5392042994499207 0.2947150468826294 -0.024068545550107956
0.5454588532447815 0.3755468428134918 -0.032834552228450775
0.5741941332817078 0.3935544490814209 -0.028322666883468628
0.61531001329422 0.333980530500412 -0.008888342417776585
0.5620321035385132 0.2925151288509369 -0.04441181570291519
0.5662469863891602 0.37740063667297363 -0.03339327126741409
0.5953118205070496 0.3979431688785553 -0.014879640191793442
0.6493126749992371 0.3397771120071411 -0.031227434054017067
0.5940544009208679 0.3098815977573395 -0.05026302486658096
0.5899754762649536 0.36980754137039185 -0.038919899612665176
0.6141427159309387 0.3920407295227051 -0.02382054179906845
