Alex_image_zero_33.jpg
0.6204926371574402 0.6211823225021362 2.190793253475931e-07
0.5726897120475769 0.6255680918693542 -0.04004829004406929
0.534698486328125 0.6270703077316284 -0.07938140630722046
0.5192229747772217 0.6467193961143494 -0.11137238889932632
0.5376542210578918 0.6518097519874573 -0.14076071977615356
0.5331500768661499 0.5065920352935791 -0.08775358647108078
0.5165197849273682 0.6127393841743469 -0.12185138463973999
0.5282936096191406 0.6107951402664185 -0.13724860548973083
0.5341314077377319 0.5799205303192139 -0.14719811081886292
0.5780922174453735 0.5057686567306519 -0.08528977632522583
0.5620175004005432 0.6312265992164612 -0.1104988232254982
0.5690878033638 0.6131730079650879 -0.10555827617645264
0.5669275522232056 0.5696240663528442 -0.10238151252269745
0.6222186088562012 0.5285883545875549 -0.0848647728562355
0.6027495861053467 0.6437587738037109 -0.09752747416496277
0.5978553891181946 0.6206710338592529 -0.07028571516275406
0.5953335762023926 0.5824748873710632 -0.05255211144685745
0.6577379703521729 0.5609803199768066 -0.08990588039159775
0.6375453472137451 0.643156886100769 -0.10511086136102676
0.6331292390823364 0.6188753247261047 -0.09558618813753128
0.6334301829338074 0.5781129002571106 -0.08574217557907104
0.5903562903404236 0.5917770266532898 -2.4061876047198894e-08
0.5509956479072571 0.6077505946159363 -0.04858588054776192
0.5174499154090881 0.6252630352973938 -0.08818918466567993
0.5138254165649414 0.6532700061798096 -0.11783836036920547
0.5345305800437927 0.6682181358337402 -0.14406268298625946
0.5232497453689575 0.5103210806846619 -0.10480757057666779
0.5220769643783569 0.6102616190910339 -0.137839213013649
0.5289552807807922 0.6224565505981445 -0.15198944509029388
0.5311118364334106 0.5953404307365417 -0.16207653284072876
0.5735293030738831 0.5059462189674377 -0.09595593065023422
0.5673438310623169 0.633313000202179 -0.12458166480064392
0.5655044317245483 0.619971752166748 -0.12273751944303513
0.5600060224533081 0.5792840719223022 -0.12145134061574936
0.6186022162437439 0.5238897800445557 -0.08727911114692688
0.6055987477302551 0.6402274966239929 -0.10689261555671692
0.5969566702842712 0.623981237411499 -0.08394790440797806
0.592746376991272 0.5890454649925232 -0.06715849786996841
0.650265634059906 0.5517507195472717 -0.08413229882717133
0.6372478604316711 0.6371580958366394 -0.10594762116670609
0.6303088068962097 0.6238900423049927 -0.09870204329490662
0.6309950947761536 0.589880645275116 -0.08815350383520126
