Alex_image_five_47.jpg
0.42495813965797424 0.7667486667633057 5.925803634454496e-07
0.48893946409225464 0.7727549076080322 -0.03241841867566109
0.5502827167510986 0.7615988850593567 -0.05043666809797287
0.6013950705528259 0.7581537961959839 -0.06687097996473312
0.6428784132003784 0.7725194692611694 -0.08346487581729889
0.5437071323394775 0.6220236420631409 -0.02583666890859604
0.5876646041870117 0.5692036151885986 -0.04396355152130127
0.6124022006988525 0.5360815525054932 -0.05931560695171356
0.6335218548774719 0.506247341632843 -0.07074422389268875
0.5117191672325134 0.5897142887115479 -0.024232912808656693
0.5481680035591125 0.5236050486564636 -0.03840988501906395
0.5711549520492554 0.483539342880249 -0.050012003630399704
0.5902438759803772 0.4513072967529297 -0.05903869494795799
0.4732157588005066 0.578642725944519 -0.027234945446252823
0.488710880279541 0.5033534169197083 -0.04403498023748398
0.5001222491264343 0.45549076795578003 -0.05801844224333763
0.5130704641342163 0.4149397015571594 -0.06763320416212082
0.43026649951934814 0.5858944654464722 -0.033449359238147736
0.4233209490776062 0.5280672311782837 -0.0498817041516304
0.41960734128952026 0.48820406198501587 -0.059027861803770065
0.4206998348236084 0.44925713539123535 -0.06510929018259048
