Alex_image_two_53.jpg
0.6599351167678833 0.9277560710906982 -2.3403066506944015e-07
0.6973214149475098 0.8379790782928467 0.030357493087649345
0.7073876261711121 0.7515048980712891 0.0383395217359066
0.7128403186798096 0.6793320178985596 0.038956303149461746
0.7353611588478088 0.6311634182929993 0.03633585944771767
0.6045656204223633 0.6759979128837585 0.039037398993968964
0.5412000417709351 0.6490015983581543 0.05444375053048134
0.5067498087882996 0.6484125256538391 0.06143096834421158
0.4880553185939789 0.6501003503799438 0.06497911363840103
0.5571615099906921 0.6952496767044067 0.02944798395037651
0.5401542782783508 0.7270078659057617 0.05342016741633415
0.5574800968170166 0.7518815994262695 0.05928371846675873
0.5809407234191895 0.7635369300842285 0.06019312143325806
0.5263509154319763 0.7451153993606567 0.023275451734662056
0.5236240029335022 0.7690960764884949 0.04610167816281319
0.5393574237823486 0.7945096492767334 0.04670260101556778
0.5582433342933655 0.8087992668151855 0.042235877364873886
0.5000694394111633 0.7996371984481812 0.01957910694181919
0.5030688047409058 0.8241733312606812 0.041113462299108505
0.5228190422058105 0.8410907983779907 0.04809174686670303
0.540814220905304 0.8550484776496887 0.051676440984010696
