Alex_image_one_61.jpg
0.42224329710006714 0.5907370448112488 -1.2701654839020193e-07
0.46773549914360046 0.5517351627349854 -0.004310320597141981
0.5037944316864014 0.5249807834625244 -0.005827195942401886
0.5336112976074219 0.49489253759384155 -0.009010580368340015
0.5567755699157715 0.4883672595024109 -0.007919718511402607
0.4707649350166321 0.47137531638145447 0.01833431050181389
0.4635259509086609 0.43460410833358765 0.003643753007054329
0.4656703472137451 0.47640758752822876 -0.005940047092735767
0.47149786353111267 0.49800723791122437 -0.00973829161375761
0.4444328248500824 0.47357016801834106 0.01730302907526493
0.43945398926734924 0.43960830569267273 -0.0021392174530774355
0.4449745714664459 0.4900915324687958 -0.010228912346065044
0.45154446363449097 0.5070269703865051 -0.011379112489521503
0.42134883999824524 0.48350831866264343 0.013690963387489319
0.4188961386680603 0.45122355222702026 -0.0016890362603589892
0.42470479011535645 0.4937342703342438 0.00486777676269412
0.43287304043769836 0.5127477645874023 0.0141999376937747
0.4021812081336975 0.4982439875602722 0.009388392791152
0.3968982696533203 0.4703734517097473 0.0051428754813969135
0.4056715965270996 0.49956753849983215 0.013955332338809967
0.4152737557888031 0.5132423043251038 0.023397350683808327
