Alex_image_five_56.jpg
0.4410139322280884 0.6474915742874146 3.82012416366706e-07
0.5040140748023987 0.6437519788742065 -0.020383547991514206
0.5670601725578308 0.6203152537345886 -0.019967567175626755
0.6174393892288208 0.618817150592804 -0.019057288765907288
0.6541993618011475 0.6286940574645996 -0.01858947053551674
0.5457761883735657 0.5247496962547302 0.018835291266441345
0.5704869031906128 0.48290470242500305 0.026607071980834007
0.5817887187004089 0.4566812813282013 0.02444392628967762
0.5911003947257996 0.4299788773059845 0.018313929438591003
0.5121491551399231 0.5088663697242737 0.021901974454522133
0.5215998291969299 0.4565443992614746 0.030765075236558914
0.5333958864212036 0.42560505867004395 0.01890089362859726
0.5408809781074524 0.40036556124687195 0.005179760977625847
0.47770264744758606 0.5077691078186035 0.020776493474841118
0.47764772176742554 0.4611523151397705 0.01909869723021984
0.48403382301330566 0.4289971888065338 0.0009825407760217786
0.48931849002838135 0.40021106600761414 -0.015297211706638336
0.44526901841163635 0.5192020535469055 0.017298493534326553
0.42858830094337463 0.48737943172454834 0.008592380210757256
0.42030593752861023 0.4563526511192322 -0.003762416308745742
0.41684678196907043 0.4257706105709076 -0.014755556359887123
