Alex_image_four_90.jpg
0.6140514016151428 0.6871100664138794 2.2504234209463903e-07
0.5595732927322388 0.705466628074646 -0.025106091052293777
0.49442368745803833 0.7022742629051208 -0.03169116750359535
0.4405369162559509 0.7051128149032593 -0.03439587354660034
0.39989280700683594 0.7134861946105957 -0.035617828369140625
0.46927696466445923 0.6161313056945801 -0.009352131746709347
0.41327476501464844 0.5859911441802979 -0.01703818514943123
0.3803851008415222 0.5667644143104553 -0.02379893884062767
0.3524951636791229 0.5494410991668701 -0.030032914131879807
0.491224467754364 0.5800707936286926 -0.006553554441779852
0.44312798976898193 0.5277840495109558 -0.009417201392352581
0.4157554507255554 0.4943600296974182 -0.015524283051490784
0.3938518762588501 0.4710233807563782 -0.021372810006141663
0.5260029435157776 0.5623719692230225 -0.007956495508551598
0.508820116519928 0.4909352660179138 -0.02329961396753788
0.49554920196533203 0.44649738073349 -0.04128552973270416
0.4800374209880829 0.41341912746429443 -0.054514192044734955
0.566144585609436 0.5600506663322449 -0.010383537039160728
0.5690796375274658 0.53300541639328 -0.03227068856358528
0.5745292901992798 0.5629222393035889 -0.04315454140305519
0.5771254897117615 0.5921129584312439 -0.05044074356555939
