Alex_image_five_51.jpg
0.3856174647808075 0.636981725692749 6.860799999230949e-07
0.40391892194747925 0.6887297630310059 -0.04312675818800926
0.43003034591674805 0.7408809661865234 -0.06949426233768463
0.45284876227378845 0.7944937348365784 -0.0914953276515007
0.46066561341285706 0.8453410863876343 -0.11263033002614975
0.5224120616912842 0.6903392672538757 -0.036262206733226776
0.5815699696540833 0.7151198387145996 -0.05527868866920471
0.616306483745575 0.7268028259277344 -0.07200594991445541
0.6459448337554932 0.7357739806175232 -0.08354239910840988
0.5277204513549805 0.6477224230766296 -0.02608252502977848
0.5908323526382446 0.6675548553466797 -0.037775903940200806
0.6276014447212219 0.677089512348175 -0.04888645187020302
0.6576625108718872 0.6861260533332825 -0.05774890258908272
0.5200905799865723 0.6068068146705627 -0.02045959234237671
0.5773928761482239 0.6092931032180786 -0.028538046404719353
0.6105703115463257 0.6072054505348206 -0.03680315613746643
0.6376947164535522 0.6085723638534546 -0.043408144265413284
0.5013002753257751 0.5694228410720825 -0.019533133134245872
0.5369413495063782 0.5563839077949524 -0.02330961264669895
0.5615926384925842 0.548594057559967 -0.025203675031661987
0.5852484107017517 0.5450836420059204 -0.02718786895275116
