Alex_image_three_38.jpg
0.4391089081764221 0.7443280816078186 4.728673559384333e-07
0.4029772877693176 0.6877713799476624 0.007498126942664385
0.37794923782348633 0.6346259117126465 -0.0043665640987455845
0.347400426864624 0.5930083990097046 -0.02166139706969261
0.3154188096523285 0.5699392557144165 -0.040333908051252365
0.4493083357810974 0.5541325211524963 -0.009497921913862228
0.46743112802505493 0.4755557179450989 -0.013924834318459034
0.47836536169052124 0.43418067693710327 -0.016852816566824913
0.4880755841732025 0.3987816274166107 -0.019749104976654053
0.48852160573005676 0.5663524270057678 -0.020558202639222145
0.5344195365905762 0.5192416310310364 -0.016790008172392845
0.5636771321296692 0.4942750632762909 -0.015273435972630978
0.5838276743888855 0.48146846890449524 -0.0169063787907362
0.5180787444114685 0.5987800359725952 -0.02998322993516922
0.5269886255264282 0.6031498312950134 -0.01758846640586853
0.5138732194900513 0.628932535648346 -0.009728805162012577
0.5007988214492798 0.6500428318977356 -0.008337547071278095
0.5410652160644531 0.6379151344299316 -0.040417350828647614
0.5429930686950684 0.6487208008766174 -0.02722354233264923
0.5302942395210266 0.6693169474601746 -0.015982622280716896
0.518189549446106 0.6868523359298706 -0.00948197953402996
