Alex_image_spock_99.jpg
0.45197954773902893 0.7799437642097473 7.187642836470332e-07
0.5275850296020508 0.7490664124488831 -0.038076676428318024
0.5865281820297241 0.6714944243431091 -0.04550443962216377
0.6138917803764343 0.5831598043441772 -0.04867197945713997
0.6323414444923401 0.5104049444198608 -0.048274267464876175
0.5636727809906006 0.5273718237876892 -0.008602800779044628
0.5964365005493164 0.43855324387550354 -0.014130983501672745
0.6117103099822998 0.3868069052696228 -0.019829988479614258
0.6252310276031494 0.3365185260772705 -0.026589008048176765
0.5195332169532776 0.49960964918136597 -0.002856970764696598
0.5566293597221375 0.4042593538761139 -0.009419698268175125
0.5820019245147705 0.3522558808326721 -0.018994413316249847
0.6028571128845215 0.3045434057712555 -0.027626384049654007
0.47353312373161316 0.5036383867263794 -0.0035491278395056725
0.464935302734375 0.3958874046802521 -0.021579526364803314
0.46019572019577026 0.33390676975250244 -0.03737283870577812
0.4603166878223419 0.28061720728874207 -0.04768722504377365
0.42693206667900085 0.5285018682479858 -0.008158600889146328
0.4250640273094177 0.4413771629333496 -0.028154410421848297
0.42486026883125305 0.38962095975875854 -0.042542967945337296
0.4308971166610718 0.34087300300598145 -0.05300535634160042
