Alex_image_two_4.jpg
0.6896640658378601 0.5840746760368347 7.929408241125202e-08
0.646731436252594 0.5672305822372437 -0.020691633224487305
0.6047526597976685 0.5271580219268799 -0.026734348386526108
0.5765334367752075 0.49396324157714844 -0.03197695314884186
0.5553431510925293 0.471563458442688 -0.03584490716457367
0.6285104751586914 0.4860762655735016 -0.005870170425623655
0.6176400184631348 0.44637787342071533 -0.025096826255321503
0.6146000623703003 0.4202655851840973 -0.03653549402952194
0.6131647229194641 0.3947025537490845 -0.04302127659320831
0.6553561687469482 0.4833372235298157 -0.005615361966192722
0.6606870889663696 0.4420873522758484 -0.034211695194244385
0.6646814942359924 0.49014100432395935 -0.0402592308819294
0.6614290475845337 0.515997588634491 -0.035446446388959885
0.6817031502723694 0.48759299516677856 -0.009358738549053669
0.6896737217903137 0.45525479316711426 -0.04122093319892883
0.6885561347007751 0.5035401582717896 -0.03826768696308136
0.6817556619644165 0.5264935493469238 -0.0259707011282444
0.7041158676147461 0.4974207282066345 -0.014219801872968674
0.7130982875823975 0.47175824642181396 -0.034392099827528
0.709813117980957 0.5025875568389893 -0.02928679808974266
0.7026952505111694 0.5213106274604797 -0.019467270001769066
