Alex_image_one_91.jpg
0.3674394488334656 0.5878021121025085 -2.4929468622758577e-07
0.33210664987564087 0.5448994636535645 -0.002546364674344659
0.3068229854106903 0.5059231519699097 -0.016462255269289017
0.27432799339294434 0.47997191548347473 -0.03134855628013611
0.24004201591014862 0.4720066487789154 -0.04578082635998726
0.36786195635795593 0.4215247929096222 -0.019544797018170357
0.3910604417324066 0.44680625200271606 -0.022445952519774437
0.3903296887874603 0.47616174817085266 -0.024890007451176643
0.38076090812683105 0.49282553791999817 -0.029194680973887444
0.40194815397262573 0.43109065294265747 -0.026768987998366356
0.42098361253738403 0.46165597438812256 -0.023511087521910667
0.4135722815990448 0.4888494908809662 -0.02296319231390953
0.40129354596138 0.503592848777771 -0.027862554416060448
0.429171621799469 0.4558902382850647 -0.032666899263858795
0.441527396440506 0.48608458042144775 -0.026688549667596817
0.4322795271873474 0.5102047324180603 -0.022994257509708405
0.4197348654270172 0.5198237299919128 -0.026713090017437935
0.4508267641067505 0.4880634844303131 -0.039766229689121246
0.4599735736846924 0.5218998193740845 -0.03574442118406296
0.4486883878707886 0.5406088829040527 -0.03193652257323265
0.4348158836364746 0.5454131960868835 -0.03204409033060074
