Alex_image_two_9.jpg
0.6224743723869324 0.5858147144317627 1.5607722048116557e-07
0.5942308902740479 0.6077548861503601 -0.044731900095939636
0.560398519039154 0.6369242072105408 -0.0699143335223198
0.5258328318595886 0.6619647741317749 -0.08948005735874176
0.49783825874328613 0.6933210492134094 -0.10519539564847946
0.48978036642074585 0.5946354866027832 -0.03837065398693085
0.43840473890304565 0.5784386396408081 -0.06770246475934982
0.40601274371147156 0.5635697841644287 -0.08302745968103409
0.37829309701919556 0.5502910017967224 -0.09016110002994537
0.5049831867218018 0.5605894923210144 -0.026994332671165466
0.5010586380958557 0.5124248266220093 -0.06011107563972473
0.540663480758667 0.5404125452041626 -0.059212200343608856
0.5433791279792786 0.5684688091278076 -0.048501983284950256
0.5252759456634521 0.5300565958023071 -0.021900523453950882
0.5266128778457642 0.490960955619812 -0.058684591203927994
0.5604748725891113 0.5215071439743042 -0.05038045719265938
0.5589404106140137 0.5514554977416992 -0.03393641859292984
0.5455237627029419 0.50904381275177 -0.020016731694340706
0.5457803010940552 0.476612389087677 -0.04111187160015106
0.5678411722183228 0.5014161467552185 -0.03203316405415535
0.5708529949188232 0.5298733711242676 -0.018838800489902496
