Alex_image_three_94.jpg
0.5615759491920471 0.7171383500099182 1.0117689726030221e-06
0.5485503077507019 0.594222903251648 -0.012046855874359608
0.5588364005088806 0.4996693730354309 -0.037676502019166946
0.5582026839256287 0.42841067910194397 -0.07087231427431107
0.5601652264595032 0.3645290732383728 -0.10503801703453064
0.6776835918426514 0.5053808689117432 -0.04526699706912041
0.7350821495056152 0.43506520986557007 -0.08356638252735138
0.7712533473968506 0.39764204621315 -0.11130358278751373
0.8083457946777344 0.372936874628067 -0.1355586051940918
0.6948696374893188 0.5712893605232239 -0.07576273381710052
0.7732365131378174 0.5343750715255737 -0.12875255942344666
0.8323898315429688 0.5123552083969116 -0.16836369037628174
0.8863723278045654 0.4993826448917389 -0.19770695269107819
0.6875845193862915 0.6364027261734009 -0.1066214069724083
0.7127482891082764 0.5787174701690674 -0.16094480454921722
0.653527021408081 0.5670533180236816 -0.17242015898227692
0.6124916076660156 0.5683887004852295 -0.17541982233524323
0.6641840934753418 0.6900995373725891 -0.13870659470558167
0.6425871253013611 0.6425703167915344 -0.18488916754722595
0.6014274954795837 0.6189635396003723 -0.19523614645004272
0.5734866261482239 0.6138638257980347 -0.19946837425231934
