Alex_image_three_29.jpg
0.3343821167945862 0.7314811944961548 3.5969799228041666e-07
0.3971564769744873 0.7176058292388916 -0.023587491363286972
0.451022207736969 0.6751098036766052 -0.02945771813392639
0.49498283863067627 0.6389870047569275 -0.03632144257426262
0.5346128344535828 0.6214212775230408 -0.04222802817821503
0.43766194581985474 0.5732212662696838 -0.00472690723836422
0.4697206914424896 0.5061811208724976 -0.018172649666666985
0.48641085624694824 0.4648287892341614 -0.027142178267240524
0.5000916719436646 0.4284060001373291 -0.033297065645456314
0.40065741539001465 0.5619893670082092 -0.006377300247550011
0.40614500641822815 0.4774593710899353 -0.027924099937081337
0.40999722480773926 0.4239068329334259 -0.04318992421030998
0.41253232955932617 0.3753962516784668 -0.05035986751317978
0.3634468913078308 0.570820689201355 -0.01158271823078394
0.3608527183532715 0.5380389094352722 -0.04852144420146942
0.363131582736969 0.5974422097206116 -0.05681489408016205
0.3640911877155304 0.6390642523765564 -0.05104263126850128
0.32927724719047546 0.5914480686187744 -0.01820039190351963
0.33084484934806824 0.5712666511535645 -0.04845760390162468
0.3361753225326538 0.614703357219696 -0.051133837550878525
0.34070122241973877 0.6498005390167236 -0.045088332146406174
