Alex_image_spock_95.jpg
0.38665544986724854 0.700774073600769 1.0200487849942874e-06
0.43265366554260254 0.7681806087493896 -0.07051905244588852
0.49939823150634766 0.7957035303115845 -0.10191911458969116
0.5604672431945801 0.784194827079773 -0.1240948736667633
0.6265182495117188 0.7617779970169067 -0.14482811093330383
0.5812197327613831 0.7138006091117859 -0.0625857412815094
0.6615881323814392 0.6998027563095093 -0.08812332153320312
0.7118221521377563 0.688988983631134 -0.10647792369127274
0.7572548389434814 0.6785670518875122 -0.12149442732334137
0.5787819623947144 0.6494439244270325 -0.04758639633655548
0.666277289390564 0.6392316818237305 -0.06959516555070877
0.7206754684448242 0.6403200626373291 -0.0907333716750145
0.774383544921875 0.6384256482124329 -0.10809935629367828
0.5551126003265381 0.594245433807373 -0.040579281747341156
0.615875780582428 0.5269055366516113 -0.07113504409790039
0.6562595367431641 0.48237788677215576 -0.1038355603814125
0.6958813667297363 0.45008158683776855 -0.1278691291809082
0.5193758010864258 0.5517549514770508 -0.038950931280851364
0.565007209777832 0.5008894801139832 -0.06951647996902466
0.5972355008125305 0.474128782749176 -0.09645425528287888
0.6347818374633789 0.45226919651031494 -0.11845892667770386
