Alex_image_one_17.jpg
0.54541015625 0.6757086515426636 -5.282378197080106e-07
0.5238590836524963 0.5987469553947449 0.00609433650970459
0.4913114607334137 0.5183714628219604 -0.0012179521145299077
0.4793627858161926 0.4516350030899048 -0.010319697670638561
0.4939591586589813 0.39858725666999817 -0.018931327387690544
0.4718672037124634 0.46131032705307007 -0.025255247950553894
0.39425528049468994 0.49901729822158813 -0.04256623238325119
0.41071993112564087 0.5337747931480408 -0.04699576646089554
0.43247827887535095 0.5278704166412354 -0.05003557354211807
0.479467511177063 0.4949706196784973 -0.038084350526332855
0.3934411406517029 0.5478907823562622 -0.05541287735104561
0.4147091209888458 0.5716236233711243 -0.05084788426756859
0.43925631046295166 0.5612419843673706 -0.04872971028089523
0.48352229595184326 0.5424485206604004 -0.050233229994773865
0.40655359625816345 0.5950024127960205 -0.06443996727466583
0.429916113615036 0.6133646965026855 -0.05242660641670227
0.453412801027298 0.6017727851867676 -0.04541035369038582
0.48518821597099304 0.5957964062690735 -0.061877913773059845
0.4253233075141907 0.6406046152114868 -0.07371888309717178
0.44581499695777893 0.6545603275299072 -0.069405697286129
0.46744102239608765 0.6415826082229614 -0.06585853546857834
