Alex_image_zero_39.jpg
0.4526842534542084 0.5557945370674133 -1.6508886346855434e-07
0.4926784932613373 0.5497615337371826 -0.020552564412355423
0.5335956811904907 0.5048444271087646 -0.025670289993286133
0.5323580503463745 0.4421123266220093 -0.028696009889245033
0.5092658996582031 0.4059658646583557 -0.02733234502375126
0.5332295894622803 0.4706585705280304 -0.0014159835409373045
0.5431074500083923 0.43104204535484314 -0.021460099145770073
0.5286350250244141 0.4627540707588196 -0.030920572578907013
0.5222216248512268 0.4782141149044037 -0.033932194113731384
0.5073516964912415 0.455976277589798 0.0014221119927242398
0.512875497341156 0.4190085530281067 -0.02200459875166416
0.5015394687652588 0.47065216302871704 -0.0278911329805851
0.4978364109992981 0.4872044324874878 -0.024832330644130707
0.48061826825141907 0.4496864378452301 0.00011832478048745543
0.4858068823814392 0.40985557436943054 -0.028612004593014717
0.4780966639518738 0.4671214818954468 -0.02420155331492424
0.47436779737472534 0.4889896512031555 -0.012086152099072933
0.45037010312080383 0.44679006934165955 -0.0021425390150398016
0.4582951068878174 0.4212323725223541 -0.021787026897072792
0.4567507207393646 0.4586564898490906 -0.017182260751724243
0.4547475278377533 0.4757670760154724 -0.00754340598359704
