Alex_image_one_35.jpg
0.5919057130813599 0.7032722234725952 -1.1362014902260853e-06
0.4944372773170471 0.5099951028823853 -0.0018718574428930879
0.47113823890686035 0.339769572019577 -0.027935735881328583
0.4680045545101166 0.23442304134368896 -0.06270267069339752
0.46624037623405457 0.18734370172023773 -0.0931752473115921
0.6484261751174927 0.2590946555137634 -0.0588734894990921
0.5544368028640747 0.22064737975597382 -0.10813361406326294
0.532238245010376 0.331134557723999 -0.11574773490428925
0.552243709564209 0.37617024779319763 -0.12143363058567047
0.7084172964096069 0.31365394592285156 -0.0990314930677414
0.6077937483787537 0.28175145387649536 -0.16413041949272156
0.5703842639923096 0.4071783721446991 -0.15610426664352417
0.6058650016784668 0.4371119737625122 -0.14374645054340363
0.7494884133338928 0.40550974011421204 -0.14191345870494843
0.6565914154052734 0.370831698179245 -0.2012089192867279
0.6080257892608643 0.4734467566013336 -0.16724331676959991
0.6468716859817505 0.4994412064552307 -0.13961286842823029
0.7673541903495789 0.499937504529953 -0.18588314950466156
0.6888683438301086 0.49384021759033203 -0.2307634800672531
0.6430922746658325 0.5442013740539551 -0.21844886243343353
0.679595410823822 0.5513793230056763 -0.20552249252796173
