Alex_image_zero_29.jpg
0.643667459487915 0.46596258878707886 -6.385598112501611e-07
0.6107428073883057 0.405936598777771 0.029562929645180702
0.5995995998382568 0.35136571526527405 0.02941695787012577
0.5863593220710754 0.3085063397884369 0.021634677425026894
0.5788717865943909 0.29096806049346924 0.01299303025007248
0.6798936724662781 0.28906235098838806 0.012787999585270882
0.6227739453315735 0.25076955556869507 0.005916795693337917
0.5990362763404846 0.28781837224960327 0.002647692570462823
0.5993189215660095 0.31748807430267334 3.178511906298809e-05
0.6816193461418152 0.2947356104850769 -0.007823322899639606
0.6104293465614319 0.2581983506679535 -0.011927730403840542
0.5936727523803711 0.3034343719482422 -0.0077527593821287155
0.6028221845626831 0.333457350730896 -0.006215032655745745
0.6706242561340332 0.30834153294563293 -0.026374485343694687
0.6005951762199402 0.2816503345966339 -0.025334687903523445
0.590444028377533 0.324807345867157 -0.015725037083029747
0.6033185124397278 0.3516390025615692 -0.013302810490131378
0.6511740684509277 0.32298544049263 -0.04314327612519264
0.5906325578689575 0.31456008553504944 -0.04319998249411583
0.5828141570091248 0.35010775923728943 -0.03898104652762413
0.5945936441421509 0.37048661708831787 -0.037598319351673126
