Alex_image_five_100.jpg
0.5377522110939026 0.7874524593353271 6.181712137731665e-07
0.5414285063743591 0.7142402529716492 0.010108090937137604
0.5357432961463928 0.657172679901123 0.008892721496522427
0.5286286473274231 0.6057758927345276 0.007595491595566273
0.5331941843032837 0.5664002895355225 0.005043698940426111
0.4435599148273468 0.6649512648582458 -0.01419472973793745
0.3932056427001953 0.6065980195999146 -0.0207525547593832
0.36256566643714905 0.5707241296768188 -0.02030137926340103
0.3418319523334503 0.5375456809997559 -0.019977284595370293
0.4165347218513489 0.695513129234314 -0.022218970581889153
0.35338467359542847 0.6458560228347778 -0.03377709165215492
0.3137982487678528 0.6119933128356934 -0.03739052638411522
0.2865545153617859 0.5832217335700989 -0.03802989423274994
0.406152606010437 0.7434634566307068 -0.027985161170363426
0.3282206654548645 0.7402269244194031 -0.045971620827913284
0.27551543712615967 0.7358394861221313 -0.06238649785518646
0.23679205775260925 0.7281449437141418 -0.07096130400896072
0.41126877069473267 0.7974832653999329 -0.029821373522281647
0.3514353930950165 0.829174280166626 -0.04997089132666588
0.3178713917732239 0.852092444896698 -0.06387036293745041
0.2875921130180359 0.8658968210220337 -0.07094355672597885
