Alex_image_zero_31.jpg
0.6479504108428955 0.5363714098930359 -1.3284811473113223e-07
0.5801296830177307 0.4913822412490845 -0.025717103853821754
0.5387152433395386 0.46226418018341064 -0.06593899428844452
0.5102822184562683 0.44373202323913574 -0.10258318483829498
0.524915874004364 0.45155441761016846 -0.13544146716594696
0.5906283259391785 0.33321142196655273 -0.07609019428491592
0.5318126082420349 0.398386687040329 -0.10090377181768417
0.542853832244873 0.4322369396686554 -0.10258013755083084
0.5604355335235596 0.42181339859962463 -0.10352455079555511
0.6248143315315247 0.3577556312084198 -0.08257775753736496
0.5545363426208496 0.4360141456127167 -0.101719930768013
0.5678735375404358 0.46068114042282104 -0.08789661526679993
0.5840761661529541 0.4400256276130676 -0.07952951639890671
0.6509759426116943 0.4009819030761719 -0.08975327759981155
0.582984209060669 0.47652551531791687 -0.09833190590143204
0.5934493541717529 0.49321436882019043 -0.07507265359163284
0.612027108669281 0.4769602119922638 -0.06397091597318649
0.6677600741386414 0.449799507856369 -0.1008106991648674
0.6127704381942749 0.5097013711929321 -0.1060485690832138
0.6214803457260132 0.5138007402420044 -0.09641542285680771
0.6396732330322266 0.49512672424316406 -0.09085677564144135
