Alex_image_four_13.jpg
0.4643802344799042 0.6228881478309631 4.281285725937778e-07
0.5196866989135742 0.5880232453346252 -0.016085436567664146
0.5512615442276001 0.5188875794410706 -0.0167743731290102
0.5701977610588074 0.4687502086162567 -0.01628853566944599
0.59231036901474 0.4480741322040558 -0.017389794811606407
0.48827865719795227 0.4205471873283386 -0.01629221998155117
0.491995245218277 0.3490789234638214 -0.023512767627835274
0.4910174310207367 0.3035474419593811 -0.028916936367750168
0.48698171973228455 0.26395556330680847 -0.034842975437641144
0.4474276900291443 0.42624717950820923 -0.01925087533891201
0.4227541387081146 0.34714430570602417 -0.026334231719374657
0.408034086227417 0.2992425560951233 -0.03801826387643814
0.3945361077785492 0.25979986786842346 -0.04742491990327835
0.4204762578010559 0.4570135474205017 -0.023494485765695572
0.3849634826183319 0.4161036014556885 -0.042799774557352066
0.36810505390167236 0.3859195113182068 -0.06582777202129364
0.3517032861709595 0.3604544699192047 -0.08131520450115204
0.40597835183143616 0.5031118988990784 -0.028063541278243065
0.39331090450286865 0.5099622011184692 -0.05129636824131012
0.40223661065101624 0.5307292342185974 -0.06653854995965958
0.40959805250167847 0.5492017865180969 -0.07603952288627625
