Alex_image_five_10.jpg
0.47570353746414185 0.6187856197357178 9.811158179218182e-07
0.4791709780693054 0.6763070821762085 -0.0688164010643959
0.48641830682754517 0.7235487699508667 -0.11347120255231857
0.484433650970459 0.7786417007446289 -0.14893920719623566
0.47794824838638306 0.8255247473716736 -0.18494358658790588
0.5929198861122131 0.6689450740814209 -0.08885117620229721
0.6527898907661438 0.6954237222671509 -0.12015228718519211
0.6952949166297913 0.7066469788551331 -0.1432466059923172
0.7312030792236328 0.7140820026397705 -0.1595747023820877
0.6016838550567627 0.6241326928138733 -0.07119838893413544
0.6688501834869385 0.6440064907073975 -0.09628476947546005
0.7145823836326599 0.6533950567245483 -0.11458872258663177
0.7498573660850525 0.6592960357666016 -0.12871399521827698
0.5961406230926514 0.5828878879547119 -0.057891782373189926
0.6584950685501099 0.5784221291542053 -0.07841654866933823
0.700023889541626 0.5692654252052307 -0.0975245013833046
0.7320992350578308 0.5629913210868835 -0.1118609830737114
0.5803977251052856 0.5443955063819885 -0.05021819844841957
0.6197547912597656 0.5215058326721191 -0.06754457205533981
0.6474369764328003 0.5031053423881531 -0.0808049887418747
0.6734481453895569 0.4909873604774475 -0.09138162434101105
