Alex_image_spock_4.jpg
0.5962747931480408 0.674294114112854 1.881559938965438e-07
0.5385026335716248 0.6791238784790039 -0.014657901600003242
0.4864116609096527 0.6590346097946167 -0.01875370554625988
0.44640013575553894 0.6333861947059631 -0.02258807234466076
0.4124632477760315 0.621355414390564 -0.026115696877241135
0.49131640791893005 0.5562740564346313 -0.004052445758134127
0.44765806198120117 0.5124975442886353 -0.013920275494456291
0.4231390953063965 0.4860338270664215 -0.023166557773947716
0.40246713161468506 0.459918737411499 -0.031134018674492836
0.5179091691970825 0.5241183638572693 -0.008184824138879776
0.47976651787757874 0.4664050340652466 -0.018126508221030235
0.4570819139480591 0.4342495799064636 -0.029691504314541817
0.43896910548210144 0.4059312343597412 -0.03842037543654442
0.5509189367294312 0.5094984769821167 -0.015222047455608845
0.543053388595581 0.4333023726940155 -0.03215625882148743
0.5384647250175476 0.38776323199272156 -0.04428765922784805
0.5331355333328247 0.35078105330467224 -0.051540642976760864
0.586624801158905 0.5119473338127136 -0.02313060685992241
0.5938308835029602 0.4541776776313782 -0.03890971094369888
0.5951090455055237 0.41875505447387695 -0.045236121863126755
0.5934526324272156 0.38454875349998474 -0.04898377135396004
