Alex_image_two_1.jpg
0.7526801824569702 0.5851868987083435 8.37271230125225e-08
0.7102876901626587 0.5686572194099426 -0.02293865755200386
0.6693694591522217 0.5257442593574524 -0.03141492232680321
0.641305685043335 0.48656320571899414 -0.03883688151836395
0.6174674034118652 0.4608778655529022 -0.04424099996685982
0.689240038394928 0.48437926173210144 -0.01385547500103712
0.6878215074539185 0.4283369183540344 -0.04191404953598976
0.6876619458198547 0.39761847257614136 -0.05770973488688469
0.6913338899612427 0.3651174306869507 -0.06553126126527786
0.7189292311668396 0.4833829402923584 -0.013378585688769817
0.7309625148773193 0.44501227140426636 -0.04854055866599083
0.7306935787200928 0.49730923771858215 -0.053658101707696915
0.725495457649231 0.5167903304100037 -0.04800363630056381
0.7454858422279358 0.48976269364356995 -0.017776815220713615
0.7573695778846741 0.4617801904678345 -0.05643033608794212
0.7532704472541809 0.5125434398651123 -0.05328715220093727
0.7447811961174011 0.5288399457931519 -0.04028225317597389
0.768441379070282 0.4999261498451233 -0.023352840915322304
0.7793852090835571 0.48137518763542175 -0.04744989424943924
0.7744613289833069 0.5168624520301819 -0.042468585073947906
0.7663822174072266 0.5332311987876892 -0.032223399728536606
