Alex_image_five_95.jpg
0.6323485970497131 0.7039077281951904 3.240100454604544e-07
0.5634704828262329 0.7140564918518066 -0.01112359669059515
0.502886176109314 0.7134019732475281 -0.009809331968426704
0.45730292797088623 0.7251270413398743 -0.010939524509012699
0.4199085831642151 0.7376527786254883 -0.010603287257254124
0.5029204487800598 0.5881984829902649 0.041563618928194046
0.4562983810901642 0.5517904162406921 0.05022205412387848
0.4296756684780121 0.5293729305267334 0.0502801388502121
0.40919503569602966 0.5133835077285767 0.04887925460934639
0.5294308662414551 0.5612486004829407 0.043588872998952866
0.4826243817806244 0.5179673433303833 0.05979536473751068
0.4561724364757538 0.4914851784706116 0.06484054774045944
0.4358726143836975 0.4740636348724365 0.06711997836828232
0.5614981651306152 0.5446935296058655 0.039566636085510254
0.5262563228607178 0.4958317279815674 0.0529688261449337
0.5063474774360657 0.46593746542930603 0.05895611271262169
0.48798906803131104 0.4429931640625 0.060954514890909195
0.5976455211639404 0.5392309427261353 0.03226041793823242
0.5833389759063721 0.49560999870300293 0.041565295308828354
0.5731803774833679 0.47513559460639954 0.04814646765589714
0.5630614757537842 0.45406949520111084 0.05154615268111229
