Alex_image_one_54.jpg
0.5655866861343384 0.6335680484771729 -2.2906628771579562e-07
0.5114516615867615 0.6525378227233887 -0.007414729334414005
0.4765811562538147 0.6728801727294922 -0.00871850736439228
0.44375407695770264 0.6750149726867676 -0.011651461943984032
0.4248000681400299 0.6790820360183716 -0.010108951479196548
0.455807089805603 0.6010067462921143 0.017240390181541443
0.43837234377861023 0.5675442814826965 0.00984465517103672
0.4628400206565857 0.5898618102073669 0.006791178602725267
0.4750986695289612 0.6157060265541077 0.007150696124881506
0.4745867848396301 0.5772785544395447 0.01712164282798767
0.4572433829307556 0.5463228821754456 0.007931078784167767
0.4859408438205719 0.580128014087677 0.002177567919716239
0.4927827715873718 0.6024855375289917 0.0011499476386234164
0.49645882844924927 0.557310938835144 0.01430988684296608
0.4777233898639679 0.5266271233558655 0.007433566730469465
0.5012261867523193 0.5607529878616333 0.013184028677642345
0.5070450901985168 0.5861837863922119 0.019256671890616417
0.5194048285484314 0.5489128828048706 0.010225578211247921
0.5045353174209595 0.5160377025604248 0.009692012332379818
0.5161303877830505 0.5434355735778809 0.01907903328537941
0.5194973945617676 0.5647507309913635 0.02735592983663082
