Alex_image_spock_48.jpg
0.44168394804000854 0.6741155385971069 7.429675861203577e-07
0.4866410195827484 0.7011349201202393 -0.03296048566699028
0.532684326171875 0.7187949419021606 -0.0516882985830307
0.574472963809967 0.7423272132873535 -0.06709365546703339
0.6083877086639404 0.7669492363929749 -0.08098354190587997
0.5703360438346863 0.6011894941329956 -0.024469975382089615
0.6188797354698181 0.5681309700012207 -0.03616312891244888
0.6450478434562683 0.5474286675453186 -0.04538973420858383
0.6695057153701782 0.5268566012382507 -0.052957091480493546
0.5538983941078186 0.5620176792144775 -0.019482629373669624
0.6054285764694214 0.5284062027931213 -0.029269292950630188
0.6393796801567078 0.5121254324913025 -0.037289079278707504
0.6674705147743225 0.49701377749443054 -0.0428977906703949
0.5250571966171265 0.5374473333358765 -0.018887311220169067
0.5490175485610962 0.47587862610816956 -0.03283016011118889
0.5629149675369263 0.4375215768814087 -0.04574375972151756
0.5778510570526123 0.40500175952911377 -0.05364130437374115
0.49148914217948914 0.5279353260993958 -0.021152831614017487
0.5119284987449646 0.48087891936302185 -0.03259863704442978
0.5262568593025208 0.4552183747291565 -0.0396730974316597
0.5446320176124573 0.4324233829975128 -0.04464069753885269
