Alex_image_three_99.jpg
0.5949548482894897 0.7056169509887695 4.696636892731476e-07
0.5387232899665833 0.6254851222038269 -0.016186028718948364
0.5011890530586243 0.5410995483398438 -0.028595320880413055
0.46926993131637573 0.4724263548851013 -0.0464036762714386
0.4385647773742676 0.43939563632011414 -0.06396996974945068
0.5908524394035339 0.451796293258667 -0.0004619486862793565
0.5880182385444641 0.3569636940956116 -0.02160300314426422
0.5875105857849121 0.3090614080429077 -0.044830385595560074
0.590769350528717 0.26872485876083374 -0.06273595988750458
0.6396960616111755 0.4627194404602051 -0.00933025311678648
0.6808284521102905 0.3716700077056885 -0.026805903762578964
0.7101980447769165 0.31901440024375916 -0.04755457490682602
0.7368278503417969 0.27352505922317505 -0.0652070865035057
0.675601065158844 0.49916666746139526 -0.022343667224049568
0.7131166458129883 0.42664834856987 -0.04185841605067253
0.6929115653038025 0.4608103632926941 -0.047379158437252045
0.6720976829528809 0.49768248200416565 -0.04755821079015732
0.7020937204360962 0.5538254976272583 -0.03845931589603424
0.7375624775886536 0.5039196014404297 -0.05223233625292778
0.7229601740837097 0.5101982355117798 -0.052075307816267014
0.703184962272644 0.5308282971382141 -0.049961354583501816
