Alex_image_spock_18.jpg
0.5448556542396545 0.5985006093978882 2.8999201617807557e-07
0.4974866807460785 0.5395089387893677 0.0008284474606625736
0.4910852313041687 0.46731045842170715 0.013705811463296413
0.5032930374145508 0.41208237409591675 0.02425960823893547
0.5129987001419067 0.3859451711177826 0.034533653408288956
0.5384607911109924 0.4205659329891205 0.03302350640296936
0.5512205958366394 0.36355382204055786 0.04289430379867554
0.5591508746147156 0.3317098617553711 0.04707108065485954
0.5665332078933716 0.3064860701560974 0.04885309562087059
0.568050742149353 0.41909465193748474 0.03069765865802765
0.5805191993713379 0.35785505175590515 0.04293207451701164
0.5859383344650269 0.3236396908760071 0.04510217532515526
0.5904017686843872 0.29789382219314575 0.04674992710351944
0.5928475856781006 0.43271446228027344 0.02544010803103447
0.5962268710136414 0.39105451107025146 0.030736569315195084
0.5899611711502075 0.3648056387901306 0.02628953568637371
0.5883646607398987 0.3440755009651184 0.022352583706378937
0.615203857421875 0.457846075296402 0.019447706639766693
0.6186862587928772 0.44746193289756775 0.0195950698107481
0.6192080974578857 0.4524710476398468 0.019117403775453568
0.6256389617919922 0.457388699054718 0.019107088446617126
