Alex_image_three_68.jpg
0.5798012018203735 0.8947303295135498 4.0685196722733963e-07
0.5084914565086365 0.8839783072471619 -0.007044942583888769
0.44958189129829407 0.8508293628692627 -0.007061526644974947
0.413469135761261 0.8215722441673279 -0.01178558450192213
0.38409554958343506 0.8059840202331543 -0.01617170125246048
0.49607205390930176 0.7375107407569885 0.024476641789078712
0.46408575773239136 0.6787375211715698 0.021768935024738312
0.4463116228580475 0.6460970640182495 0.016032280400395393
0.43229028582572937 0.6123347282409668 0.011124865151941776
0.5320131778717041 0.7217043042182922 0.016400393098592758
0.5265620350837708 0.6344060897827148 0.007128711324185133
0.5212374925613403 0.5817632079124451 -0.005747223272919655
0.5202998518943787 0.5352758169174194 -0.013315416872501373
0.5685737729072571 0.7274283170700073 0.00514579052105546
0.5553919672966003 0.6970519423484802 -0.01820048876106739
0.548101007938385 0.7631584405899048 -0.023480208590626717
0.5497572422027588 0.8055790662765503 -0.018324581906199455
0.6053205728530884 0.7448683381080627 -0.0067146834917366505
0.5861693620681763 0.7208786606788635 -0.02339995466172695
0.5760096311569214 0.772250771522522 -0.019432757049798965
0.5760282278060913 0.8059565424919128 -0.01163202803581953
