Alex_image_zero_51.jpg
0.5349946618080139 0.5763292908668518 -2.066253301791221e-07
0.542443573474884 0.5277050137519836 -0.035368092358112335
0.5551729202270508 0.47211986780166626 -0.04061192646622658
0.5491546988487244 0.42716434597969055 -0.03735201060771942
0.5401620864868164 0.40579143166542053 -0.029298871755599976
0.6196027398109436 0.4921325445175171 -0.011118452064692974
0.5904536247253418 0.4269368052482605 -0.017344655469059944
0.5749759078025818 0.44345924258232117 -0.02333267591893673
0.574111819267273 0.4658949375152588 -0.02506732940673828
0.606093168258667 0.4957502484321594 0.009999074973165989
0.5782926082611084 0.43259912729263306 0.0011262409389019012
0.5640337467193604 0.4513143002986908 -0.00858455989509821
0.563584566116333 0.47439631819725037 -0.011939176358282566
0.5882253646850586 0.49695315957069397 0.02786499261856079
0.5644946694374084 0.4451868534088135 0.017902636900544167
0.5516002774238586 0.45700937509536743 0.006999388802796602
0.5509462356567383 0.477973997592926 0.004119548946619034
0.5723630785942078 0.4980168640613556 0.04369035363197327
0.5549740195274353 0.4600546360015869 0.034782662987709045
0.5443676710128784 0.46789494156837463 0.02765616960823536
0.543340802192688 0.4875718951225281 0.026620930060744286
