Alex_image_three_8.jpg
0.44140511751174927 0.5028526782989502 4.6314022483784356e-07
0.46563994884490967 0.535828173160553 -0.0354880690574646
0.5022730231285095 0.5532047748565674 -0.04868230223655701
0.5380188226699829 0.5586715936660767 -0.05763304978609085
0.5688586831092834 0.5676370859146118 -0.06607157737016678
0.5369251370429993 0.5101661086082458 -0.030007602646946907
0.5816737413406372 0.4941155016422272 -0.04740085452795029
0.6093570590019226 0.4794505536556244 -0.05675153061747551
0.6327884793281555 0.4645596146583557 -0.06184740737080574
0.5273623466491699 0.4774133563041687 -0.020579909905791283
0.5586639046669006 0.4377650320529938 -0.04317053407430649
0.5797549486160278 0.4080629348754883 -0.05467100441455841
0.5983108282089233 0.3816373348236084 -0.058089256286621094
0.5088953375816345 0.45529600977897644 -0.014495613984763622
0.5065608024597168 0.420103520154953 -0.046540338546037674
0.4817030131816864 0.44429728388786316 -0.052765920758247375
0.46925073862075806 0.46690261363983154 -0.04676729068160057
0.48796412348747253 0.43981197476387024 -0.010433383285999298
0.4829177260398865 0.41419583559036255 -0.036497004330158234
0.4664784073829651 0.4348314702510834 -0.04003933072090149
0.4603063464164734 0.45800626277923584 -0.03552839905023575
