Alex_image_two_63.jpg
0.4232650399208069 0.5447832345962524 2.0784614207514096e-07
0.4420812726020813 0.568677544593811 -0.032043348997831345
0.46771860122680664 0.5800058841705322 -0.05448329821228981
0.4881238043308258 0.5893499255180359 -0.07423387467861176
0.5026575326919556 0.6121900677680969 -0.0937044769525528
0.5033006072044373 0.5346674919128418 -0.03907318040728569
0.5413398742675781 0.5128206610679626 -0.0639464259147644
0.5653864145278931 0.493475079536438 -0.07550092041492462
0.5865546464920044 0.47758570313453674 -0.08281844109296799
0.48698943853378296 0.510780930519104 -0.033731859177351
0.48322388529777527 0.47592559456825256 -0.06541521102190018
0.4538746476173401 0.5065357685089111 -0.0650753602385521
0.4534035623073578 0.5292287468910217 -0.057689204812049866
0.46839073300361633 0.49214398860931396 -0.03209226205945015
0.45950454473495483 0.4645215570926666 -0.06203296035528183
0.4393189251422882 0.49632203578948975 -0.05026613920927048
0.44185641407966614 0.5193551182746887 -0.035184621810913086
0.4492633044719696 0.48075252771377563 -0.03343377634882927
0.4410378932952881 0.45414385199546814 -0.05417434498667717
0.42774587869644165 0.4794904887676239 -0.04743851721286774
0.42905133962631226 0.5023308992385864 -0.0372697152197361
0.3947811722755432 0.5813700556755066 1.6510719547113695e-07
0.42093974351882935 0.5825034379959106 -0.04085535556077957
0.45193538069725037 0.5799553394317627 -0.059838443994522095
0.48198527097702026 0.5895918607711792 -0.07487158477306366
0.5037590861320496 0.6102905869483948 -0.08680609613656998
0.5012163519859314 0.5354414582252502 -0.025675160810351372
0.5421277284622192 0.5146097540855408 -0.049066703766584396
0.5680397748947144 0.496141642332077 -0.06125537306070328
0.5921698808670044 0.47870486974716187 -0.06802599877119064
0.4833991229534149 0.5160231590270996 -0.014496680349111557
0.476034939289093 0.474681556224823 -0.043937280774116516
0.4505556523799896 0.5075700879096985 -0.04637567326426506
0.45800963044166565 0.5321313738822937 -0.04018588736653328
0.4653477370738983 0.49845045804977417 -0.009340890683233738
0.4563482105731964 0.46426331996917725 -0.038132406771183014
0.43650081753730774 0.49456700682640076 -0.03111906163394451
0.4451143443584442 0.5153497457504272 -0.01820596121251583
0.44693347811698914 0.48494186997413635 -0.00862562283873558
0.44081535935401917 0.4572606086730957 -0.02671108767390251
0.42785924673080444 0.4776277542114258 -0.022268427535891533
0.42946186661720276 0.4983368217945099 -0.012973091565072536
