Alex_image_five_13.jpg
0.6253355741500854 0.812698245048523 7.05884914964372e-08
0.6179271936416626 0.8574425578117371 -0.04113393276929855
0.6010905504226685 0.881231963634491 -0.07529520243406296
0.5846624970436096 0.8789417743682861 -0.10280436277389526
0.5688478350639343 0.8731586933135986 -0.13132230937480927
0.5492737889289856 0.8358964920043945 -0.10827446728944778
0.5127917528152466 0.8457316160202026 -0.15931463241577148
0.49336373805999756 0.8575074672698975 -0.1917707920074463
0.47908610105514526 0.8681502342224121 -0.20830261707305908
0.5562828779220581 0.7918587923049927 -0.10002533346414566
0.5285783410072327 0.7829375863075256 -0.1390317678451538
0.5262330174446106 0.7817711234092712 -0.15111254155635834
0.5282562971115112 0.7881727814674377 -0.1627136766910553
0.5771300196647644 0.7554880976676941 -0.091800257563591
0.5615251660346985 0.7476419806480408 -0.12233848124742508
0.5567122101783752 0.7502260804176331 -0.12044990807771683
0.548385739326477 0.7585439085960388 -0.11906363070011139
0.6062914133071899 0.7286940813064575 -0.08667964488267899
0.6066539287567139 0.7242758274078369 -0.10211435705423355
0.6068213582038879 0.7338345646858215 -0.09682013094425201
0.601851224899292 0.7434662580490112 -0.09481214731931686
