Alex_image_zero_79.jpg
0.48438647389411926 0.6293703317642212 -1.9821793273422372e-07
0.5104497075080872 0.6285206079483032 -0.025758055970072746
0.5377269983291626 0.6078317165374756 -0.04254498332738876
0.540942907333374 0.5785131454467773 -0.05639340728521347
0.5264293551445007 0.5539215803146362 -0.06565571576356888
0.5351088643074036 0.5126245021820068 -0.022207720205187798
0.5368798971176147 0.51759272813797 -0.048006318509578705
0.534333348274231 0.541888952255249 -0.057720720767974854
0.5325481295585632 0.5516380071640015 -0.06097441911697388
0.5058191418647766 0.49977943301200867 -0.019382251426577568
0.508441686630249 0.5233194828033447 -0.04326024651527405
0.5089991688728333 0.571385383605957 -0.04282577708363533
0.5070334672927856 0.5708310008049011 -0.037210334092378616
0.4800430238246918 0.5044983625411987 -0.02123717963695526
0.4828042984008789 0.5380789041519165 -0.044058121740818024
0.487362802028656 0.5754159092903137 -0.03557785227894783
0.48641258478164673 0.57144695520401 -0.02552204765379429
0.45590776205062866 0.5209270715713501 -0.02586333081126213
0.4627111256122589 0.5581724643707275 -0.041633155196905136
0.46951231360435486 0.5829617381095886 -0.0390990749001503
0.47071337699890137 0.5763759613037109 -0.03321278467774391
