Alex_image_four_48.jpg
0.43587595224380493 0.6606757640838623 5.137251832820766e-07
0.4970487356185913 0.6596530079841614 -0.032987743616104126
0.5560320019721985 0.6525585651397705 -0.04021626338362694
0.6074635982513428 0.6667314171791077 -0.04354044422507286
0.6467811465263367 0.6850314140319824 -0.04621567949652672
0.5626525282859802 0.5514358282089233 0.0010611140169203281
0.6055170297622681 0.5020483732223511 0.009872130118310452
0.6309862732887268 0.46862614154815674 0.01588091440498829
0.6495139598846436 0.4453982710838318 0.018007980659604073
0.5314539670944214 0.524385929107666 0.011913162656128407
0.564457356929779 0.45866456627845764 0.03389663249254227
0.5837876200675964 0.42257705330848694 0.0419313870370388
0.598507285118103 0.3961929678916931 0.04433530941605568
0.4982195794582367 0.517825186252594 0.01661231555044651
0.5227308869361877 0.4614187479019165 0.024355215951800346
0.5486554503440857 0.4272095561027527 0.011391482315957546
0.5697045922279358 0.3946050703525543 -0.0013552660821005702
0.46559882164001465 0.5213401913642883 0.017517955973744392
0.456727534532547 0.48660513758659363 0.008975129574537277
0.45094358921051025 0.46768513321876526 -0.005094569642096758
0.4463842511177063 0.45123860239982605 -0.015376520343124866
