Alex_image_five_65.jpg
0.6061698794364929 0.6913092136383057 -1.396052056179542e-07
0.5486816763877869 0.7033363580703735 -0.009436328895390034
0.5011598467826843 0.6942758560180664 -0.012383369728922844
0.456476628780365 0.6912130117416382 -0.016989881172776222
0.4267522096633911 0.6929885149002075 -0.0216862540692091
0.5189821124076843 0.589174747467041 0.014382632449269295
0.4805236756801605 0.5450112819671631 0.014594403095543385
0.46174150705337524 0.5273440480232239 0.008653873577713966
0.4487849473953247 0.5071357488632202 0.0033775430638343096
0.5474269390106201 0.5657580494880676 0.014118852093815804
0.5148240923881531 0.5137724876403809 0.02319686859846115
0.4973367154598236 0.4857960045337677 0.020930584520101547
0.4842487573623657 0.4698600172996521 0.01696506142616272
0.58461993932724 0.5579618215560913 0.010541029274463654
0.5687944889068604 0.5021458864212036 0.015990495681762695
0.5564196109771729 0.4707845151424408 0.014042734168469906
0.5459219813346863 0.4479030668735504 0.011700584553182125
0.6246129274368286 0.5629453063011169 0.005077458452433348
0.6312142610549927 0.5191434025764465 0.009617595933377743
0.631425142288208 0.4892496168613434 0.012804786674678326
0.6298202872276306 0.46362972259521484 0.015084218233823776
