Alex_image_two_2.jpg
0.750652015209198 0.5851658582687378 3.844054319301904e-08
0.708607017993927 0.5677338242530823 -0.024472249671816826
0.6672885417938232 0.5232670307159424 -0.03364597633481026
0.6390075087547302 0.48287153244018555 -0.04109085351228714
0.6147002577781677 0.45891785621643066 -0.04613512009382248
0.6874699592590332 0.4804447889328003 -0.019155077636241913
0.6835724115371704 0.42461878061294556 -0.048822514712810516
0.682182788848877 0.39272910356521606 -0.06431511789560318
0.6844449043273926 0.35865482687950134 -0.07163780927658081
0.7172199487686157 0.47910910844802856 -0.018156293779611588
0.7292592525482178 0.44365251064300537 -0.052916571497917175
0.7278798818588257 0.49927160143852234 -0.055234529078006744
0.7203806042671204 0.5154576301574707 -0.04812540113925934
0.7439702153205872 0.4855329990386963 -0.022334419190883636
0.7567167282104492 0.45607125759124756 -0.06147398799657822
0.7512181997299194 0.5100058317184448 -0.05655786767601967
0.7417826056480408 0.5258349180221558 -0.04264404997229576
0.7681823968887329 0.4961048662662506 -0.027899183332920074
0.7775169014930725 0.4748079478740692 -0.05284024775028229
0.7718196511268616 0.510303258895874 -0.04756157100200653
0.7643950581550598 0.5269373059272766 -0.03718434274196625
