Alex_image_spock_47.jpg
0.44775643944740295 0.6363043189048767 8.906843049771851e-07
0.5030153393745422 0.6479926109313965 -0.03114612028002739
0.5444309115409851 0.6535624861717224 -0.04687504097819328
0.5838664770126343 0.6581791639328003 -0.05953258275985718
0.617842972278595 0.6653710603713989 -0.07026346027851105
0.5665851831436157 0.5429611802101135 -0.006919723469763994
0.606465220451355 0.5029090046882629 -0.005767962895333767
0.6300420761108398 0.4749571681022644 -0.006810175254940987
0.6483845710754395 0.4514007568359375 -0.009319161996245384
0.5465177297592163 0.5115792751312256 0.0005206986097618937
0.5887079238891602 0.4699241816997528 0.0044153532944619656
0.6165611743927002 0.4443970024585724 0.003560079028829932
0.6406879425048828 0.4228130280971527 0.002348154317587614
0.5180062651634216 0.4946369230747223 0.0031544759403914213
0.5320554971694946 0.4341038465499878 0.0003003199235536158
0.5389259457588196 0.3961184620857239 -0.006966389715671539
0.5474675893783569 0.36318129301071167 -0.012108308263123035
0.48484528064727783 0.4903193414211273 0.0024806950241327286
0.5015127658843994 0.44217002391815186 -0.0026175896637141705
0.5106732249259949 0.41843438148498535 -0.006493587978184223
0.5234713554382324 0.3959786891937256 -0.009428519755601883
