Alex_image_three_6.jpg
0.41717472672462463 0.5001307725906372 4.3156535411981167e-07
0.45617949962615967 0.51429682970047 -0.030568242073059082
0.5039121508598328 0.5123664736747742 -0.0395980179309845
0.5452106595039368 0.5093486309051514 -0.04574805498123169
0.577652096748352 0.5145342350006104 -0.051005855202674866
0.5160163640975952 0.4478800594806671 -0.016789352521300316
0.5542340874671936 0.41233617067337036 -0.029418781399726868
0.5767078995704651 0.3865126073360443 -0.037404634058475494
0.594991147518158 0.36200082302093506 -0.04257453605532646
0.49539414048194885 0.42290326952934265 -0.010576308704912663
0.5157153606414795 0.36802950501441956 -0.027808325365185738
0.5286746025085449 0.3321188688278198 -0.03894079476594925
0.5391473174095154 0.2976000905036926 -0.04329613223671913
0.469513475894928 0.41362830996513367 -0.008037333376705647
0.465168833732605 0.3795941174030304 -0.0372835248708725
0.4518696963787079 0.4202002286911011 -0.04502563178539276
0.44785791635513306 0.44859930872917175 -0.040800780057907104
0.4427679777145386 0.41129162907600403 -0.0073234327137470245
0.4393340051174164 0.3892810046672821 -0.03197534382343292
0.4324379563331604 0.4188403785228729 -0.03598368912935257
0.43420279026031494 0.44309327006340027 -0.03244243189692497
