Alex_image_spock_86.jpg
0.4468075931072235 0.6751601099967957 4.831504156754818e-07
0.47877708077430725 0.671514630317688 -0.022259412333369255
0.5039507746696472 0.6366145014762878 -0.028832942247390747
0.5127508044242859 0.5977662801742554 -0.03190591558814049
0.5252611637115479 0.5672674775123596 -0.033765699714422226
0.4918840825557709 0.5712582468986511 -0.01444947812706232
0.5057231783866882 0.5267078876495361 -0.019535047933459282
0.5121791362762451 0.4981765151023865 -0.023248206824064255
0.5163912773132324 0.47248536348342896 -0.027038317173719406
0.4686031639575958 0.5575571656227112 -0.010100109502673149
0.48588085174560547 0.5121643543243408 -0.017214611172676086
0.4972992539405823 0.48296186327934265 -0.025145770981907845
0.5068569183349609 0.4561220407485962 -0.030804531648755074
0.4454829692840576 0.5584560632705688 -0.00818295031785965
0.43972423672676086 0.508442223072052 -0.01951192505657673
0.4344289004802704 0.479389488697052 -0.028539955615997314
0.432822048664093 0.453574538230896 -0.033714454621076584
0.42087751626968384 0.5718080401420593 -0.0078599713742733
0.41793161630630493 0.5304853320121765 -0.01958053559064865
0.416172593832016 0.5075695514678955 -0.026791326701641083
0.41698288917541504 0.48268061876296997 -0.03128311038017273
0.4318094253540039 0.6923837661743164 3.470883314093953e-07
0.4745563566684723 0.6795840263366699 -0.013881290331482887
0.5035576820373535 0.6417888402938843 -0.01352610718458891
0.5162253379821777 0.5964939594268799 -0.012066323310136795
0.5308201313018799 0.5645357370376587 -0.009428405202925205
0.4909626841545105 0.5718917846679688 0.004551398102194071
0.5057143568992615 0.5263442993164062 0.005301417782902718
0.5121985673904419 0.4983362555503845 0.005512183532118797
0.5177015662193298 0.4733507037162781 0.004084683023393154
0.4689416289329529 0.5597298741340637 0.006429791916161776
0.4858425259590149 0.511345386505127 0.004510508384555578
0.4972519278526306 0.4836709201335907 0.0009905967162922025
0.507481575012207 0.45978111028671265 -0.001643541967496276
0.44470301270484924 0.5621828436851501 0.005198382306843996
0.43532872200012207 0.5104674696922302 -0.0038352315314114094
0.42918860912323 0.4784163236618042 -0.012217530980706215
0.42706331610679626 0.44968101382255554 -0.017299281433224678
0.4195210337638855 0.5729543566703796 0.002759933937340975
0.4151917099952698 0.5303783416748047 -0.007059239782392979
0.4148551821708679 0.5076298713684082 -0.013837140053510666
0.4186512529850006 0.4835626482963562 -0.018655573949217796
