Alex_image_spock_54.jpg
0.44655710458755493 0.6568159461021423 5.641236953124462e-07
0.5009174346923828 0.6141123175621033 -0.019204750657081604
0.5385381579399109 0.5469150543212891 -0.021995052695274353
0.5646663308143616 0.49675413966178894 -0.02431383915245533
0.5910041928291321 0.47478771209716797 -0.02554399147629738
0.4805357754230499 0.4412802755832672 0.0014587214682251215
0.47725290060043335 0.37649205327033997 -0.003144404385238886
0.47278106212615967 0.33553218841552734 -0.010676693171262741
0.46570178866386414 0.29742810130119324 -0.018384376540780067
0.44457361102104187 0.4401317238807678 -0.0011073537170886993
0.441203236579895 0.36127662658691406 -0.007527480833232403
0.44079795479774475 0.3122312128543854 -0.01959303766489029
0.4361533224582672 0.2698119878768921 -0.02888399548828602
0.4154450297355652 0.462442010641098 -0.007276937365531921
0.3836440443992615 0.39925599098205566 -0.0226738341152668
0.3647697865962982 0.3618142604827881 -0.037415407598018646
0.3486282527446747 0.3277862071990967 -0.04608463495969772
0.38945117592811584 0.5019510984420776 -0.015510834753513336
0.36378026008605957 0.4507582485675812 -0.033542390912771225
0.3442786931991577 0.41782835125923157 -0.04487867280840874
0.3283252716064453 0.3815600275993347 -0.051607340574264526
