Alex_image_zero_15.jpg
0.5339523553848267 0.5607935786247253 -3.753222301838832e-07
0.4924609959125519 0.565916121006012 -0.04659440740942955
0.44268810749053955 0.5428940057754517 -0.07218067348003387
0.4262099862098694 0.4998682141304016 -0.09122565388679504
0.4568747580051422 0.45724770426750183 -0.100953109562397
0.4241202473640442 0.3937099277973175 -0.03351760655641556
0.42781782150268555 0.4183697998523712 -0.06511414051055908
0.4466334879398346 0.47357696294784546 -0.07704853266477585
0.4506931006908417 0.4780067503452301 -0.08352725952863693
0.45883554220199585 0.36022502183914185 -0.025930294767022133
0.47158896923065186 0.40664491057395935 -0.0592879019677639
0.483246773481369 0.4730778634548187 -0.06163853034377098
0.48112162947654724 0.46485456824302673 -0.05704980343580246
0.4993602931499481 0.35399553179740906 -0.025707915425300598
0.517439603805542 0.40475040674209595 -0.05854342132806778
0.5184465646743774 0.46185535192489624 -0.05028614401817322
0.5110150575637817 0.45308881998062134 -0.03884324058890343
0.5432072281837463 0.3628079891204834 -0.030796265229582787
0.5584467053413391 0.410892128944397 -0.05377757176756859
0.553236186504364 0.4526793360710144 -0.053643062710762024
0.5409103035926819 0.45101621747016907 -0.04832439497113228
