Alex_image_zero_81.jpg
0.43737947940826416 0.6646378040313721 -1.282620587517158e-07
0.4620323181152344 0.6430180072784424 -0.01523300725966692
0.4818481206893921 0.6052144765853882 -0.02297714725136757
0.4696991443634033 0.5721613168716431 -0.02936234138906002
0.44579872488975525 0.5563172698020935 -0.03232868015766144
0.4682992994785309 0.5521053671836853 -0.008740216493606567
0.46946099400520325 0.532288670539856 -0.024973493069410324
0.47025904059410095 0.570410966873169 -0.03317289426922798
0.46821755170822144 0.5784667134284973 -0.037368934601545334
0.44678008556365967 0.5539292693138123 -0.008415477350354195
0.44632723927497864 0.5380997657775879 -0.024589383974671364
0.4534255862236023 0.5805997252464294 -0.026916496455669403
0.4520866870880127 0.5844842195510864 -0.025502551347017288
0.4270051121711731 0.5643055438995361 -0.010934319347143173
0.42447414994239807 0.5508452653884888 -0.027381932362914085
0.4355487823486328 0.5888797640800476 -0.021160343661904335
0.43591123819351196 0.5931109189987183 -0.013655046001076698
0.4077697694301605 0.5791592597961426 -0.014777261763811111
0.4095797538757324 0.5748891234397888 -0.024078361690044403
0.4195157289505005 0.597153902053833 -0.018744638189673424
0.4207742512226105 0.5993083715438843 -0.01262018084526062
