Alex_image_spock_26.jpg
0.6138416528701782 0.7295830249786377 5.394686581894348e-07
0.6273758411407471 0.6375824213027954 0.007725744042545557
0.6072770953178406 0.57136470079422 0.009119268506765366
0.5780431032180786 0.516968846321106 0.011639170348644257
0.5570789575576782 0.47276169061660767 0.015156672336161137
0.5550679564476013 0.5407506227493286 -0.014592108316719532
0.5116073489189148 0.460592120885849 -0.02159752883017063
0.486237496137619 0.41455745697021484 -0.02222154662013054
0.467349112033844 0.3730793595314026 -0.023514658212661743
0.5204982757568359 0.5681045651435852 -0.01945190317928791
0.4781306982040405 0.4822639226913452 -0.042921945452690125
0.4537714719772339 0.4262126088142395 -0.057319704443216324
0.43536195158958435 0.37772637605667114 -0.06525695323944092
0.4960792362689972 0.6106233596801758 -0.02014954760670662
0.4242980480194092 0.5664526224136353 -0.04070381820201874
0.37832528352737427 0.5366401076316833 -0.051092058420181274
0.3463030159473419 0.5131397247314453 -0.054809361696243286
0.4848594665527344 0.6613863110542297 -0.01781615801155567
0.4250204861164093 0.6199923753738403 -0.03176422789692879
0.3929131329059601 0.5953459739685059 -0.038268812000751495
0.36615514755249023 0.5681120157241821 -0.040773581713438034
