Alex_image_three_26.jpg
0.36611148715019226 0.7079119682312012 1.6092265298084385e-07
0.41471511125564575 0.738767147064209 -0.03969302773475647
0.47653675079345703 0.7535576820373535 -0.05064313858747482
0.5261117815971375 0.7794149518013 -0.05475570261478424
0.5612224340438843 0.8030940294265747 -0.05901172384619713
0.5191884636878967 0.6467320919036865 -0.03040318191051483
0.5802600979804993 0.5897120833396912 -0.029213497415184975
0.6132798194885254 0.5546666383743286 -0.030387546867132187
0.6403639316558838 0.5231022834777832 -0.034216709434986115
0.49939796328544617 0.6209730505943298 -0.012020006775856018
0.5117098093032837 0.5356673002243042 -0.012579729780554771
0.5060797929763794 0.509475588798523 -0.016666188836097717
0.508550226688385 0.4876917600631714 -0.021919965744018555
0.47205662727355957 0.608447253704071 0.003412495134398341
0.47116661071777344 0.560453474521637 -0.007526665460318327
0.4499037265777588 0.6012564301490784 -0.019893839955329895
0.4381991922855377 0.6385862827301025 -0.027250979095697403
0.4482958912849426 0.6096952557563782 0.01689167506992817
0.44799894094467163 0.5963508486747742 0.0008044082787819207
0.44005438685417175 0.6335141658782959 -0.01116224192082882
0.43615487217903137 0.6735261678695679 -0.017620550468564034
