Alex_image_two_27.jpg
0.6915839314460754 0.715112030506134 3.1764262331535065e-08
0.742451548576355 0.7306487560272217 -0.0024968055076897144
0.799270749092102 0.7298797369003296 -0.015028267167508602
0.850021481513977 0.7203621864318848 -0.026687605306506157
0.8869627714157104 0.7149984836578369 -0.040455278009176254
0.8066021800041199 0.6347606182098389 -0.041254088282585144
0.8482201099395752 0.5582375526428223 -0.057583797723054886
0.8705389499664307 0.5122534036636353 -0.06726034730672836
0.8869964480400085 0.4771157503128052 -0.07270421087741852
0.7746101021766663 0.5996159315109253 -0.0412447415292263
0.7665082812309265 0.5498321652412415 -0.04825875163078308
0.7509363889694214 0.5787796974182129 -0.039399586617946625
0.743815541267395 0.6118799448013306 -0.03443002328276634
0.7350632548332214 0.5800677537918091 -0.03919048234820366
0.7271397709846497 0.548827052116394 -0.04610665887594223
0.7150160074234009 0.5770191550254822 -0.035154491662979126
0.7093870639801025 0.6090850830078125 -0.02856624312698841
0.6984241604804993 0.5652790069580078 -0.035968609154224396
0.6961697340011597 0.5491588711738586 -0.03476259112358093
0.6863075494766235 0.580527663230896 -0.021737759932875633
0.6810990571975708 0.6060944199562073 -0.012183882296085358
