Alex_image_two_17.jpg
0.7643309831619263 0.638401210308075 -3.692349537232076e-07
0.7190409898757935 0.6166086792945862 -0.02619575709104538
0.6741947531700134 0.5620061159133911 -0.043110329657793045
0.639531135559082 0.517075777053833 -0.05834027752280235
0.6092057824134827 0.48293691873550415 -0.07196501642465591
0.7248987555503845 0.4800897538661957 -0.03707359358668327
0.7236911654472351 0.4222477674484253 -0.0623750202357769
0.7186310887336731 0.3811572790145874 -0.07704650610685349
0.7164900302886963 0.3433140814304352 -0.08741926401853561
0.7652096152305603 0.461163729429245 -0.0358051098883152
0.7617834210395813 0.5148606300354004 -0.06372980028390884
0.7458654642105103 0.5661810040473938 -0.06491173058748245
0.7440510392189026 0.5759914517402649 -0.061099082231521606
0.7975620031356812 0.47788292169570923 -0.03766510263085365
0.7906529903411865 0.5495527386665344 -0.0678742453455925
0.7720974087715149 0.5867525935173035 -0.06083399057388306
0.7705907225608826 0.5895124673843384 -0.05006212741136551
0.8216832876205444 0.507294774055481 -0.04183569923043251
0.8137262463569641 0.5609785318374634 -0.06431559473276138
0.7957163453102112 0.5939351916313171 -0.059594955295324326
0.7892189621925354 0.6034655570983887 -0.05075487494468689
