Alex_image_four_19.jpg
0.41566067934036255 0.6810412406921387 2.8203336910337384e-07
0.47215184569358826 0.701741099357605 -0.036786917597055435
0.5260469317436218 0.6860886812210083 -0.05910083279013634
0.5727114677429199 0.6664992570877075 -0.0769454687833786
0.6105282306671143 0.6509393453598022 -0.09770119935274124
0.4677295684814453 0.6195154786109924 -0.06214350461959839
0.486544132232666 0.5820979475975037 -0.08348038047552109
0.50313800573349 0.5558056831359863 -0.09746552258729935
0.5125643610954285 0.5229932069778442 -0.10862432420253754
0.4255189895629883 0.6020827889442444 -0.057529330253601074
0.40680789947509766 0.5512470006942749 -0.0751212015748024
0.39784395694732666 0.5159033536911011 -0.0895334780216217
0.3829732835292816 0.483237087726593 -0.10385337471961975
0.39588838815689087 0.6047409176826477 -0.05345415696501732
0.3601728081703186 0.5872640609741211 -0.07643633335828781
0.3343445062637329 0.5846716165542603 -0.09335301071405411
0.31065529584884644 0.5764265060424805 -0.10594332218170166
0.37486904859542847 0.6242156624794006 -0.05131874606013298
0.3444734811782837 0.6252727508544922 -0.07084998488426208
0.3213564455509186 0.6431218385696411 -0.07954966276884079
0.30254659056663513 0.6575940847396851 -0.08705390244722366
