Alex_image_spock_34.jpg
0.6824331283569336 0.8201388716697693 5.05971911479719e-07
0.7580733299255371 0.7733822464942932 0.015762988477945328
0.7979713678359985 0.7181533575057983 0.022972147911787033
0.8113081455230713 0.6417496800422668 0.03314001113176346
0.817366898059845 0.582269549369812 0.04441899061203003
0.7684295177459717 0.6306955814361572 -0.011581390164792538
0.7998909950256348 0.5344977378845215 -0.01336070615798235
0.817075788974762 0.4827709496021271 -0.00837322324514389
0.8297314047813416 0.43895798921585083 -0.004235703963786364
0.7234622240066528 0.6089709997177124 -0.012457828037440777
0.7588076591491699 0.5085527300834656 -0.027064137160778046
0.7816268801689148 0.4530588388442993 -0.029253922402858734
0.7982102632522583 0.4124425947666168 -0.02746794931590557
0.6797909736633301 0.6100878119468689 -0.008351494558155537
0.6688482165336609 0.51340651512146 -0.020893644541502
0.6610957384109497 0.45329490303993225 -0.024722661823034286
0.6568805575370789 0.40868473052978516 -0.02369041182100773
0.6448948383331299 0.6317391991615295 0.00034584334935061634
0.63543701171875 0.5440666675567627 -0.0008794179302640259
0.6322320103645325 0.5008159279823303 0.0019583229441195726
0.6315000057220459 0.460734486579895 0.005365065764635801
