Alex_image_three_40.jpg
0.4388411343097687 0.6969413757324219 3.2837363050930435e-07
0.3933659493923187 0.6623423099517822 0.0023624112363904715
0.364013135433197 0.620050311088562 -0.011917414143681526
0.32523083686828613 0.5869109034538269 -0.02906893938779831
0.29205989837646484 0.564579963684082 -0.04840439185500145
0.42967286705970764 0.535429835319519 -0.024818746373057365
0.44343969225883484 0.4517820477485657 -0.03084743022918701
0.45161035656929016 0.4111369550228119 -0.03251778706908226
0.46060711145401 0.3789324164390564 -0.03382843732833862
0.4735683500766754 0.5441282391548157 -0.030133940279483795
0.5122783184051514 0.49560263752937317 -0.023273898288607597
0.5379457473754883 0.47296369075775146 -0.016437819227576256
0.5543389320373535 0.46047893166542053 -0.01365125272423029
0.5046886801719666 0.575962483882904 -0.03362911939620972
0.5103211998939514 0.5794876217842102 -0.020875100046396255
0.49808984994888306 0.6099160313606262 -0.015087543986737728
0.4863163232803345 0.6340157389640808 -0.014470943249762058
0.5243569016456604 0.6115195751190186 -0.03736158087849617
0.5197399854660034 0.6298118829727173 -0.03046613372862339
0.5090559124946594 0.6539368033409119 -0.025120245292782784
0.4998607635498047 0.6759452223777771 -0.021078990772366524
