Alex_image_four_73.jpg
0.5181113481521606 0.6811354160308838 3.6797405300603714e-07
0.5048402547836304 0.6320409774780273 0.013233568519353867
0.49470168352127075 0.5948924422264099 0.01525324396789074
0.4842912256717682 0.5632312297821045 0.014719035476446152
0.48815104365348816 0.5342914462089539 0.01389311719685793
0.42201024293899536 0.5948050022125244 -0.0029381620697677135
0.37565022706985474 0.5600563883781433 -0.008126873522996902
0.3470762372016907 0.5386298298835754 -0.009179571643471718
0.3265133500099182 0.5177406072616577 -0.01091305073350668
0.41120776534080505 0.6160286068916321 -0.011901846155524254
0.3462268114089966 0.6266693472862244 -0.0286115650087595
0.3037251830101013 0.6296123266220093 -0.04209286719560623
0.2737838327884674 0.6284223794937134 -0.05051906034350395
0.4118500351905823 0.6478630900382996 -0.016528239473700523
0.3767825663089752 0.6963662505149841 -0.027625393122434616
0.3682827353477478 0.7194739580154419 -0.03026655688881874
0.36458972096443176 0.7271327376365662 -0.029600689187645912
0.4207771420478821 0.6813391447067261 -0.019482892006635666
0.4126451909542084 0.7225132584571838 -0.024136608466506004
0.43294697999954224 0.7316403388977051 -0.02166789583861828
0.448574036359787 0.7307069301605225 -0.01760716177523136
