Alex_image_spock_66.jpg
0.4205586910247803 0.8299583196640015 1.0940313188712025e-07
0.3591533303260803 0.7953451871871948 0.0004697937984019518
0.31613439321517944 0.7561028599739075 -0.013938832096755505
0.2735462188720703 0.719254195690155 -0.030745256692171097
0.23664912581443787 0.7010046243667603 -0.05051405727863312
0.3693763315677643 0.6292721629142761 -0.016444984823465347
0.3667944073677063 0.5411902070045471 -0.02147991955280304
0.3707866072654724 0.48948976397514343 -0.027831878513097763
0.3766069710254669 0.44349947571754456 -0.03488713130354881
0.4088681936264038 0.6150271892547607 -0.023134302347898483
0.4015093147754669 0.5295327305793762 -0.02061639353632927
0.39809539914131165 0.48150545358657837 -0.02509724535048008
0.3965902328491211 0.4479851722717285 -0.03380214422941208
0.4477730393409729 0.6273450255393982 -0.028269967064261436
0.4705037474632263 0.5539188385009766 -0.02710821107029915
0.4932451844215393 0.5043513774871826 -0.033104307949543
0.5066772103309631 0.4689515233039856 -0.041990477591753006
0.48175740242004395 0.6544426083564758 -0.03264844790101051
0.49764877557754517 0.5858597159385681 -0.0335066020488739
0.5064511299133301 0.5462755560874939 -0.03185955807566643
0.5100266337394714 0.5121042728424072 -0.0326121561229229
