Alex_image_three_75.jpg
0.6360775828361511 0.6592636108398438 4.584662463003042e-07
0.56907719373703 0.6119077801704407 0.0012228591367602348
0.5232946276664734 0.5528226494789124 0.0056797354482114315
0.5018235445022583 0.507872462272644 0.004545378964394331
0.48317527770996094 0.48505568504333496 0.004647986032068729
0.578071117401123 0.43421950936317444 0.016741933301091194
0.5565988421440125 0.3560413718223572 0.008467813953757286
0.5439578294754028 0.3110063076019287 0.0013454859144985676
0.5347266793251038 0.2687125504016876 -0.004058570135384798
0.6220954656600952 0.43553316593170166 0.0021120025776326656
0.6206235885620117 0.33468425273895264 -0.01487667765468359
0.6189900040626526 0.2724854052066803 -0.029598932713270187
0.6222119331359863 0.2175818681716919 -0.037033386528491974
0.6626806855201721 0.46063071489334106 -0.014085252769291401
0.647305428981781 0.4203392267227173 -0.044536035507917404
0.6284314393997192 0.49277204275131226 -0.04553598165512085
0.6230742335319519 0.5406133532524109 -0.0352892242372036
0.7007055282592773 0.49867764115333557 -0.029849832877516747
0.6813207268714905 0.46438854932785034 -0.05283580347895622
0.6587558388710022 0.510829508304596 -0.04695459455251694
0.6488656997680664 0.5456361174583435 -0.03590637817978859
