Alex_image_five_41.jpg
0.47019055485725403 0.8065312504768372 5.051076641393593e-07
0.4243987202644348 0.7619630098342896 -0.011495946906507015
0.39308488368988037 0.7195091247558594 -0.026497434824705124
0.3593665063381195 0.6937440037727356 -0.0408356748521328
0.33087536692619324 0.6795328855514526 -0.05758219584822655
0.43803128600120544 0.6459407806396484 -0.048195745795965195
0.4338807761669159 0.5558364987373352 -0.07700138539075851
0.4325721561908722 0.4986715614795685 -0.09396684169769287
0.433649480342865 0.45547962188720703 -0.10391896963119507
0.4679756462574005 0.6493294835090637 -0.05679500475525856
0.48040613532066345 0.5541396141052246 -0.0822257474064827
0.48523426055908203 0.4939345419406891 -0.09531340003013611
0.49086782336235046 0.4501781761646271 -0.10311448574066162
0.4968428611755371 0.6663576364517212 -0.06510881334543228
0.5260254144668579 0.607343852519989 -0.09173522144556046
0.5417441725730896 0.5588936805725098 -0.10834560543298721
0.5566073656082153 0.5178321599960327 -0.11776518821716309
0.5203302502632141 0.6956676840782166 -0.07293300330638885
0.5496869087219238 0.679919421672821 -0.09984481334686279
0.5696086287498474 0.6687736511230469 -0.1110796257853508
0.5917634963989258 0.657228410243988 -0.11623349040746689
