Dominik_image_three_52.jpg
0.8028796911239624 0.644944429397583 1.6334364971726245e-08
0.7910037636756897 0.5525056719779968 0.0470755361020565
0.7709055542945862 0.4817519187927246 0.056097209453582764
0.749113917350769 0.4202972948551178 0.05552123114466667
0.7538736462593079 0.3708750605583191 0.056560222059488297
0.7350964546203613 0.4261781573295593 0.00357476226054132
0.6712655425071716 0.3401937484741211 -0.010075184516608715
0.6328895092010498 0.29371178150177 -0.011084632948040962
0.6058939099311829 0.2610982060432434 -0.01013965718448162
0.7149296402931213 0.4534308612346649 -0.02235497534275055
0.6219893097877502 0.39134669303894043 -0.0565108098089695
0.5704663991928101 0.35604679584503174 -0.06586192548274994
0.5383304357528687 0.334654837846756 -0.06703665107488632
0.6951975226402283 0.4945467710494995 -0.03981763869524002
0.6370313167572021 0.48643720149993896 -0.04726042225956917
0.6539369225502014 0.5044125914573669 -0.020304422825574875
0.6722257137298584 0.5130885243415833 0.00321073061786592
0.6826678514480591 0.5429853796958923 -0.05453302338719368
0.6450142860412598 0.5300000905990601 -0.042472727596759796
0.6655155420303345 0.5460513830184937 -0.01569981873035431
0.6836077570915222 0.5575783252716064 0.006867348216474056
