Dominik_image_three_83.jpg
0.7760644555091858 0.7363549470901489 3.1901382158139313e-07
0.7945619225502014 0.6649593114852905 0.023658961057662964
0.8006621599197388 0.5990448594093323 0.031014418229460716
0.8117532134056091 0.5471653342247009 0.03298569843173027
0.8363752365112305 0.5215850472450256 0.03546926751732826
0.7591862678527832 0.5413274765014648 0.009482019580900669
0.7218907475471497 0.45659083127975464 0.009700481779873371
0.6974847912788391 0.41212329268455505 0.014364082366228104
0.6819950342178345 0.379328191280365 0.019205467775464058
0.7276985049247742 0.5579040050506592 -0.0011638794094324112
0.6727492809295654 0.48664507269859314 -0.008333529345691204
0.6401809453964233 0.4436402916908264 -0.00919756293296814
0.6201784610748291 0.4173319935798645 -0.006513664498925209
0.7004086375236511 0.587637186050415 -0.007468811701983213
0.6747313141822815 0.5748018622398376 -0.003573548747226596
0.6866503953933716 0.5930309891700745 0.007070603314787149
0.6989663243293762 0.6116681098937988 0.017907317727804184
0.6788075566291809 0.6254547238349915 -0.012523166835308075
0.6700169444084167 0.6134498715400696 0.0018560572061687708
0.6831011176109314 0.6300947666168213 0.01673477329313755
0.6955902576446533 0.6467073559761047 0.02976604923605919
