Dominik_image_spock_13.jpg
0.6437301635742188 0.6844626069068909 3.018684253675019e-07
0.6263538599014282 0.6365540623664856 0.011171521618962288
0.614466667175293 0.5941036939620972 0.007176304701715708
0.6129560470581055 0.5612484812736511 0.0008543361909687519
0.6185027360916138 0.5304376482963562 -0.006388286128640175
0.6002538800239563 0.5456283092498779 -0.018388649448752403
0.5643981099128723 0.4840318262577057 -0.0329897403717041
0.5445412397384644 0.44662028551101685 -0.03894849494099617
0.5303153395652771 0.41426795721054077 -0.04266204684972763
0.5993040800094604 0.5588424801826477 -0.031763315200805664
0.5575076341629028 0.49087509512901306 -0.05235923454165459
0.533870279788971 0.44788801670074463 -0.0635254979133606
0.514816164970398 0.4099685251712799 -0.07071641832590103
0.5921616554260254 0.5837631821632385 -0.04261968657374382
0.5338550209999084 0.5508285760879517 -0.060960400849580765
0.499098539352417 0.5309855341911316 -0.06980255246162415
0.4754040241241455 0.5129910707473755 -0.07438281178474426
0.5811305642127991 0.6163662672042847 -0.05123203247785568
0.5346938967704773 0.5869789719581604 -0.06569398939609528
0.5111017823219299 0.5695949792861938 -0.07208506762981415
0.49075406789779663 0.5489528179168701 -0.07610893249511719
