Dominik_image_four_67.jpg
0.8399300575256348 0.710185706615448 5.766788149230706e-07
0.8596868515014648 0.6141750812530518 0.015026210807263851
0.8681632280349731 0.5299959182739258 0.011912479065358639
0.8929570913314819 0.45209625363349915 0.007499556057155132
0.9242126941680908 0.40113726258277893 0.0010166375432163477
0.7828173637390137 0.4804461598396301 -0.012554694898426533
0.7124981880187988 0.3934181332588196 -0.016933847218751907
0.6719335317611694 0.3550504446029663 -0.015396511182188988
0.6407507658004761 0.3258429169654846 -0.011896017007529736
0.7471280097961426 0.5155554413795471 -0.02222604490816593
0.6643363237380981 0.43072494864463806 -0.03703278303146362
0.6163236498832703 0.38233137130737305 -0.04015473276376724
0.5833917856216431 0.3450591564178467 -0.03821386396884918
0.7185532450675964 0.5676855444908142 -0.027019578963518143
0.6439404487609863 0.5007683634757996 -0.046670522540807724
0.6026473641395569 0.4633558988571167 -0.05196063593029976
0.5743982195854187 0.43667322397232056 -0.049110688269138336
0.7022095918655396 0.6239094734191895 -0.027130547910928726
0.6609162092208862 0.5631983280181885 -0.028280310332775116
0.6774593591690063 0.5764483213424683 -0.010888074524700642
0.6982266902923584 0.5975808501243591 0.0048540313728153706
