Dominik_image_five_71.jpg
0.6941505074501038 0.7713345289230347 4.5845732188354305e-07
0.6434687376022339 0.7572283744812012 -0.020891448482871056
0.5952966809272766 0.7211135625839233 -0.035361096262931824
0.5485435724258423 0.7045177817344666 -0.04937606677412987
0.5090337991714478 0.7080154418945312 -0.06447964161634445
0.6279443502426147 0.5933424830436707 -0.018697066232562065
0.6025555729866028 0.5221126079559326 -0.031901076436042786
0.5876175761222839 0.4765279293060303 -0.044403377920389175
0.5758370161056519 0.43645697832107544 -0.054960381239652634
0.659361720085144 0.5771784782409668 -0.0231831893324852
0.6503371596336365 0.4913628101348877 -0.033657293766736984
0.6444412469863892 0.4367160201072693 -0.04538336023688316
0.6396257281303406 0.3924393057823181 -0.05535196512937546
0.6912115216255188 0.5814579129219055 -0.030785880982875824
0.6909817457199097 0.5024291276931763 -0.04408520087599754
0.6886543035507202 0.45184311270713806 -0.057994745671749115
0.6861868500709534 0.40877217054367065 -0.06912676990032196
0.7221627235412598 0.6005484461784363 -0.04046124219894409
0.7455158233642578 0.5459606647491455 -0.05348654463887215
0.7624512910842896 0.5075784921646118 -0.06182451546192169
0.7760041952133179 0.47252774238586426 -0.06860685348510742
