Dominik_image_one_33.jpg
0.7729252576828003 0.9198446273803711 -6.213858796400018e-07
0.7685053944587708 0.8310915231704712 -0.05504707992076874
0.7893452644348145 0.7301599979400635 -0.08800727874040604
0.8126851916313171 0.6643118858337402 -0.10504130274057388
0.8438210487365723 0.5957604646682739 -0.11648312211036682
0.8222893476486206 0.8191121816635132 -0.13922198116779327
0.7102370262145996 0.8074977397918701 -0.17305538058280945
0.7085541486740112 0.8184276223182678 -0.1771932691335678
0.7415558695793152 0.815188467502594 -0.17940230667591095
0.8239953517913818 0.8862659335136414 -0.12656234204769135
0.6971161365509033 0.8646788597106934 -0.14990662038326263
0.7147378921508789 0.860913097858429 -0.13283397257328033
0.746181845664978 0.8601423501968384 -0.12705232203006744
0.815165638923645 0.9436997771263123 -0.11391250044107437
0.6965746283531189 0.9209779500961304 -0.13558770716190338
0.709397554397583 0.912056565284729 -0.10564740747213364
0.7368117570877075 0.9127271771430969 -0.08830193430185318
0.8022124171257019 0.9926501512527466 -0.1070852279663086
0.7172914743423462 0.9731717705726624 -0.13383466005325317
0.7268118262290955 0.959214985370636 -0.1294834017753601
0.750438392162323 0.9587163925170898 -0.12511898577213287
