Dominik_image_spock_74.jpg
0.6645504236221313 0.7691869735717773 -1.2782919611709076e-07
0.6728180646896362 0.7164127826690674 0.02192826382815838
0.6742396950721741 0.6727869510650635 0.02381930500268936
0.6804560422897339 0.6392927765846252 0.022053144872188568
0.6937923431396484 0.614558219909668 0.017508670687675476
0.6600410342216492 0.6169343590736389 -0.012506553903222084
0.635317325592041 0.5383734703063965 -0.025602279230952263
0.6217016577720642 0.49500277638435364 -0.0307431910187006
0.6117386221885681 0.4583370089530945 -0.03367122635245323
0.6505260467529297 0.6261968612670898 -0.02792748063802719
0.6082364916801453 0.5608084797859192 -0.04095068201422691
0.5827227830886841 0.5301170945167542 -0.04307768866419792
0.5676873922348022 0.501091718673706 -0.04503856971859932
0.6341333985328674 0.6449977159500122 -0.04061243683099747
0.5908958911895752 0.57684725522995 -0.05499625578522682
0.5634509325027466 0.5403512716293335 -0.059496376663446426
0.5455679893493652 0.5096050500869751 -0.06204461678862572
0.6149381399154663 0.6675016283988953 -0.049654871225357056
0.5821665525436401 0.6086430549621582 -0.06319181621074677
0.5643802881240845 0.5779058337211609 -0.0673464685678482
0.5506830811500549 0.5500521659851074 -0.0696285292506218
