Dominik_image_spock_68.jpg
0.6978247761726379 0.8089392185211182 3.8248509781624307e-07
0.6515974402427673 0.7980331182479858 -0.02083553746342659
0.6087668538093567 0.773195743560791 -0.03705165162682533
0.5686744451522827 0.7619661092758179 -0.05195309966802597
0.5320895910263062 0.7621423602104187 -0.06750421971082687
0.6276102066040039 0.6655852198600769 -0.0261122677475214
0.6067673563957214 0.6051853895187378 -0.04247468337416649
0.5972907543182373 0.5670704245567322 -0.057251714169979095
0.5865428447723389 0.5285865664482117 -0.06927400082349777
0.6505736708641052 0.6495457887649536 -0.029167108237743378
0.6296340823173523 0.5832758545875549 -0.04648866504430771
0.6158468127250671 0.5398004055023193 -0.0626327246427536
0.6020941734313965 0.4975361227989197 -0.07504346966743469
0.6777984499931335 0.6543550491333008 -0.033744703978300095
0.6818087100982666 0.5900815725326538 -0.05178414285182953
0.6853015422821045 0.5463953018188477 -0.06361407786607742
0.6852445602416992 0.5093067288398743 -0.07136549055576324
0.704010546207428 0.6720129251480103 -0.039795514196157455
0.7077223062515259 0.6192083358764648 -0.053350403904914856
0.708727240562439 0.5856936573982239 -0.05806592479348183
0.7091073989868164 0.5534369349479675 -0.06151003763079643
