Dominik_image_spock_98.jpg
0.49862760305404663 0.6696691513061523 3.7132119246052753e-07
0.4599727690219879 0.6987264752388 -0.020364176481962204
0.4146979749202728 0.7295235395431519 -0.03790559992194176
0.38312938809394836 0.7678577303886414 -0.05411030352115631
0.3618215322494507 0.8077713251113892 -0.07164106518030167
0.3708391487598419 0.6301113367080688 -0.02922949381172657
0.3221568465232849 0.6061046719551086 -0.04101176932454109
0.2949817180633545 0.5916292667388916 -0.05160951986908913
0.266870379447937 0.5745072364807129 -0.061558179557323456
0.3779742419719696 0.5953572988510132 -0.030874764546751976
0.3229372203350067 0.5695821642875671 -0.04476621374487877
0.29028576612472534 0.5554395318031311 -0.05764234811067581
0.25882893800735474 0.5389057993888855 -0.06888929009437561
0.39920738339424133 0.5739118456840515 -0.03343737870454788
0.3674815595149994 0.5217188596725464 -0.04723155498504639
0.34812670946121216 0.48608195781707764 -0.057917047291994095
0.3290531039237976 0.45712584257125854 -0.06629818677902222
0.4253215193748474 0.5612660050392151 -0.03733755648136139
0.39783817529678345 0.5196384787559509 -0.047309279441833496
0.3791693150997162 0.4937572777271271 -0.05138971284031868
0.35943806171417236 0.4682133197784424 -0.05558020621538162
