Dominik_image_one_87.jpg
0.7859472036361694 0.6372271180152893 -8.478196491523704e-07
0.7347243428230286 0.6538095474243164 -0.0457988977432251
0.666075587272644 0.6358230113983154 -0.06833554059267044
0.6129736304283142 0.6294866800308228 -0.08302885293960571
0.5610613226890564 0.6370593309402466 -0.09170563519001007
0.6799395680427551 0.487464040517807 -0.05427209287881851
0.7343220710754395 0.5581350922584534 -0.08346284925937653
0.7413092255592346 0.5989311933517456 -0.09702257812023163
0.7250215411186218 0.5866586565971375 -0.10760742425918579
0.718773603439331 0.4513465166091919 -0.047289662063121796
0.7778679728507996 0.5477901101112366 -0.07827501744031906
0.773058295249939 0.5921330451965332 -0.08474084734916687
0.7520850300788879 0.5723028182983398 -0.089425228536129
0.7611836791038513 0.43947136402130127 -0.04423822835087776
0.8068927526473999 0.5306078791618347 -0.07580434530973434
0.80012446641922 0.5692808628082275 -0.07072851806879044
0.7841869592666626 0.553295910358429 -0.06560079753398895
0.79742032289505 0.44242340326309204 -0.04592854902148247
0.831821858882904 0.5039051175117493 -0.07241443544626236
0.8245915770530701 0.540233850479126 -0.0748017430305481
0.8110306859016418 0.5369184017181396 -0.07354862242937088
