Dominik_image_five_93.jpg
0.6649901866912842 0.6319477558135986 8.27365127520352e-08
0.6731331944465637 0.6014894843101501 0.005561626981943846
0.6733850836753845 0.5743951201438904 0.004456298891454935
0.6773841977119446 0.5546520948410034 0.0016655896324664354
0.6908497214317322 0.5423058867454529 -0.0021050460636615753
0.649613618850708 0.5285502076148987 -0.004519021138548851
0.633220911026001 0.48790687322616577 -0.010356321930885315
0.6215865612030029 0.463798850774765 -0.013524366542696953
0.6123060584068298 0.4446403384208679 -0.01605522446334362
0.6374799609184265 0.5342146158218384 -0.011702954769134521
0.6175767183303833 0.48734551668167114 -0.018150996416807175
0.6052365899085999 0.45904210209846497 -0.021377140656113625
0.5957173705101013 0.4349973201751709 -0.023885926231741905
0.6260496973991394 0.5484033823013306 -0.01818191073834896
0.6048208475112915 0.5055617690086365 -0.024801498278975487
0.5926513671875 0.47959864139556885 -0.02970002219080925
0.58393794298172 0.4575287699699402 -0.03311369568109512
0.615877628326416 0.5687037110328674 -0.023748837411403656
0.5936965942382812 0.5445258617401123 -0.03138911351561546
0.5793734788894653 0.529428243637085 -0.03566136956214905
0.5665772557258606 0.5153799057006836 -0.03825361281633377
