Dominik_image_two_55.jpg
0.6350383758544922 0.3684098720550537 3.0647282756035565e-07
0.5564806461334229 0.39063316583633423 -0.03784995153546333
0.4862547814846039 0.42100685834884644 -0.07853920012712479
0.42246925830841064 0.41912156343460083 -0.10600949078798294
0.36800336837768555 0.4043433666229248 -0.134055033326149
0.5661016702651978 0.4191192090511322 -0.16094237565994263
0.5651043057441711 0.5902552008628845 -0.20729200541973114
0.5571634769439697 0.6920924782752991 -0.23020565509796143
0.5591511130332947 0.7701238393783569 -0.24409182369709015
0.6347424387931824 0.42988288402557373 -0.14780864119529724
0.599233865737915 0.5988216400146484 -0.17301945388317108
0.5696882009506226 0.5690620541572571 -0.1518816500902176
0.5720922946929932 0.5133230686187744 -0.14107652008533478
0.689370334148407 0.44709038734436035 -0.13019439578056335
0.6370100975036621 0.6071577072143555 -0.14040207862854004
0.6150209903717041 0.56903475522995 -0.10695178806781769
0.6210383176803589 0.5161395072937012 -0.0890929251909256
0.7245730757713318 0.47370779514312744 -0.11508995294570923
0.6765172481536865 0.5945656299591064 -0.12201371788978577
0.6589928269386292 0.564060628414154 -0.1032179594039917
0.6683101654052734 0.5194214582443237 -0.0941530093550682
