Dominik_image_four_93.jpg
0.8225513100624084 0.6845670938491821 6.93635001880466e-07
0.7544416785240173 0.6673339605331421 -0.034140538424253464
0.6892263889312744 0.6081607341766357 -0.053171440958976746
0.6269657611846924 0.5877000093460083 -0.0667925477027893
0.573785662651062 0.5848985910415649 -0.08240161091089249
0.7343962788581848 0.4453261196613312 -0.04569140821695328
0.726370096206665 0.34959226846694946 -0.06391027569770813
0.7261760234832764 0.28702718019485474 -0.07934534549713135
0.7274267673492432 0.22929725050926208 -0.0932738408446312
0.7858928442001343 0.42280399799346924 -0.05090006813406944
0.7930052876472473 0.30331552028656006 -0.06468106061220169
0.8020985722541809 0.2219219207763672 -0.08193927258253098
0.8110860586166382 0.15444612503051758 -0.0969632938504219
0.8315106630325317 0.43865978717803955 -0.05873686075210571
0.8603784441947937 0.34478384256362915 -0.08742557466030121
0.8802286386489868 0.28176960349082947 -0.1170075312256813
0.8979974389076233 0.23222926259040833 -0.13931842148303986
0.8677496314048767 0.4793197512626648 -0.06773487478494644
0.8787223696708679 0.47189846634864807 -0.10701949149370193
0.8732278943061829 0.5163831114768982 -0.1257222592830658
0.865402340888977 0.5574606657028198 -0.1379988193511963
