Dominik_image_five_24.jpg
0.7169054746627808 0.7326789498329163 2.9502635356948304e-07
0.6568708419799805 0.6760581731796265 0.005147164221853018
0.6294406652450562 0.6086545586585999 0.0013871671399101615
0.6091569066047668 0.5685306191444397 -0.00592693779617548
0.5861139893531799 0.5357898473739624 -0.015035558491945267
0.6513234972953796 0.534376323223114 -0.011473968625068665
0.6308780312538147 0.45603662729263306 -0.031708694994449615
0.6107805371284485 0.4079015851020813 -0.0451166145503521
0.5906640291213989 0.37036511301994324 -0.05557342246174812
0.6689096689224243 0.5420461297035217 -0.030973074957728386
0.663582980632782 0.4455147981643677 -0.0532802939414978
0.6539862751960754 0.3868345320224762 -0.06983929127454758
0.6425685882568359 0.33687084913253784 -0.08178230375051498
0.6830839514732361 0.5694834589958191 -0.0507667101919651
0.6813353300094604 0.48655378818511963 -0.07476134598255157
0.6720176935195923 0.43372097611427307 -0.09154794365167618
0.6607707142829895 0.3850385546684265 -0.10359685868024826
0.6920456886291504 0.611793041229248 -0.0694066509604454
0.6892309784889221 0.5674945116043091 -0.09214707463979721
0.6799377202987671 0.5351525545120239 -0.10393788665533066
0.6703728437423706 0.5032503008842468 -0.11294007301330566
