Dominik_image_five_12.jpg
0.7230207920074463 0.5828442573547363 2.627893138651416e-07
0.7629876732826233 0.5170453190803528 0.012597217224538326
0.7838327884674072 0.4555695056915283 0.0113848727196455
0.8055400848388672 0.3990494906902313 0.008016335777938366
0.8301074504852295 0.3674284815788269 0.0021154910791665316
0.7406595349311829 0.3885284960269928 -0.015209833160042763
0.7276155948638916 0.2967851758003235 -0.022687803953886032
0.7175942659378052 0.24512548744678497 -0.024891657754778862
0.7103415727615356 0.20266583561897278 -0.027304265648126602
0.7069752216339111 0.3962382376194 -0.027844931930303574
0.6757957935333252 0.2988187074661255 -0.04193444177508354
0.6564975380897522 0.23940087854862213 -0.049768656492233276
0.6437673568725586 0.19386592507362366 -0.05535212159156799
0.6754915714263916 0.419924259185791 -0.0370776541531086
0.641049325466156 0.333016037940979 -0.050736039876937866
0.6206285953521729 0.27855223417282104 -0.05924512445926666
0.606224000453949 0.23649035394191742 -0.0645987018942833
0.6483355760574341 0.45503219962120056 -0.04356374964118004
0.60645592212677 0.3946193754673004 -0.05719475448131561
0.5825551152229309 0.3646312355995178 -0.06272661685943604
0.5622249245643616 0.3371550738811493 -0.06509897857904434
