Dominik_image_three_99.jpg
0.8273339867591858 0.7954989671707153 9.260849083148059e-07
0.7655200362205505 0.7684758901596069 -0.020259130746126175
0.6938688158988953 0.7137905359268188 -0.03988991305232048
0.6268146634101868 0.705254077911377 -0.06257179379463196
0.57196044921875 0.7264202833175659 -0.0863633006811142
0.7232792377471924 0.5689771175384521 -0.03671650588512421
0.695341944694519 0.4604361653327942 -0.06459658592939377
0.6765502691268921 0.3903180956840515 -0.0798085629940033
0.6609343886375427 0.32982876896858215 -0.08929133415222168
0.7726318836212158 0.5494575500488281 -0.050129953771829605
0.763711154460907 0.43475162982940674 -0.0818750336766243
0.7585425972938538 0.3525703549385071 -0.10270018130540848
0.7563115358352661 0.2801710069179535 -0.11162479966878891
0.8253051042556763 0.5616721510887146 -0.06374772638082504
0.8042837977409363 0.583657443523407 -0.09961339831352234
0.787203311920166 0.6639247536659241 -0.10438010096549988
0.7798096537590027 0.715181291103363 -0.09618593007326126
0.8712040781974792 0.5941910147666931 -0.07901021093130112
0.844978928565979 0.6489907503128052 -0.10199599713087082
0.8242464065551758 0.7090979814529419 -0.09661237895488739
0.8132907152175903 0.7437828779220581 -0.08545627444982529
