Dominik_image_five_61.jpg
0.6920077204704285 0.7809123992919922 1.245639822400335e-07
0.6437215209007263 0.7214407920837402 -0.0025286884047091007
0.6217765212059021 0.6518124938011169 -0.007891420274972916
0.6037228107452393 0.607713520526886 -0.016351744532585144
0.5829446315765381 0.5716665387153625 -0.026011208072304726
0.6585557460784912 0.5797362327575684 -0.005500926170498133
0.6438652873039246 0.504435122013092 -0.024317406117916107
0.6283647418022156 0.45894622802734375 -0.039114177227020264
0.6125929951667786 0.4229491949081421 -0.04998885095119476
0.6791878342628479 0.5838643312454224 -0.020040253177285194
0.6768153309822083 0.496406227350235 -0.03762893006205559
0.6677989363670349 0.4405163526535034 -0.0528472475707531
0.6576952338218689 0.3965409994125366 -0.06390755623579025
0.6959466934204102 0.6067714095115662 -0.036540523171424866
0.7009844779968262 0.5334976315498352 -0.05595570430159569
0.6896570324897766 0.4853570759296417 -0.07030919194221497
0.6762936115264893 0.44451332092285156 -0.08019917458295822
0.7070234417915344 0.6440281867980957 -0.05330692231655121
0.7103106379508972 0.5980627536773682 -0.07033015787601471
0.7018197178840637 0.5647165179252625 -0.07835182547569275
0.6914902329444885 0.5366570353507996 -0.08425890654325485
