Dominik_image_four_16.jpg
0.7760175466537476 0.64168381690979 4.6904293071747816e-07
0.7706609964370728 0.5531975030899048 0.014766165055334568
0.7569431066513062 0.4780918061733246 0.010509176179766655
0.7680634260177612 0.4067019522190094 0.0037673977203667164
0.7907533049583435 0.35636061429977417 -0.006676295772194862
0.6870698928833008 0.44767746329307556 -0.018963072448968887
0.615606427192688 0.38290077447891235 -0.028894424438476562
0.5760437846183777 0.3508380055427551 -0.03245599567890167
0.5444524884223938 0.3242367208003998 -0.03379305079579353
0.6666368246078491 0.4853237569332123 -0.03283851966261864
0.5809488296508789 0.4302006959915161 -0.04759925603866577
0.5309408903121948 0.39855074882507324 -0.0552610382437706
0.4949113726615906 0.3720363974571228 -0.05947810038924217
0.6544108986854553 0.5380910634994507 -0.0422435961663723
0.5708326101303101 0.5073493123054504 -0.06295684725046158
0.5238780975341797 0.4893500506877899 -0.07461212575435638
0.4908979535102844 0.47288551926612854 -0.07963661104440689
0.6511319279670715 0.5926845073699951 -0.04720877483487129
0.6039262413978577 0.5697569251060486 -0.056625742465257645
0.6216827034950256 0.579046368598938 -0.0492771752178669
0.6428171396255493 0.5880987048149109 -0.04232615604996681
