Dominik_image_two_54.jpg
0.6487561464309692 0.3863508403301239 -8.988997137748811e-07
0.5657326579093933 0.42370593547821045 -0.04543822631239891
0.48811104893684387 0.4553139805793762 -0.08735473453998566
0.42525339126586914 0.4848989248275757 -0.11797687411308289
0.36991173028945923 0.4754568338394165 -0.143144428730011
0.5738532543182373 0.4600338339805603 -0.14698800444602966
0.5528119802474976 0.6749778985977173 -0.20037271082401276
0.5420982837677002 0.7927989959716797 -0.22737397253513336
0.5419827103614807 0.8761030435562134 -0.23690544068813324
0.6443183422088623 0.4771358072757721 -0.1395874321460724
0.600944459438324 0.675422728061676 -0.15696068108081818
0.5914756059646606 0.6415544152259827 -0.13633117079734802
0.5879552364349365 0.599057674407959 -0.12754416465759277
0.6984066367149353 0.4955451190471649 -0.1300170123577118
0.643231987953186 0.6607468128204346 -0.12688980996608734
0.6255028247833252 0.6237587928771973 -0.06279605627059937
0.6228920817375183 0.5773841142654419 -0.023472201079130173
0.7387701272964478 0.5103447437286377 -0.12957528233528137
0.6788195371627808 0.6423853635787964 -0.12956978380680084
0.6572852730751038 0.6297512054443359 -0.08520353585481644
0.6494738459587097 0.6056600213050842 -0.05034145340323448
