Dominik_image_three_78.jpg
0.5782268643379211 0.936984658241272 6.852874321339186e-07
0.5710167288780212 0.8443519473075867 -0.00854780338704586
0.5479462742805481 0.7614846229553223 -0.013510053046047688
0.5450785160064697 0.6796988844871521 -0.016679754480719566
0.5602072477340698 0.6211432814598083 -0.01917753368616104
0.47265926003456116 0.7799650430679321 -0.025996919721364975
0.3973068296909332 0.7168558835983276 -0.028152184560894966
0.35963016748428345 0.6860024929046631 -0.023708263412117958
0.33197128772735596 0.6599917411804199 -0.017454843968153
0.44580456614494324 0.8332831859588623 -0.01970379240810871
0.3686349391937256 0.7836921811103821 -0.017462952062487602
0.32692888379096985 0.7518875598907471 -0.012721052393317223
0.30247995257377625 0.729590654373169 -0.007083585951477289
0.4353564977645874 0.8834575414657593 -0.011375188827514648
0.4231341779232025 0.8343559503555298 -0.007032979745417833
0.44781407713890076 0.8308861255645752 -0.0034020468592643738
0.4732351005077362 0.8422097563743591 0.0033402435947209597
0.4315679669380188 0.9245074391365051 -0.003934864886105061
0.4359171390533447 0.8852753043174744 0.005207666661590338
0.45609956979751587 0.884811282157898 0.012335817329585552
0.4751426577568054 0.8933277726173401 0.020959680899977684
