Dominik_image_two_40.jpg
0.6716130375862122 0.9763274788856506 -2.0773401843143802e-07
0.6334158182144165 0.8877554535865784 -0.0529366098344326
0.6126281023025513 0.761311948299408 -0.09652018547058105
0.5871101021766663 0.6560899019241333 -0.13939349353313446
0.5505775213241577 0.5736401081085205 -0.17947344481945038
0.7626627683639526 0.6724509596824646 -0.07609079778194427
0.8361924886703491 0.5876927971839905 -0.1372736692428589
0.9007089138031006 0.5364183187484741 -0.1658051759004593
0.9590012431144714 0.49956250190734863 -0.18052658438682556
0.8209511041641235 0.7121272683143616 -0.07118825614452362
0.8258008360862732 0.7948275804519653 -0.13451476395130157
0.7484201192855835 0.8458375930786133 -0.12650495767593384
0.7283130884170532 0.8151488304138184 -0.10803991556167603
0.8580626845359802 0.7840700745582581 -0.0742437019944191
0.8452664017677307 0.8794036507606506 -0.1396854966878891
0.7744304537773132 0.9050036668777466 -0.11803089082241058
0.7589560747146606 0.867588996887207 -0.09001831710338593
0.8827866315841675 0.8639383316040039 -0.08191104978322983
0.874285876750946 0.9342759847640991 -0.12157372385263443
0.8150699734687805 0.9460997581481934 -0.10778038948774338
0.7923398017883301 0.9153276681900024 -0.08815083652734756
