Dominik_image_two_93.jpg
0.5725323557853699 0.7562950849533081 -1.1537227351254842e-07
0.5583280324935913 0.6941322684288025 -0.01453263871371746
0.5608413219451904 0.6173074245452881 -0.02583065629005432
0.550470769405365 0.5608032941818237 -0.03863726556301117
0.5366344451904297 0.5212674140930176 -0.051537446677684784
0.6462823152542114 0.5912694931030273 -0.01883827894926071
0.6938278675079346 0.5660863518714905 -0.04044536501169205
0.7303247451782227 0.5513889193534851 -0.054854702204465866
0.7629584074020386 0.5419303178787231 -0.06537413597106934
0.6731131076812744 0.6246873140335083 -0.022664757445454597
0.6380679607391357 0.6291103363037109 -0.04931807145476341
0.60344398021698 0.6465752720832825 -0.05349758639931679
0.6003124117851257 0.6522203087806702 -0.051627904176712036
0.681924045085907 0.6705555319786072 -0.028994882479310036
0.6370774507522583 0.677736222743988 -0.0518529899418354
0.6092346906661987 0.6887659430503845 -0.043955039232969284
0.6124144196510315 0.6867913603782654 -0.034128930419683456
0.6820705533027649 0.7149658799171448 -0.03748917579650879
0.642888069152832 0.7176989316940308 -0.050387803465127945
0.6199636459350586 0.7202792763710022 -0.043567247688770294
0.6223241090774536 0.7150054574012756 -0.03468968719244003
