Dominik_image_spock_41.jpg
0.6198982000350952 0.7124825716018677 3.697721240314422e-07
0.6393073797225952 0.6600412130355835 0.0060437885113060474
0.6536243557929993 0.6182866096496582 0.0006195601890794933
0.6773580312728882 0.5900593400001526 -0.006684310268610716
0.7016188502311707 0.5774812698364258 -0.015533325262367725
0.6237148642539978 0.5605389475822449 -0.013354232534766197
0.6087067723274231 0.4888629913330078 -0.021607359871268272
0.5976578593254089 0.4511861503124237 -0.024955419823527336
0.5894686579704285 0.4182227849960327 -0.02726653218269348
0.6016690135002136 0.5684220790863037 -0.021894128993153572
0.5847424864768982 0.49048763513565063 -0.03369319811463356
0.5743607878684998 0.4428848624229431 -0.04066682234406471
0.5675191283226013 0.40542665123939514 -0.04556231573224068
0.5787606239318848 0.5877293944358826 -0.028499919921159744
0.5449737906455994 0.5279092788696289 -0.03792085871100426
0.5239501595497131 0.49042296409606934 -0.044987764209508896
0.5102530121803284 0.4621618688106537 -0.049473267048597336
0.5582990050315857 0.6118735671043396 -0.03375816345214844
0.5311402082443237 0.5596250891685486 -0.04228658229112625
0.5155401825904846 0.5317195653915405 -0.046653877943754196
0.5021399259567261 0.5051369667053223 -0.04912228509783745
