Dominik_image_two_30.jpg
0.6311578154563904 0.8087570667266846 -4.047360278036649e-07
0.5973742604255676 0.7088149785995483 -0.012174675241112709
0.5953701734542847 0.5886521935462952 -0.018657591193914413
0.5837761163711548 0.5139214992523193 -0.028346406295895576
0.558949887752533 0.4616313576698303 -0.03900119289755821
0.7122153639793396 0.5403194427490234 -0.021580006927251816
0.7809834480285645 0.47158825397491455 -0.05544324964284897
0.8261346817016602 0.4251234531402588 -0.07750153541564941
0.8713938593864441 0.39015087485313416 -0.09263912588357925
0.7563491463661194 0.5860375761985779 -0.031441692262887955
0.7200847864151001 0.5930254459381104 -0.07333352416753769
0.6715865135192871 0.6337601542472839 -0.08046343177556992
0.6659948825836182 0.6360208988189697 -0.07834839075803757
0.7812862992286682 0.6512579917907715 -0.044382188469171524
0.731765866279602 0.6609954237937927 -0.08142472058534622
0.6918535232543945 0.6906629800796509 -0.06836894154548645
0.6936966180801392 0.6833791732788086 -0.05200944468379021
0.7956882119178772 0.7156789898872375 -0.05941551923751831
0.7546728849411011 0.7219530940055847 -0.08545836806297302
0.7189791798591614 0.735056459903717 -0.07663659751415253
0.717204749584198 0.7276785373687744 -0.06287834048271179
