Dominik_image_three_96.jpg
0.7212141156196594 0.7014018297195435 6.490851660601038e-07
0.6849197745323181 0.6992124915122986 -0.016878554597496986
0.6335477232933044 0.6661283373832703 -0.03378097712993622
0.5861034989356995 0.6612306833267212 -0.05194136127829552
0.5472047328948975 0.6680561900138855 -0.07104156911373138
0.6617210507392883 0.5663791298866272 -0.03503423556685448
0.6397664546966553 0.48925018310546875 -0.05574861541390419
0.6252418756484985 0.43952494859695435 -0.06785707175731659
0.6136745810508728 0.39729043841362 -0.07662194967269897
0.6948251128196716 0.5565870404243469 -0.04519464820623398
0.6835324168205261 0.467166543006897 -0.06803926080465317
0.676105260848999 0.41021281480789185 -0.08295019716024399
0.671379804611206 0.3627951741218567 -0.09040363132953644
0.7282931804656982 0.5686790347099304 -0.05490551516413689
0.702396035194397 0.5602115392684937 -0.08241929113864899
0.693334698677063 0.6177896857261658 -0.08290409296751022
0.6910406351089478 0.6571023464202881 -0.07572519034147263
0.7567226886749268 0.5955592393875122 -0.06581135094165802
0.7280211448669434 0.6173357963562012 -0.09019108861684799
0.7177476286888123 0.6622240543365479 -0.08586087077856064
0.7147754430770874 0.6950995922088623 -0.07634443044662476
