Dominik_image_five_13.jpg
0.7209340929985046 0.5827063322067261 2.6842565148399444e-07
0.7603323459625244 0.5179297924041748 0.008933202363550663
0.7826830148696899 0.4572789967060089 0.006122117396444082
0.8046914339065552 0.40201839804649353 0.0015867186011746526
0.8280423283576965 0.36993300914764404 -0.005253493785858154
0.7362298965454102 0.3901343047618866 -0.016445277258753777
0.7219609618186951 0.2998164892196655 -0.02462046593427658
0.7122305631637573 0.24898679554462433 -0.027810703963041306
0.7054533362388611 0.20712338387966156 -0.03082120232284069
0.7022165656089783 0.39838045835494995 -0.027573732659220695
0.6709474325180054 0.3027348518371582 -0.04105614125728607
0.6519270539283752 0.24417828023433685 -0.0492972694337368
0.6391026377677917 0.19990739226341248 -0.055470939725637436
0.6713270545005798 0.4222867786884308 -0.03583023324608803
0.6376672387123108 0.3364294171333313 -0.049163635820150375
0.6178116798400879 0.2822422981262207 -0.058510590344667435
0.6034609079360962 0.24073435366153717 -0.06473717838525772
0.6450375914573669 0.45694026350975037 -0.04176216199994087
0.6034514307975769 0.3979772925376892 -0.05582844465970993
0.5790801644325256 0.36818864941596985 -0.0622093565762043
0.5579146146774292 0.34093809127807617 -0.06526488810777664
