Dominik_image_three_24.jpg
0.7125203609466553 0.6220903992652893 4.892953597845917e-07
0.6639441251754761 0.6019359827041626 -0.017739754170179367
0.6131768226623535 0.5681650638580322 -0.02919035591185093
0.5671208500862122 0.5573963522911072 -0.04289598762989044
0.5276942253112793 0.5556880235671997 -0.0559052973985672
0.6143858432769775 0.4635521173477173 -0.012506947852671146
0.5904675722122192 0.39530789852142334 -0.030893057584762573
0.5771907567977905 0.3538717031478882 -0.041060809046030045
0.5659366846084595 0.31500816345214844 -0.04648323357105255
0.6468755602836609 0.4529629051685333 -0.01827332191169262
0.633572518825531 0.3744187653064728 -0.04109005257487297
0.6240238547325134 0.3264366388320923 -0.05442231148481369
0.6167402267456055 0.28309547901153564 -0.05997942388057709
0.6818758845329285 0.4596605896949768 -0.02675347402691841
0.6764164566993713 0.45687136054039 -0.0603286474943161
0.6716448664665222 0.5180793404579163 -0.0667281448841095
0.6692723035812378 0.558514416217804 -0.06062447279691696
0.7151542901992798 0.475957989692688 -0.036061983555555344
0.7050517201423645 0.47829073667526245 -0.05816509202122688
0.6946276426315308 0.5250843167304993 -0.057090818881988525
0.6870803833007812 0.5586718916893005 -0.050755392760038376
