Dominik_image_two_72.jpg
0.6946302652359009 0.8216091394424438 -2.631584550272237e-07
0.7018457651138306 0.7197189331054688 0.019356785342097282
0.685871958732605 0.6168667674064636 0.019128287211060524
0.6858168244361877 0.5305200815200806 0.017488522455096245
0.7094269394874573 0.4681130647659302 0.014556501992046833
0.6635826230049133 0.5602695345878601 -0.026580486446619034
0.5907032489776611 0.49066856503486633 -0.049343086779117584
0.5399045348167419 0.4533451199531555 -0.06384770572185516
0.49889713525772095 0.42588797211647034 -0.07394199073314667
0.6490263342857361 0.6005133390426636 -0.03987937420606613
0.5487777590751648 0.5773510932922363 -0.05294068902730942
0.565056562423706 0.616023600101471 -0.04166404530405998
0.5954546928405762 0.6335219144821167 -0.036079950630664825
0.6272082328796387 0.6529656648635864 -0.05089214816689491
0.5419291257858276 0.6340249180793762 -0.06480368226766586
0.5589185953140259 0.6680420637130737 -0.0457000769674778
0.5877865552902222 0.681846022605896 -0.03299844264984131
0.6031100749969482 0.7054691314697266 -0.05939151719212532
0.5378430485725403 0.6838488578796387 -0.0677766278386116
0.5549341440200806 0.7096269726753235 -0.05376049131155014
0.5786338448524475 0.7221536636352539 -0.04363149777054787
