Dominik_image_five_22.jpg
0.7204382419586182 0.7451607584953308 2.59968857108106e-07
0.6584951877593994 0.6816314458847046 0.005595467519015074
0.6311344504356384 0.6118732690811157 0.0025948614347726107
0.6107001304626465 0.5698383450508118 -0.004744283389300108
0.5864174365997314 0.5386553406715393 -0.014187940396368504
0.6563156247138977 0.5367458462715149 -0.006745283026248217
0.6376708745956421 0.4555199146270752 -0.02624513953924179
0.6180591583251953 0.40703898668289185 -0.03984640911221504
0.5992665886878967 0.36743277311325073 -0.05043512210249901
0.6745617985725403 0.5443843007087708 -0.026370471343398094
0.6682223677635193 0.44795966148376465 -0.046629637479782104
0.6588709950447083 0.3857377767562866 -0.06310208141803741
0.6489831805229187 0.3324747681617737 -0.07583142071962357
0.6888082027435303 0.571320116519928 -0.04695184901356697
0.6879063248634338 0.4847908020019531 -0.0696745216846466
0.6785848736763 0.4299553632736206 -0.08782436698675156
0.6677255630493164 0.38330668210983276 -0.10123474895954132
0.6972216367721558 0.6128353476524353 -0.06657429039478302
0.6933068037033081 0.565742015838623 -0.08857511729001999
0.6830880045890808 0.5306592583656311 -0.1018446683883667
0.6733218431472778 0.49863794445991516 -0.1123456135392189
