Dominik_image_four_79.jpg
0.580834150314331 0.936436116695404 7.961272103784722e-07
0.577268123626709 0.8189659118652344 -0.009824627079069614
0.5636135935783386 0.7308174967765808 -0.02261098101735115
0.5680605173110962 0.6437035799026489 -0.03190255165100098
0.5879734754562378 0.5771341323852539 -0.0426485612988472
0.4564600884914398 0.7435990571975708 -0.04185577854514122
0.3695043623447418 0.6764917969703674 -0.047461867332458496
0.320353239774704 0.6433424353599548 -0.04718315973877907
0.2839868664741516 0.6194414496421814 -0.04565902054309845
0.42340564727783203 0.8101577162742615 -0.03840446099638939
0.3229362964630127 0.7572015523910522 -0.04218748211860657
0.26669028401374817 0.7242795825004578 -0.04119356349110603
0.229715958237648 0.6998285055160522 -0.03991956636309624
0.41022157669067383 0.8762004375457764 -0.03156696632504463
0.3289196193218231 0.8290161490440369 -0.0361756831407547
0.2854604721069336 0.7895424962043762 -0.04514151066541672
0.2594606876373291 0.7642829418182373 -0.05141371861100197
0.41238874197006226 0.9272186756134033 -0.02383148856461048
0.39208680391311646 0.8772830963134766 -0.026213601231575012
0.4018881320953369 0.8504608869552612 -0.02541486918926239
0.41660991311073303 0.8332631587982178 -0.023293286561965942
