Dominik_image_spock_23.jpg
0.6550378203392029 0.68233323097229 4.7011448600642325e-07
0.6052348017692566 0.6687222719192505 -0.024026835337281227
0.558239221572876 0.645200788974762 -0.04392891749739647
0.511921226978302 0.6356244087219238 -0.06250123679637909
0.4744759500026703 0.6437835693359375 -0.08193753659725189
0.5834507942199707 0.5148248672485352 -0.032019440084695816
0.5651791095733643 0.4425889849662781 -0.05025969073176384
0.5581169128417969 0.3987896144390106 -0.0659235417842865
0.5494362115859985 0.3533884286880493 -0.07892962545156479
0.6100084781646729 0.4951675534248352 -0.03528043255209923
0.5900754332542419 0.416045606136322 -0.05418025702238083
0.5781530737876892 0.3661215305328369 -0.07012385129928589
0.5659849643707275 0.31674283742904663 -0.08276450634002686
0.6402310132980347 0.5006304979324341 -0.04027518257498741
0.6506459712982178 0.4267098307609558 -0.059861499816179276
0.663004994392395 0.3775414228439331 -0.07118696719408035
0.6701758503913879 0.3352143168449402 -0.07862656563520432
0.6680556535720825 0.5210766196250916 -0.047120001167058945
0.6790385246276855 0.46003538370132446 -0.06093456968665123
0.6854563355445862 0.42163902521133423 -0.06453970074653625
0.6895778179168701 0.38309961557388306 -0.06754573434591293
