Dominik_image_zero_67.jpg
0.7581230401992798 0.6048604249954224 -5.183233611205651e-07
0.7094264626502991 0.5658428072929382 -0.022041384130716324
0.680499255657196 0.4721088111400604 -0.026397626847028732
0.6894381642341614 0.39427298307418823 -0.030213480815291405
0.7204073071479797 0.37371620535850525 -0.027106035500764847
0.7335599064826965 0.4178920090198517 0.005223359912633896
0.749830961227417 0.37689733505249023 -0.02022326923906803
0.7296022772789001 0.43173858523368835 -0.029136259108781815
0.7269613742828369 0.442432165145874 -0.03219403326511383
0.7646921873092651 0.43605533242225647 0.006419497076421976
0.7798044085502625 0.39335283637046814 -0.022174622863531113
0.7505484223365784 0.4595825672149658 -0.022338543087244034
0.7498888373374939 0.45985084772109985 -0.013764886185526848
0.7937354445457458 0.4586534798145294 0.0006522541516460478
0.8076027035713196 0.4238969087600708 -0.030718782916665077
0.7767861485481262 0.4847101867198944 -0.017734335735440254
0.7758477330207825 0.4872838854789734 9.449609933653846e-05
0.8229018449783325 0.4841199815273285 -0.007274902891367674
0.8256244659423828 0.46196410059928894 -0.022918477654457092
0.802946925163269 0.503476083278656 -0.01270776242017746
0.8023135662078857 0.5102085471153259 -0.0002912991913035512
