Dominik_image_two_38.jpg
0.6647322773933411 0.9701323509216309 -2.302136294929369e-07
0.6287287473678589 0.8794766664505005 -0.050060540437698364
0.6078399419784546 0.7554158568382263 -0.0923326164484024
0.5794404745101929 0.6513671875 -0.1342221200466156
0.5428837537765503 0.5683881044387817 -0.17325836420059204
0.7522295117378235 0.6648459434509277 -0.07490219175815582
0.821326732635498 0.5743077397346497 -0.13877077400684357
0.8825947046279907 0.5175870656967163 -0.1691894829273224
0.9385349154472351 0.47555458545684814 -0.1845770925283432
0.8113613724708557 0.7028067111968994 -0.07042156159877777
0.8117511868476868 0.7778085470199585 -0.13210248947143555
0.7355878353118896 0.8317075967788696 -0.12072251737117767
0.7180827856063843 0.8049646019935608 -0.10055328160524368
0.8496555089950562 0.7732452750205994 -0.07432568818330765
0.8350090384483337 0.8624086380004883 -0.13982254266738892
0.7639479041099548 0.8895229697227478 -0.11689496785402298
0.7496989965438843 0.8529062867164612 -0.08838234096765518
0.876052975654602 0.8525354862213135 -0.08245335519313812
0.8665697574615479 0.9219692945480347 -0.12241431325674057
0.8060448169708252 0.9350680708885193 -0.10802502185106277
0.7824936509132385 0.9047767519950867 -0.08842840790748596
