Dominik_image_three_38.jpg
0.46116846799850464 0.6502450704574585 7.155693424465426e-07
0.39892327785491943 0.6517488956451416 -0.02241530641913414
0.31662866473197937 0.6167831420898438 -0.039495427161455154
0.25463229417800903 0.6089115142822266 -0.05858198180794716
0.20271290838718414 0.6142137050628662 -0.07794231176376343
0.32945603132247925 0.46996843814849854 -0.032172586768865585
0.27978959679603577 0.38128796219825745 -0.06208157539367676
0.24155542254447937 0.32540225982666016 -0.07933651655912399
0.20973965525627136 0.27897024154663086 -0.0888727456331253
0.36904874444007874 0.43979793787002563 -0.042800068855285645
0.32170161604881287 0.33694398403167725 -0.07611134648323059
0.2833912670612335 0.2758548855781555 -0.09487032145261765
0.25230222940444946 0.22454693913459778 -0.10118643939495087
0.4143926203250885 0.4328736364841461 -0.05487282574176788
0.3682280480861664 0.46046212315559387 -0.09669814258813858
0.3757132887840271 0.5450350046157837 -0.09872309863567352
0.39095333218574524 0.5980557799339294 -0.08633008599281311
0.4535967707633972 0.4489156901836395 -0.06865844130516052
0.4148085415363312 0.5061631202697754 -0.09763780981302261
0.4174957573413849 0.574756383895874 -0.09147100150585175
0.43000102043151855 0.6126387715339661 -0.07794269919395447
