Dominik_image_zero_28.jpg
0.5961458683013916 0.8787023425102234 -4.831512683267647e-07
0.5501253604888916 0.8183768391609192 -0.004180138930678368
0.5355302095413208 0.7478353381156921 -0.009725935757160187
0.5293142795562744 0.6951149106025696 -0.015468950383365154
0.5200850367546082 0.6575158834457397 -0.018140321597456932
0.5858175158500671 0.6767128109931946 -0.008754388429224491
0.5200453400611877 0.6778280735015869 -0.026368267834186554
0.5216540694236755 0.7179218530654907 -0.036399733275175095
0.5392724275588989 0.7273243069648743 -0.042544715106487274
0.5957216620445251 0.6967880129814148 -0.015914296731352806
0.5163994431495667 0.7137102484703064 -0.03045753575861454
0.5240041017532349 0.7502257227897644 -0.030925637111067772
0.5444055199623108 0.7546267509460449 -0.03127234801650047
0.5961757302284241 0.7295891046524048 -0.02490483783185482
0.5211155414581299 0.7513822913169861 -0.03676183521747589
0.5302045345306396 0.7846611738204956 -0.02928764931857586
0.5502930879592896 0.7858462333679199 -0.02484162710607052
0.5913905501365662 0.7688482403755188 -0.03539133444428444
0.532544732093811 0.7945137023925781 -0.04450775310397148
0.5395100116729736 0.8181182742118835 -0.04229001700878143
0.5574215054512024 0.8171825408935547 -0.03954550251364708
