Dominik_image_three_32.jpg
0.6699094176292419 0.60442715883255 4.7209672970893735e-07
0.6366156339645386 0.6001357436180115 -0.013081572018563747
0.5945354700088501 0.5735471844673157 -0.022215504199266434
0.558617889881134 0.5663340091705322 -0.03208702802658081
0.5293699502944946 0.5653740167617798 -0.04196885973215103
0.6030199527740479 0.4989359676837921 -0.01685047335922718
0.5847359299659729 0.4452275335788727 -0.030563954263925552
0.5728856325149536 0.4100167751312256 -0.03824611380696297
0.5629895925521851 0.38015127182006836 -0.042930178344249725
0.6256483793258667 0.4894116520881653 -0.021665554493665695
0.6159898638725281 0.42698127031326294 -0.03812960907816887
0.608668327331543 0.38584965467453003 -0.047681596130132675
0.6032297015190125 0.35156095027923584 -0.05158943310379982
0.6513997316360474 0.4929618537425995 -0.027407750487327576
0.6434650421142578 0.4842436909675598 -0.049629755318164825
0.6407448053359985 0.5313587188720703 -0.05148926004767418
0.6399451494216919 0.5636813640594482 -0.045893002301454544
0.676396369934082 0.5054770112037659 -0.03382519260048866
0.666169285774231 0.5089141726493835 -0.05076778680086136
0.6611756086349487 0.5458009839057922 -0.0487091988325119
0.6585527658462524 0.5717374086380005 -0.042647819966077805
0.6780218482017517 0.6196565628051758 3.972890283421293e-07
0.6389991641044617 0.6031321287155151 -0.01335945911705494
0.5993651747703552 0.5748544335365295 -0.02175196260213852
0.5621598362922668 0.5636416673660278 -0.03175968676805496
0.5306023955345154 0.5613696575164795 -0.04132591187953949
0.6017645597457886 0.4945102035999298 -0.009422849863767624
0.5821828842163086 0.4397360682487488 -0.02206897735595703
0.5719763040542603 0.4083270728588104 -0.028426585718989372
0.5635465979576111 0.3791176974773407 -0.03165796026587486
0.6264229416847229 0.4863828420639038 -0.013160021044313908
0.6146033406257629 0.42159122228622437 -0.02874811179935932
0.6069783568382263 0.3827992379665375 -0.03684404864907265
0.6013363003730774 0.3489674925804138 -0.039864432066679
0.6524345874786377 0.4922950267791748 -0.019049497321248055
0.644363284111023 0.4830568730831146 -0.04305015131831169
0.6405655145645142 0.5276916027069092 -0.04759310185909271
0.6400067210197449 0.5583240389823914 -0.043238565325737
0.6775489449501038 0.5059071779251099 -0.02555198408663273
0.6684644222259521 0.5076752305030823 -0.04196976125240326
0.6619240641593933 0.5439464449882507 -0.04175953194499016
0.6587293148040771 0.5692030191421509 -0.037512123584747314
