Dominik_image_two_18.jpg
0.7736309766769409 0.7645441293716431 -2.6823616394722194e-07
0.6924021244049072 0.6513016819953918 -0.004547755233943462
0.6520916819572449 0.5497501492500305 -0.013460071757435799
0.61217200756073 0.49351975321769714 -0.027652397751808167
0.5687991380691528 0.4586534798145294 -0.04260873422026634
0.7513835430145264 0.455957293510437 -0.00931178592145443
0.7772856950759888 0.3614354729652405 -0.04314791411161423
0.7969365119934082 0.2991423010826111 -0.06836219131946564
0.81877601146698 0.24495238065719604 -0.08570733666419983
0.7982106804847717 0.47717148065567017 -0.02503390982747078
0.7270320653915405 0.46679598093032837 -0.06535223126411438
0.6893906593322754 0.5370714664459229 -0.08107179403305054
0.6803207993507385 0.5873317718505859 -0.08758655935525894
0.8270305395126343 0.5233154296875 -0.043489228934049606
0.7426823377609253 0.5243921279907227 -0.08506659418344498
0.7065103054046631 0.5890304446220398 -0.08486387878656387
0.6976619958877563 0.6300608515739441 -0.07563669979572296
0.8432819843292236 0.5750060081481934 -0.06224054470658302
0.7746578454971313 0.5778343677520752 -0.0951363816857338
0.7304661870002747 0.6078505516052246 -0.09825067222118378
0.709242045879364 0.6291168928146362 -0.09290620684623718
