Dominik_image_five_3.jpg
0.6578546762466431 0.7607497572898865 4.569471911963774e-07
0.5997506976127625 0.7404831647872925 -0.020147336646914482
0.5496824979782104 0.6989348530769348 -0.030584508553147316
0.5106161236763 0.667430579662323 -0.04081115499138832
0.47467583417892456 0.6456801295280457 -0.05117761343717575
0.5822248458862305 0.5722380876541138 -0.009242966771125793
0.5580917000770569 0.5003127455711365 -0.021854210644960403
0.5450813174247742 0.4552711546421051 -0.03410240635275841
0.5355989933013916 0.41558611392974854 -0.04383039101958275
0.6148688197135925 0.5577666759490967 -0.013430159538984299
0.6038310527801514 0.47135603427886963 -0.022457212209701538
0.5957015752792358 0.4189220666885376 -0.033066526055336
0.5895084142684937 0.37484079599380493 -0.042151253670454025
0.646899938583374 0.5607397556304932 -0.02176947332918644
0.6462212204933167 0.48268091678619385 -0.03477183356881142
0.6416723728179932 0.4332607388496399 -0.046146128326654434
0.6358075737953186 0.3890402913093567 -0.05531896650791168
0.6786561012268066 0.5792117714881897 -0.03256354108452797
0.6982877850532532 0.5231884717941284 -0.0464109405875206
0.7099645733833313 0.48458626866340637 -0.054192084819078445
0.7186117172241211 0.44700050354003906 -0.060046907514333725
