Dominik_image_two_97.jpg
0.6278840899467468 0.7757909297943115 -3.4227451806145837e-07
0.6423293948173523 0.6861175894737244 -0.004095315467566252
0.653226912021637 0.6042720079421997 -0.008685793727636337
0.6642928719520569 0.5470502972602844 -0.014925384894013405
0.6795431971549988 0.5020594000816345 -0.02092588320374489
0.6742125153541565 0.6098467111587524 -0.0020830172579735518
0.6274518966674805 0.570870041847229 -0.01401563361287117
0.6029783487319946 0.5497660636901855 -0.025983145460486412
0.5888358354568481 0.5310219526290894 -0.03540950268507004
0.6583807468414307 0.64301997423172 -0.008785711601376534
0.5874490141868591 0.6009828448295593 -0.018398385494947433
0.5902201533317566 0.6147897243499756 -0.022852132096886635
0.6074842810630798 0.6261650919914246 -0.02949238196015358
0.6390111446380615 0.6765483021736145 -0.01703369989991188
0.570239245891571 0.6331237554550171 -0.025896811857819557
0.5788241028785706 0.649796187877655 -0.021258627995848656
0.599544107913971 0.6618499755859375 -0.02021159417927265
0.619500994682312 0.7099190354347229 -0.026639126241207123
0.5649318695068359 0.6729485392570496 -0.03361356630921364
0.5745568871498108 0.6825183629989624 -0.030524367466568947
0.597271740436554 0.6935763359069824 -0.028898494318127632
