Dominik_image_four_11.jpg
0.7530384659767151 0.6759404540061951 4.388722629755648e-07
0.6902020573616028 0.6927436590194702 -0.02010335773229599
0.6201930046081543 0.6616756916046143 -0.026955222710967064
0.5664927363395691 0.6615439057350159 -0.030780430883169174
0.524531900882721 0.6750325560569763 -0.036641307175159454
0.6304343938827515 0.5117650628089905 -0.021664148196578026
0.5912031531333923 0.43860960006713867 -0.03329712152481079
0.5651763081550598 0.39161449670791626 -0.043024130165576935
0.5412721633911133 0.3479703664779663 -0.05290117859840393
0.6667560935020447 0.4777422547340393 -0.028566399589180946
0.6370649933815002 0.3844853639602661 -0.03936215117573738
0.6161372661590576 0.3211584687232971 -0.052311062812805176
0.597899854183197 0.26573583483695984 -0.06310294568538666
0.7073841094970703 0.4738382399082184 -0.0379728227853775
0.7058184146881104 0.39539945125579834 -0.06475987285375595
0.6996113657951355 0.3428404927253723 -0.09009826928377151
0.6925793886184692 0.3000733256340027 -0.10768214613199234
0.7462543249130249 0.4915311634540558 -0.04757271334528923
0.7466356158256531 0.48703891038894653 -0.08386967331171036
0.7525089383125305 0.5402306914329529 -0.09921250492334366
0.7573796510696411 0.5865694284439087 -0.10845306515693665
