Dominik_image_three_84.jpg
0.7742156386375427 0.7427918314933777 3.2631464819132816e-07
0.7908248901367188 0.6681422591209412 0.02614765055477619
0.794199526309967 0.6023433208465576 0.03477003797888756
0.8053994178771973 0.5493433475494385 0.03796626254916191
0.8281823396682739 0.5193039178848267 0.04176463559269905
0.7545692324638367 0.5428674817085266 0.012777314521372318
0.7151910662651062 0.456349641084671 0.017587635666131973
0.6900803446769714 0.41211333870887756 0.02531507797539234
0.6733111143112183 0.37954384088516235 0.031956180930137634
0.722684383392334 0.5601829886436462 0.0015712529420852661
0.6655240058898926 0.48633304238319397 -0.0008407527348026633
0.6328632235527039 0.443825900554657 0.00072822580114007
0.6132072806358337 0.4171973466873169 0.004621368832886219
0.6944476366043091 0.590674102306366 -0.005039985757321119
0.6682330965995789 0.5790492296218872 0.0023032035678625107
0.6793550848960876 0.5966545939445496 0.012683235108852386
0.6916685104370117 0.6149274110794067 0.022585349157452583
0.6715696454048157 0.6290002465248108 -0.010092862881720066
0.6630105376243591 0.6182477474212646 0.00704219238832593
0.6755722761154175 0.6340857148170471 0.022221090272068977
0.688723623752594 0.6501733064651489 0.03492899239063263
