Dominik_image_spock_18.jpg
0.6710886359214783 0.664530873298645 4.0609387497170246e-07
0.624504804611206 0.648017942905426 -0.019170988351106644
0.5802553296089172 0.6215329766273499 -0.03447665646672249
0.5390755534172058 0.6097075939178467 -0.04933055490255356
0.5044079422950745 0.6116601228713989 -0.0646265521645546
0.5983968377113342 0.5050214529037476 -0.020433859899640083
0.5761855244636536 0.4384889006614685 -0.03566543385386467
0.5669751167297363 0.39847108721733093 -0.049656663089990616
0.5575761795043945 0.3583562970161438 -0.06113946810364723
0.6224109530448914 0.48777320981025696 -0.025108184665441513
0.6007406115531921 0.41527482867240906 -0.040420424193143845
0.5877566337585449 0.36711665987968445 -0.05466480925679207
0.5756562352180481 0.3228631019592285 -0.0659748837351799
0.6497148275375366 0.49229589104652405 -0.03192151337862015
0.6521484851837158 0.42457258701324463 -0.04779694229364395
0.6584062576293945 0.37966281175613403 -0.05752929300069809
0.6613122820854187 0.3409937620162964 -0.06433925032615662
0.6757068037986755 0.5108954906463623 -0.04059541970491409
0.6793838739395142 0.45648497343063354 -0.052197910845279694
0.6810009479522705 0.4219321012496948 -0.05541962385177612
0.6811888217926025 0.38822460174560547 -0.05827818065881729
