Dominik_image_one_18.jpg
0.7411642670631409 0.6534214019775391 -1.3601162152099278e-07
0.730837881565094 0.5695251822471619 0.000861923850607127
0.7126670479774475 0.48179197311401367 -0.013501688838005066
0.7215325236320496 0.415624737739563 -0.028339702636003494
0.7484650015830994 0.36752063035964966 -0.04412291571497917
0.6761072874069214 0.4937976896762848 -0.044252749532461166
0.5987223982810974 0.4912503659725189 -0.05974508821964264
0.6197305917739868 0.5087215900421143 -0.06277934461832047
0.6465195417404175 0.5120022892951965 -0.06357759237289429
0.6679425239562988 0.547237753868103 -0.0541301928460598
0.5921818017959595 0.5387412905693054 -0.06310585141181946
0.6158936619758606 0.550969660282135 -0.055539947003126144
0.6419808268547058 0.5550292730331421 -0.05300934985280037
0.6629453897476196 0.6003150343894958 -0.061778005212545395
0.6004199981689453 0.583828866481781 -0.0687997117638588
0.6225662231445312 0.5912365913391113 -0.055146053433418274
0.6471773982048035 0.5962167382240295 -0.04778757691383362
0.659683883190155 0.6485152840614319 -0.06865058094263077
0.6092795729637146 0.62199866771698 -0.07234156876802444
0.6289666891098022 0.6254745721817017 -0.05994238704442978
0.6508331298828125 0.6329165697097778 -0.051190368831157684
