Dominik_image_zero_35.jpg
0.7620829939842224 0.5490832328796387 -6.314374445537396e-07
0.7282004356384277 0.47887665033340454 -0.020270012319087982
0.7213147282600403 0.40084871649742126 -0.030930273234844208
0.726171612739563 0.3452470600605011 -0.03943055868148804
0.7475354075431824 0.3239262104034424 -0.04312080889940262
0.8151338696479797 0.34567418694496155 -0.011922196485102177
0.7528637647628784 0.34008854627609253 -0.03405206650495529
0.7347757816314697 0.38732853531837463 -0.0468597374856472
0.7401014566421509 0.4087609052658081 -0.054319847375154495
0.8387938737869263 0.3707510530948639 -0.013330248184502125
0.7604988813400269 0.3769909143447876 -0.034008387476205826
0.7450298070907593 0.4244377017021179 -0.03710215911269188
0.7543612718582153 0.4395691156387329 -0.036580074578523636
0.8489746451377869 0.409874826669693 -0.018801357597112656
0.7721744775772095 0.4190509617328644 -0.040040209889411926
0.7590601444244385 0.45783379673957825 -0.033134762197732925
0.7704710364341736 0.4672829210758209 -0.025048594921827316
0.8495221138000488 0.4542962610721588 -0.02686983346939087
0.7854812741279602 0.46106016635894775 -0.04140498489141464
0.7754025459289551 0.4856325089931488 -0.037865448743104935
0.7868274450302124 0.49172717332839966 -0.03136676922440529
0.7632066607475281 0.5739465951919556 -4.542645228866604e-07
0.7256634831428528 0.4856366217136383 -0.01600794866681099
0.715576708316803 0.40479278564453125 -0.023337582126259804
0.7186781764030457 0.3473212420940399 -0.030414000153541565
0.7419854402542114 0.3231008052825928 -0.032641299068927765
0.8033078908920288 0.35632771253585815 0.0010932720033451915
0.7487895488739014 0.3423563241958618 -0.01953326165676117
0.7342395782470703 0.38555386662483215 -0.032408617436885834
0.7399762272834778 0.4080033302307129 -0.03946055844426155
0.8256690502166748 0.37744012475013733 -0.000782145478297025
0.7588698267936707 0.37407952547073364 -0.02108636684715748
0.7446421384811401 0.4189479649066925 -0.025275005027651787
0.7535699009895325 0.43518924713134766 -0.024320807307958603
0.8360797166824341 0.411651074886322 -0.0072711315006017685
0.7701191306114197 0.41616764664649963 -0.026775656268000603
0.7577938437461853 0.45201829075813293 -0.019661955535411835
0.7687801718711853 0.46251195669174194 -0.010835140943527222
0.8379622101783752 0.4519810974597931 -0.01641610823571682
0.7838687300682068 0.45783257484436035 -0.029229233041405678
0.7727498412132263 0.483153760433197 -0.02553815208375454
0.7834199666976929 0.4907570481300354 -0.01866929978132248
