Dominik_image_one_2.jpg
0.6903753280639648 0.7298911809921265 -6.607063340879904e-08
0.6501052379608154 0.6565814018249512 -0.011109628714621067
0.6185856461524963 0.5768008828163147 -0.03700524941086769
0.6106151342391968 0.5121637582778931 -0.05881322920322418
0.6163822412490845 0.4499114453792572 -0.08378297835588455
0.6287147402763367 0.5793383121490479 -0.09511574357748032
0.5485140085220337 0.6102179884910583 -0.11357495933771133
0.5542802810668945 0.6246432065963745 -0.11087062954902649
0.5711061954498291 0.6159402132034302 -0.11040928214788437
0.6485702395439148 0.629328191280365 -0.10373759269714355
0.5746608376502991 0.6521719098091125 -0.12161064147949219
0.5789254903793335 0.6612565517425537 -0.11229518055915833
0.5949029326438904 0.6606120467185974 -0.1124027818441391
0.6624167561531067 0.6802246570587158 -0.10778172314167023
0.5973978042602539 0.6947922706604004 -0.11736927926540375
0.60406494140625 0.708084225654602 -0.09931948781013489
0.6225736141204834 0.7050832509994507 -0.0946977436542511
0.6719772219657898 0.7223733067512512 -0.1119515597820282
0.6159840822219849 0.7303705215454102 -0.12196185439825058
0.6206602454185486 0.7392579317092896 -0.11202667653560638
0.6390616297721863 0.7370090484619141 -0.10827253013849258
