Dominik_image_three_34.jpg
0.6858096718788147 0.6414124965667725 4.671025806146645e-07
0.6471290588378906 0.6298927068710327 -0.0134333660826087
0.5982767939567566 0.5952697396278381 -0.02386626787483692
0.556686520576477 0.5839134454727173 -0.03551068529486656
0.5224452614784241 0.5789240002632141 -0.0475485734641552
0.6139047741889954 0.5067727565765381 -0.018769079819321632
0.5949657559394836 0.44416308403015137 -0.03436336666345596
0.5807684659957886 0.4048254191875458 -0.04236441105604172
0.5686519742012024 0.37140417098999023 -0.04688937962055206
0.6416357159614563 0.49586012959480286 -0.02546391636133194
0.6304634809494019 0.42441102862358093 -0.043352965265512466
0.6203071475028992 0.38106799125671387 -0.05371549353003502
0.6120956540107727 0.3446927070617676 -0.05748462677001953
0.6712949275970459 0.5003650188446045 -0.03302764892578125
0.6557654738426208 0.5009691715240479 -0.057916391640901566
0.6502963304519653 0.553146481513977 -0.061997368931770325
0.6492586731910706 0.5876522064208984 -0.05716831237077713
0.6980371475219727 0.5160567164421082 -0.041119690984487534
0.6812404990196228 0.5324414968490601 -0.059908006340265274
0.6734310388565063 0.5753327012062073 -0.05886424705386162
0.6711252331733704 0.6023512482643127 -0.0531005859375
