Dominik_image_three_62.jpg
0.8482674956321716 0.9359488487243652 6.745228233739908e-07
0.8448895215988159 0.8467004895210266 -0.0053010606206953526
0.8182864189147949 0.7417223453521729 -0.02105237916111946
0.8019775152206421 0.6555004119873047 -0.034250810742378235
0.8095253109931946 0.5916420221328735 -0.0482412651181221
0.7991448640823364 0.7553517818450928 -0.0711427628993988
0.7181913256645203 0.661230206489563 -0.0952162966132164
0.6719584465026855 0.6120879650115967 -0.10399579256772995
0.6351999640464783 0.5739105939865112 -0.10790972411632538
0.7727277874946594 0.8048209547996521 -0.07523810118436813
0.6666903495788574 0.7289159297943115 -0.09897975623607635
0.6095733642578125 0.6845287680625916 -0.1029055044054985
0.5646194219589233 0.6511470675468445 -0.10482387244701385
0.7475190758705139 0.8551577925682068 -0.0736546665430069
0.6718609929084778 0.7783293128013611 -0.08830796927213669
0.6986590027809143 0.7818928360939026 -0.06845992803573608
0.723138689994812 0.8023982048034668 -0.050250131636857986
0.728452205657959 0.8978375196456909 -0.07212570309638977
0.6884456276893616 0.8245701789855957 -0.07603633403778076
0.7100827693939209 0.829479455947876 -0.056490253657102585
0.7285854816436768 0.8481408953666687 -0.03864970803260803
