Dominik_image_spock_17.jpg
0.6658068895339966 0.6694051623344421 3.9692588416073704e-07
0.619670033454895 0.6540399789810181 -0.015263459645211697
0.5754886865615845 0.6251821517944336 -0.027389252558350563
0.5363032817840576 0.6142672896385193 -0.03930636867880821
0.5033404231071472 0.6174623370170593 -0.05180078372359276
0.593723475933075 0.5128155946731567 -0.016988560557365417
0.5730559825897217 0.4467965066432953 -0.03000733256340027
0.5638105869293213 0.4069536328315735 -0.04234756529331207
0.5535753965377808 0.36871764063835144 -0.05261707305908203
0.6170969605445862 0.49649521708488464 -0.022417502477765083
0.5966751575469971 0.4245014488697052 -0.035111602395772934
0.583946943283081 0.37789827585220337 -0.04759591445326805
0.5712419152259827 0.33684468269348145 -0.057648926973342896
0.6443016529083252 0.5007681250572205 -0.029605086892843246
0.6450816988945007 0.4329608380794525 -0.04296930134296417
0.6490342020988464 0.38872337341308594 -0.051923006772994995
0.6496503949165344 0.35135912895202637 -0.05849185958504677
0.6702244877815247 0.518713116645813 -0.038284655660390854
0.6721103191375732 0.46484652161598206 -0.04907243698835373
0.672320544719696 0.4298464357852936 -0.052433114498853683
0.6712301969528198 0.3968137502670288 -0.05524938553571701
