Dominik_image_two_96.jpg
0.5929121971130371 0.7741071581840515 -1.9914946847165993e-07
0.5797803997993469 0.6945922374725342 -0.010772759094834328
0.588329553604126 0.6167944073677063 -0.01811830699443817
0.5856845378875732 0.5604587197303772 -0.02670169621706009
0.5751808881759644 0.5185874700546265 -0.03549064323306084
0.6629019975662231 0.612377941608429 -0.01725250855088234
0.69907146692276 0.593146800994873 -0.03365354984998703
0.7281190752983093 0.5804736614227295 -0.04605002701282501
0.7566293478012085 0.5733569860458374 -0.05713868886232376
0.6890889406204224 0.6488625407218933 -0.021765729412436485
0.6221715807914734 0.6437188386917114 -0.0441955029964447
0.5952980518341064 0.6562811136245728 -0.0504094734787941
0.5950783491134644 0.6691957116127014 -0.052797265350818634
0.690582275390625 0.6968550682067871 -0.027740899473428726
0.6173655390739441 0.6910497546195984 -0.04591609537601471
0.6013035774230957 0.6994481086730957 -0.04057050123810768
0.606870174407959 0.7042035460472107 -0.03523740917444229
0.6809132099151611 0.7412405610084534 -0.03579450026154518
0.6210372447967529 0.733296811580658 -0.051352791488170624
0.6073027849197388 0.7332670092582703 -0.050315871834754944
0.6128959059715271 0.7312372326850891 -0.046029116958379745
