Dominik_image_zero_11.jpg
0.7047188878059387 0.5596762895584106 -5.334666184353409e-07
0.6597508192062378 0.48038941621780396 -0.024968594312667847
0.6490557789802551 0.39208337664604187 -0.03955690935254097
0.6492857336997986 0.3301176130771637 -0.049651850014925
0.6544929146766663 0.3141469955444336 -0.05467624217271805
0.7397812604904175 0.3251250982284546 -0.024585658684372902
0.65790194272995 0.33682188391685486 -0.048185646533966064
0.6486468315124512 0.38544535636901855 -0.06347066164016724
0.6662757992744446 0.3997746407985687 -0.07387702912092209
0.759985089302063 0.3593733012676239 -0.02552912011742592
0.661899209022522 0.3755142390727997 -0.04530321806669235
0.6582919955253601 0.4210912883281708 -0.048243388533592224
0.6770357489585876 0.4322456121444702 -0.049447864294052124
0.7636657953262329 0.4069167971611023 -0.03000756725668907
0.6730678081512451 0.4229137897491455 -0.04837379977107048
0.670834481716156 0.4581630527973175 -0.040906596928834915
0.6890891790390015 0.4645090699195862 -0.03457219526171684
0.7576093673706055 0.4599134624004364 -0.037954848259687424
0.6874649524688721 0.47382789850234985 -0.051889654248952866
0.6859400868415833 0.4961763620376587 -0.04903092235326767
0.7030218243598938 0.4980408549308777 -0.04390111565589905
