Dominik_image_three_23.jpg
0.7223029732704163 0.6345693469047546 5.589057536781183e-07
0.66532963514328 0.6057615280151367 -0.014075526036322117
0.6110846400260925 0.5648168325424194 -0.02141333930194378
0.561791718006134 0.5507029294967651 -0.03109307959675789
0.5246884822845459 0.5477556586265564 -0.04012249782681465
0.6124081015586853 0.4586329758167267 -0.0038760476745665073
0.5881261825561523 0.386684775352478 -0.016069205477833748
0.5774353742599487 0.3469180762767792 -0.02264992520213127
0.5677255988121033 0.3088315725326538 -0.025737330317497253
0.6459411382675171 0.44693607091903687 -0.007928887382149696
0.6329855918884277 0.36195796728134155 -0.02338574267923832
0.6233624219894409 0.3138189911842346 -0.03295682743191719
0.6146259903907776 0.27048301696777344 -0.03718173876404762
0.67974454164505 0.4524995982646942 -0.01484590582549572
0.6702286601066589 0.44331982731819153 -0.04233517497777939
0.6671869158744812 0.5003371238708496 -0.05044255033135414
0.666610836982727 0.5404743552207947 -0.04707277938723564
0.7124572396278381 0.4661107659339905 -0.022174322977662086
0.7005497217178345 0.46695682406425476 -0.04032941535115242
0.690017580986023 0.514255940914154 -0.04093315824866295
0.68329256772995 0.5498895049095154 -0.03686225786805153
