Dominik_image_four_42.jpg
0.6698561310768127 0.6080882549285889 1.1211977124503392e-07
0.6184282898902893 0.6104439496994019 -0.00953617412596941
0.5585803389549255 0.5806699991226196 -0.009251520037651062
0.5140195488929749 0.5781506299972534 -0.008606950752437115
0.4816177189350128 0.5881486535072327 -0.01054838765412569
0.5671588778495789 0.4513675570487976 -0.0034923632629215717
0.5356257557868958 0.38596558570861816 -0.009062206372618675
0.5187115669250488 0.3471466302871704 -0.013766477815806866
0.5030124187469482 0.31324684619903564 -0.019974609836935997
0.5986617207527161 0.42770496010780334 -0.012760607525706291
0.5760554075241089 0.33809277415275574 -0.01965978555381298
0.5638877153396606 0.2852485775947571 -0.02608449012041092
0.5520528554916382 0.24187611043453217 -0.03236066922545433
0.6322044134140015 0.4281054437160492 -0.02507317252457142
0.6202356219291687 0.3464353084564209 -0.04766586795449257
0.6108525991439819 0.29689136147499084 -0.06622067838907242
0.6015667915344238 0.2549320161342621 -0.07936091721057892
0.6647717952728271 0.4459417760372162 -0.03692542761564255
0.6537494659423828 0.43041208386421204 -0.06730132550001144
0.655698299407959 0.4757768511772156 -0.07921998202800751
0.6600710153579712 0.5150163173675537 -0.08726046979427338
