Dominik_image_zero_58.jpg
0.36978185176849365 0.7946639657020569 -3.9264702422769915e-07
0.3382890522480011 0.7307316660881042 0.00036340951919555664
0.2788809537887573 0.6699661016464233 -0.00841294415295124
0.21962743997573853 0.6435409784317017 -0.016254696995019913
0.18055489659309387 0.6586735248565674 -0.02246508002281189
0.2579006850719452 0.6346346735954285 -0.03569958359003067
0.17375287413597107 0.7004233002662659 -0.05535079911351204
0.1959250271320343 0.726946234703064 -0.05628402903676033
0.2180165946483612 0.7163633704185486 -0.054017189890146255
0.2629467248916626 0.6792290210723877 -0.04564371332526207
0.1764356791973114 0.749350905418396 -0.06336571276187897
0.20208492875099182 0.7651550769805908 -0.053325578570365906
0.22415566444396973 0.7505221962928772 -0.04599011689424515
0.26645806431770325 0.7344808578491211 -0.054918523877859116
0.18840844929218292 0.7953689098358154 -0.06987868249416351
0.21534481644630432 0.8074073791503906 -0.052344802767038345
0.2377883940935135 0.7921665906906128 -0.04027864709496498
0.2696709930896759 0.7934024930000305 -0.0638999491930008
0.2124045491218567 0.8351515531539917 -0.07476771622896194
0.23399625718593597 0.8414855003356934 -0.06622285395860672
0.25236475467681885 0.827864944934845 -0.05852746218442917
