Dominik_image_two_84.jpg
0.7462565898895264 0.9379255771636963 -1.3434380718990724e-07
0.6887037754058838 0.8772308826446533 -0.03403594717383385
0.6376102566719055 0.7913830280303955 -0.064023457467556
0.5766040682792664 0.7428432703018188 -0.09545639902353287
0.5195832252502441 0.7202025651931763 -0.12753769755363464
0.7346365451812744 0.6445639133453369 -0.053328149020671844
0.792295515537262 0.5552563667297363 -0.09415266662836075
0.8359852433204651 0.4927763342857361 -0.12001816183328629
0.8774589896202087 0.4422612190246582 -0.1389886736869812
0.8025493621826172 0.6570103764533997 -0.058046404272317886
0.7759637832641602 0.7429524660110474 -0.10556963831186295
0.7344783544540405 0.8048471808433533 -0.1123742088675499
0.7239575386047363 0.8024266362190247 -0.1114184558391571
0.8520391583442688 0.7133351564407349 -0.0671832412481308
0.8106749057769775 0.8160402774810791 -0.1095518171787262
0.7726783752441406 0.8552575707435608 -0.0985850840806961
0.7631266117095947 0.8421478867530823 -0.08589163422584534
0.8897922039031982 0.7785357236862183 -0.08064974099397659
0.8505592942237854 0.8678435683250427 -0.1118868738412857
0.8065130114555359 0.9045572876930237 -0.10545329749584198
0.7837586402893066 0.9010219573974609 -0.09410904347896576
