Dominik_image_three_89.jpg
0.7253375053405762 0.7405970692634583 5.131286116011324e-07
0.6800599694252014 0.7137109041213989 -0.013735841028392315
0.6324811577796936 0.6715089678764343 -0.02564726024866104
0.5854629874229431 0.6615591049194336 -0.04132014513015747
0.5471721887588501 0.675040602684021 -0.057593561708927155
0.6513556838035583 0.5679227709770203 -0.01106883306056261
0.6270657181739807 0.49093833565711975 -0.02881365269422531
0.6124995350837708 0.4453098177909851 -0.03835039213299751
0.6012502908706665 0.40503424406051636 -0.043275557458400726
0.6834496259689331 0.5570676922798157 -0.019722437486052513
0.6658728718757629 0.47101426124572754 -0.0400349423289299
0.6563019156455994 0.41557830572128296 -0.0524018220603466
0.6510983109474182 0.3680902123451233 -0.056801218539476395
0.7170977592468262 0.5649073123931885 -0.030392585322260857
0.6887307167053223 0.5615066289901733 -0.0587560199201107
0.6818617582321167 0.6209126710891724 -0.06314562261104584
0.684644877910614 0.6631921529769897 -0.05608261004090309
0.7464430928230286 0.5858961939811707 -0.042113129049539566
0.7159677743911743 0.6024497747421265 -0.058112066239118576
0.7053095698356628 0.649612545967102 -0.053587883710861206
0.706013023853302 0.6828047633171082 -0.04499654471874237
