Dominik_image_four_74.jpg
0.5548247694969177 0.633782148361206 5.993812237647944e-07
0.5586423277854919 0.5556130409240723 -0.018485581502318382
0.544227123260498 0.4799037575721741 -0.037097297608852386
0.5438050031661987 0.40751755237579346 -0.05308953672647476
0.5551021099090576 0.35133665800094604 -0.07044760882854462
0.45813390612602234 0.4822496175765991 -0.044347766786813736
0.3830227851867676 0.44101452827453613 -0.06286552548408508
0.33612170815467834 0.42645856738090515 -0.07457554340362549
0.29936838150024414 0.4188423752784729 -0.08188378810882568
0.4354135990142822 0.5331370234489441 -0.0455586202442646
0.35070937871932983 0.502577006816864 -0.05857153236865997
0.29470929503440857 0.486019492149353 -0.06745690852403641
0.2539108395576477 0.47604990005493164 -0.07411884516477585
0.42456457018852234 0.5896477699279785 -0.04616178944706917
0.34972476959228516 0.5774997472763062 -0.05478232353925705
0.3097832202911377 0.5716854333877563 -0.05976476892828941
0.2842787504196167 0.5681405067443848 -0.06362804770469666
0.42649033665657043 0.6451689004898071 -0.047992728650569916
0.3797222971916199 0.6384018659591675 -0.05568600818514824
0.35421621799468994 0.6344175934791565 -0.05611639842391014
0.33481067419052124 0.6285748481750488 -0.05483030527830124
