Dominik_image_three_54.jpg
0.9238957166671753 0.7345672249794006 -3.8293411108725195e-08
0.9146448373794556 0.6566094160079956 0.025047579780220985
0.8949951529502869 0.5779363512992859 0.02657560259103775
0.8805798888206482 0.514502763748169 0.02433289773762226
0.8891826868057251 0.46868717670440674 0.02279169298708439
0.8756840825080872 0.53547602891922 -0.02697540633380413
0.8139503002166748 0.44935494661331177 -0.04816388711333275
0.7782827615737915 0.40015077590942383 -0.05804431065917015
0.7502059936523438 0.36710667610168457 -0.06364593654870987
0.8585876822471619 0.5698972344398499 -0.042582638561725616
0.7673549056053162 0.4978320002555847 -0.06839721649885178
0.7186800837516785 0.4577171206474304 -0.07713080197572708
0.682296872138977 0.43210873007774353 -0.082742840051651
0.8389752507209778 0.6121434569358826 -0.05163789540529251
0.764832079410553 0.5865428447723389 -0.06122357025742531
0.7856929898262024 0.6065495014190674 -0.04165327548980713
0.8087838292121887 0.6189084053039551 -0.025312263518571854
0.8209238052368164 0.6575347185134888 -0.05889042466878891
0.7745267152786255 0.635634183883667 -0.057582173496484756
0.7945684194564819 0.6484155654907227 -0.03987554833292961
0.8160085678100586 0.6558857560157776 -0.024566322565078735
