Dominik_image_three_8.jpg
0.6090746521949768 0.6631219983100891 3.0246019377955236e-07
0.6098710894584656 0.6264464855194092 -0.0010295166866853833
0.6056273579597473 0.581186830997467 -0.00587199442088604
0.6080694198608398 0.5452996492385864 -0.011839421465992928
0.619041919708252 0.5202746987342834 -0.017990602180361748
0.5772805213928223 0.5585802793502808 -0.0159845482558012
0.5436185598373413 0.510237455368042 -0.025312218815088272
0.5215437412261963 0.4841206669807434 -0.027634859085083008
0.5051769018173218 0.46383392810821533 -0.02843964844942093
0.5646737813949585 0.5714570879936218 -0.020480329170823097
0.5173421502113342 0.5420823693275452 -0.03186271712183952
0.48776108026504517 0.5258738994598389 -0.036320846527814865
0.46629178524017334 0.5111856460571289 -0.037783410400152206
0.5546308159828186 0.593258261680603 -0.023689331486821175
0.5236598253250122 0.6079897880554199 -0.03260524198412895
0.5361323952674866 0.6208820343017578 -0.03029552288353443
0.5508213043212891 0.6232348680496216 -0.02576681599020958
0.5465012192726135 0.6196234226226807 -0.027151454240083694
0.5303477048873901 0.6381691694259644 -0.0324568971991539
0.5443860292434692 0.6465851068496704 -0.02957002818584442
0.5572909712791443 0.6448058485984802 -0.025011003017425537
