Dominik_image_zero_44.jpg
0.7804455757141113 0.8197618722915649 -2.463900159455079e-07
0.7433977723121643 0.728420615196228 -0.028278443962335587
0.7291198968887329 0.6424457430839539 -0.05143171548843384
0.7212170958518982 0.586027979850769 -0.06858009099960327
0.7217614650726318 0.5880054831504822 -0.07936156541109085
0.8132462501525879 0.6018663644790649 -0.057147715240716934
0.7213684320449829 0.6297698616981506 -0.08630204945802689
0.7224639654159546 0.6694446802139282 -0.09763581305742264
0.7471998333930969 0.67146235704422 -0.10514920204877853
0.8333523869514465 0.6520035862922668 -0.05923493579030037
0.7268021106719971 0.688256025314331 -0.08533211797475815
0.7382546663284302 0.714070737361908 -0.08439593762159348
0.767158031463623 0.7094192504882812 -0.08367861807346344
0.8374209403991699 0.7150161862373352 -0.06366819143295288
0.7402418851852417 0.7468870282173157 -0.08358808606863022
0.75112384557724 0.7594502568244934 -0.07056013494729996
0.7775781154632568 0.7535716891288757 -0.06136249005794525
0.8311653137207031 0.779476523399353 -0.07177048921585083
0.7571109533309937 0.7983452677726746 -0.08842114359140396
0.7676457166671753 0.7997520565986633 -0.08697361499071121
0.7947434782981873 0.7879616618156433 -0.08348117023706436
