Dominik_image_one_79.jpg
0.7620111107826233 0.550967812538147 -6.951024200674283e-09
0.7379109859466553 0.5812197923660278 -0.10156814754009247
0.6965759992599487 0.6256645917892456 -0.1714862734079361
0.6709746718406677 0.6803270578384399 -0.225093275308609
0.6514632701873779 0.7577879428863525 -0.2710094153881073
0.6268327832221985 0.46431973576545715 -0.14600369334220886
0.6976668834686279 0.4533769488334656 -0.19113734364509583
0.7155178189277649 0.4965481758117676 -0.1932121068239212
0.6938666105270386 0.5097862482070923 -0.19214510917663574
0.6467157006263733 0.4147849977016449 -0.11603445559740067
0.7206118702888489 0.41951918601989746 -0.16953955590724945
0.7407339215278625 0.4854109585285187 -0.15937303006649017
0.7168655395507812 0.48437562584877014 -0.1446831375360489
0.677528440952301 0.3786809742450714 -0.0932467058300972
0.7468711137771606 0.3947088122367859 -0.14151453971862793
0.7580868601799011 0.45258739590644836 -0.12896190583705902
0.7345041632652283 0.45387279987335205 -0.11451980471611023
0.7088509202003479 0.3476235866546631 -0.07921809703111649
0.7583764791488647 0.36856380105018616 -0.11245840787887573
0.7686457633972168 0.413846492767334 -0.11696518957614899
0.7535229921340942 0.41781914234161377 -0.11671066284179688
