Dominik_image_four_65.jpg
0.8386906981468201 0.7103592157363892 6.065847628633492e-07
0.8580705523490906 0.6154724359512329 0.011369157582521439
0.865955114364624 0.5300502777099609 0.006518851034343243
0.8901670575141907 0.450253427028656 0.001196712488308549
0.9210273027420044 0.39831218123435974 -0.006215999368578196
0.7797467112541199 0.4820248484611511 -0.016721123829483986
0.7090533375740051 0.3949708342552185 -0.02217661589384079
0.6689401865005493 0.35630661249160767 -0.021757561713457108
0.6374606490135193 0.32664602994918823 -0.01911686547100544
0.7443888187408447 0.5177909731864929 -0.025284333154559135
0.6626739501953125 0.43116453289985657 -0.040335189551115036
0.6153402328491211 0.3817305564880371 -0.04454778879880905
0.5818337798118591 0.34349367022514343 -0.043599389493465424
0.7162290811538696 0.5698488354682922 -0.029202399775385857
0.6408384442329407 0.5025607347488403 -0.050180207937955856
0.5990565419197083 0.4639773666858673 -0.05753954499959946
0.5701106190681458 0.43646153807640076 -0.05621251463890076
0.7001407146453857 0.6254231929779053 -0.028572160750627518
0.6589717268943787 0.5628564357757568 -0.031620752066373825
0.6764612197875977 0.5764086842536926 -0.015608757734298706
0.6980528831481934 0.5977080464363098 -0.0008710732799954712
