Dominik_image_five_78.jpg
0.6404743790626526 0.6782998442649841 2.0373661868688941e-07
0.6101000308990479 0.6762781143188477 -0.009624087251722813
0.5813578963279724 0.6588636636734009 -0.014782503247261047
0.5563311576843262 0.650540292263031 -0.01986333727836609
0.5367509722709656 0.6532723903656006 -0.025025812909007072
0.5915569067001343 0.5961939692497253 -0.0042166076600551605
0.5747898817062378 0.5622488856315613 -0.009556534700095654
0.5650343894958496 0.5396369695663452 -0.015295391902327538
0.5580116510391235 0.5209560394287109 -0.020094748586416245
0.6073389053344727 0.5841373801231384 -0.005899373441934586
0.5965893864631653 0.5450231432914734 -0.009871846064925194
0.5901124477386475 0.5195710062980652 -0.015368199907243252
0.5854883193969727 0.49963539838790894 -0.019854161888360977
0.6249088048934937 0.5808725953102112 -0.009348349645733833
0.6186351180076599 0.543570876121521 -0.015305839478969574
0.6133232116699219 0.5211662650108337 -0.02162029594182968
0.608452320098877 0.5034660696983337 -0.026344263926148415
0.6430326104164124 0.5856186151504517 -0.013836568221449852
0.6494666934013367 0.5555873513221741 -0.020026013255119324
0.6532856822013855 0.5357447266578674 -0.023946110159158707
0.6563401818275452 0.518451988697052 -0.026769233867526054
0.6505872011184692 0.6858914494514465 1.1737077976192722e-08
0.6163127422332764 0.6750059127807617 -0.009235327132046223
0.5842484831809998 0.6576893329620361 -0.015978701412677765
0.5568302869796753 0.647464394569397 -0.023725150153040886
0.5338946580886841 0.6491517424583435 -0.03191952407360077
0.5894286632537842 0.5922931432723999 -0.0018963681068271399
0.5721108317375183 0.5563943386077881 -0.0095796724781394
0.5646154880523682 0.5388294458389282 -0.018719078972935677
0.5582249760627747 0.5219143033027649 -0.026268605142831802
0.6061681509017944 0.5782840251922607 -0.0047938283532857895
0.5903486013412476 0.5298463702201843 -0.008473549038171768
0.5846298336982727 0.5128285884857178 -0.013492092490196228
0.580023467540741 0.49855080246925354 -0.019286595284938812
0.6249297857284546 0.5740760564804077 -0.010047304444015026
0.6151878833770752 0.5245233178138733 -0.014179956167936325
0.6107681393623352 0.5045177340507507 -0.016305802389979362
0.6060836911201477 0.4881780445575714 -0.02006548084318638
0.645758867263794 0.5800924897193909 -0.016924427822232246
0.6514008641242981 0.5491952300071716 -0.019052864983677864
0.6555491089820862 0.532858669757843 -0.018472719937562943
0.6579232215881348 0.5194699764251709 -0.020010603591799736
