Dominik_image_one_44.jpg
0.7742142677307129 0.7605509161949158 -4.62626159603019e-09
0.7378889322280884 0.6775168180465698 -0.024485180154442787
0.7116098999977112 0.5840020775794983 -0.024171318858861923
0.6818428039550781 0.5161145925521851 -0.02163979411125183
0.6471206545829773 0.475162148475647 -0.017455097287893295
0.752165675163269 0.5690742135047913 0.032892465591430664
0.750051736831665 0.531297504901886 0.03952089697122574
0.7419208884239197 0.5350902080535889 0.034064050763845444
0.7325400114059448 0.5398379564285278 0.028436625376343727
0.7760106325149536 0.6046507358551025 0.044383980333805084
0.7745311856269836 0.5748040080070496 0.0596068874001503
0.7698454856872559 0.5759607553482056 0.05121811851859093
0.7677484750747681 0.5784099698066711 0.04016983136534691
0.7949923872947693 0.6385863423347473 0.050532665103673935
0.7939326763153076 0.6178281903266907 0.06220307946205139
0.7930517196655273 0.6208292245864868 0.0570763535797596
0.7928520441055298 0.6205632090568542 0.04917552322149277
0.8092954754829407 0.6694713830947876 0.05397925525903702
0.8102060556411743 0.652459442615509 0.06429031491279602
0.8118695020675659 0.6528299450874329 0.06799283623695374
0.8157526254653931 0.6518218517303467 0.0683380737900734
