Dominik_image_three_76.jpg
0.5761620998382568 0.9536585807800293 8.175798029697035e-07
0.5694040656089783 0.8628408312797546 -0.014325964264571667
0.5454776883125305 0.7789242267608643 -0.024490637704730034
0.5427132844924927 0.6962438225746155 -0.031024811789393425
0.5598005652427673 0.635424017906189 -0.036981649696826935
0.47075340151786804 0.801699697971344 -0.040362436324357986
0.393393337726593 0.7316586971282959 -0.04786516726016998
0.3550482988357544 0.6948656439781189 -0.0445321761071682
0.3282707929611206 0.6669744849205017 -0.03794033080339432
0.4444022476673126 0.857637882232666 -0.03314966708421707
0.3586482107639313 0.8033886551856995 -0.0367087759077549
0.31843143701553345 0.7678166627883911 -0.030408674851059914
0.2965860366821289 0.74303138256073 -0.02216525934636593
0.43338555097579956 0.9079346060752869 -0.02394222281873226
0.4126026928424835 0.8535085320472717 -0.024528512731194496
0.43646329641342163 0.8508241772651672 -0.017790183424949646
0.462070107460022 0.8613524436950684 -0.007612837478518486
0.4297761619091034 0.9470924139022827 -0.01591050997376442
0.4255687892436981 0.9058710336685181 -0.009226173162460327
0.44536951184272766 0.9044529795646667 0.000910803850274533
0.463528037071228 0.9124391674995422 0.012318492867052555
