Dominik_image_four_92.jpg
0.7831671833992004 0.6924126148223877 4.812062570636044e-07
0.7175379991531372 0.6755529642105103 -0.026652678847312927
0.6564897894859314 0.6170593500137329 -0.03920818492770195
0.5996614694595337 0.6007248163223267 -0.04858633503317833
0.5536039471626282 0.6045725345611572 -0.06101866438984871
0.6942101716995239 0.4766746163368225 -0.029205912724137306
0.682305097579956 0.3904387354850769 -0.04602576047182083
0.6771541237831116 0.333126038312912 -0.06096162274479866
0.6743259429931641 0.2794145941734314 -0.07410954684019089
0.7394172549247742 0.45516839623451233 -0.03525293618440628
0.7400987148284912 0.34978747367858887 -0.047745972871780396
0.7419880032539368 0.27667415142059326 -0.06310123950242996
0.7430065274238586 0.21227946877479553 -0.07605789601802826
0.7802073955535889 0.4674351215362549 -0.044472623616456985
0.8024064302444458 0.38465094566345215 -0.07081901282072067
0.8168689012527466 0.3275432288646698 -0.09730392694473267
0.8271046876907349 0.2781829237937927 -0.11689717322587967
0.8160725831985474 0.5025595426559448 -0.054736264050006866
0.8279154300689697 0.49354851245880127 -0.08953475207090378
0.8232341408729553 0.5412641763687134 -0.10427316278219223
0.8175158500671387 0.584078311920166 -0.11398600041866302
