Dominik_image_one_64.jpg
0.46723267436027527 0.5438621044158936 -1.0092562519048442e-07
0.443420946598053 0.45904600620269775 -0.0023077584337443113
0.4079406261444092 0.37779611349105835 -0.016060680150985718
0.40268227458000183 0.3043895959854126 -0.03113565407693386
0.41445690393447876 0.2430417537689209 -0.047246139496564865
0.34943369030952454 0.3949612081050873 -0.03125954046845436
0.2707030177116394 0.41913557052612305 -0.04739447310566902
0.29177647829055786 0.43788132071495056 -0.055317170917987823
0.3219185173511505 0.4346175193786621 -0.0593591146171093
0.34476473927497864 0.4544375538825989 -0.039893072098493576
0.2694040536880493 0.47303247451782227 -0.04951571300625801
0.29587310552597046 0.48750630021095276 -0.046999309211969376
0.3262256383895874 0.4834602475166321 -0.04628235474228859
0.34583917260169983 0.5152658820152283 -0.04760356992483139
0.2836798131465912 0.5249730348587036 -0.05368456989526749
0.30851975083351135 0.5333898663520813 -0.04198632016777992
0.336642861366272 0.5306299328804016 -0.03486570715904236
0.3520428240299225 0.5733489990234375 -0.05544804781675339
0.30202746391296387 0.5695152282714844 -0.0581347830593586
0.3252216875553131 0.573963463306427 -0.04510403051972389
0.35047757625579834 0.5742863416671753 -0.03487961366772652
