Dominik_image_spock_87.jpg
0.7280725240707397 0.7193921208381653 2.2482079486962903e-07
0.6896830201148987 0.7082162499427795 -0.011567569337785244
0.6534762978553772 0.684966504573822 -0.01964595541357994
0.6209293603897095 0.6737871766090393 -0.028303584083914757
0.593410849571228 0.6745091080665588 -0.03726772591471672
0.6657269597053528 0.5985270738601685 -0.005703961942344904
0.6483196020126343 0.5485219955444336 -0.014685135334730148
0.6404898762702942 0.519603967666626 -0.02415238693356514
0.6335145235061646 0.4901981055736542 -0.032283540815114975
0.6836152076721191 0.5846985578536987 -0.01030045747756958
0.6650590300559998 0.5305767059326172 -0.01831687241792679
0.6546637415885925 0.496881365776062 -0.02750680223107338
0.6454985737800598 0.46631938219070435 -0.035393476486206055
0.7047736644744873 0.5848084688186646 -0.01699851267039776
0.7016277313232422 0.5307490229606628 -0.02601322904229164
0.7028768658638 0.4976021945476532 -0.03144989535212517
0.7018328309059143 0.4689788222312927 -0.03587770089507103
0.7264352440834045 0.5953149199485779 -0.025247137993574142
0.7254034280776978 0.5516803860664368 -0.03176277503371239
0.725443959236145 0.5246949791908264 -0.032624680548906326
0.7242830991744995 0.4994053840637207 -0.03399192541837692
