Dominik_image_four_17.jpg
0.7785167098045349 0.6443855166435242 4.877077799392282e-07
0.7732240557670593 0.5558000802993774 0.01462459284812212
0.7600915431976318 0.4814830422401428 0.010408756323158741
0.7704938650131226 0.41026073694229126 0.003766234265640378
0.7921755313873291 0.3595004677772522 -0.006134717259556055
0.6908202767372131 0.44984519481658936 -0.018546929582953453
0.6190385818481445 0.3857373893260956 -0.028548285365104675
0.5783421993255615 0.3533940315246582 -0.03145914152264595
0.5464454889297485 0.3270424008369446 -0.0320165678858757
0.670008659362793 0.4866563081741333 -0.03187677264213562
0.584658145904541 0.4333621859550476 -0.04786476865410805
0.5336935520172119 0.4022502303123474 -0.05472584068775177
0.4980647563934326 0.3760451078414917 -0.057673677802085876
0.6572692394256592 0.5384437441825867 -0.04077284038066864
0.5760684013366699 0.5106092095375061 -0.061197128146886826
0.5296716094017029 0.49374285340309143 -0.07078049331903458
0.49784761667251587 0.476687490940094 -0.07389295101165771
0.6540386080741882 0.5928817391395569 -0.045458074659109116
0.6082574129104614 0.5731580257415771 -0.053502123802900314
0.6264711022377014 0.5819824934005737 -0.04468899220228195
0.6482028365135193 0.5894842147827148 -0.03644159436225891
