Dominik_image_three_66.jpg
0.5785365700721741 1.0344023704528809 9.211889278049057e-07
0.5815536379814148 0.9353052377700806 -0.039929717779159546
0.5662506222724915 0.8509138822555542 -0.06837662309408188
0.5615612268447876 0.7681552767753601 -0.0847177803516388
0.5689852237701416 0.7032151222229004 -0.10000907629728317
0.48899155855178833 0.9030399918556213 -0.09178495407104492
0.40640532970428467 0.8354958295822144 -0.11263490468263626
0.36192601919174194 0.796249270439148 -0.1187446191906929
0.3317735195159912 0.7620741128921509 -0.11833062022924423
0.46026164293289185 0.9632760882377625 -0.06906001269817352
0.36858516931533813 0.9035316109657288 -0.08276569843292236
0.3212137818336487 0.8638989329338074 -0.0791870728135109
0.2916216254234314 0.8328765630722046 -0.07428766787052155
0.4449659287929535 1.0040539503097534 -0.04403447359800339
0.3747138977050781 0.9464188814163208 -0.0473657101392746
0.33440592885017395 0.9064242839813232 -0.04464659094810486
0.3077945113182068 0.8804596066474915 -0.04168763384222984
0.4391087293624878 1.0287457704544067 -0.021069953218102455
0.39249685406684875 0.9812755584716797 -0.017234578728675842
0.3643849790096283 0.9562779068946838 -0.011458800174295902
0.3434132933616638 0.9360377788543701 -0.006082634441554546
