Dominik_image_five_50.jpg
0.4955921471118927 0.6022956371307373 4.93314928462496e-07
0.4377642571926117 0.6135368347167969 -0.024873564019799232
0.3783886134624481 0.593050479888916 -0.04077967256307602
0.3282468020915985 0.5854583978652954 -0.0553852841258049
0.2866895794868469 0.587386965751648 -0.07066798955202103
0.3845272660255432 0.4459620416164398 -0.02247464843094349
0.3399774432182312 0.3882163166999817 -0.03897640109062195
0.30974313616752625 0.34750792384147644 -0.05458090454339981
0.28485119342803955 0.31143155694007874 -0.06724649667739868
0.41146260499954224 0.4139496982097626 -0.02663479372859001
0.37885212898254395 0.3312655985355377 -0.04129500687122345
0.3537786602973938 0.274245023727417 -0.05654127150774002
0.33214128017425537 0.22827187180519104 -0.06843696534633636
0.4435066282749176 0.40269145369529724 -0.034326739609241486
0.42050451040267944 0.3219975233078003 -0.05132408067584038
0.39893150329589844 0.2700005769729614 -0.06729532033205032
0.3780496120452881 0.22603420913219452 -0.07925348728895187
0.4775691032409668 0.4079478681087494 -0.04435184970498085
0.479352205991745 0.3336127698421478 -0.06064154580235481
0.4774211049079895 0.28274989128112793 -0.07077562808990479
0.4727366268634796 0.23727913200855255 -0.07841078191995621
