Dominik_image_spock_96.jpg
0.5259026288986206 0.6620903015136719 3.44737202340184e-07
0.47905755043029785 0.6789345145225525 -0.013275827281177044
0.4289766848087311 0.6898898482322693 -0.025416886433959007
0.393095463514328 0.7156214118003845 -0.037738118320703506
0.36955034732818604 0.7474119663238525 -0.051394231617450714
0.4076955318450928 0.5774634480476379 -0.01709061861038208
0.364845871925354 0.5392773151397705 -0.027158737182617188
0.342136025428772 0.5150330066680908 -0.037130359560251236
0.31868499517440796 0.4896029233932495 -0.046723611652851105
0.420752614736557 0.5486313104629517 -0.023025689646601677
0.3723261058330536 0.5074612498283386 -0.03452274203300476
0.34415727853775024 0.48011529445648193 -0.046684522181749344
0.3187349736690521 0.45277735590934753 -0.05729048326611519
0.4455373287200928 0.5354493260383606 -0.030092712491750717
0.42053914070129395 0.47491443157196045 -0.04260679706931114
0.40940284729003906 0.43163400888442993 -0.0527033805847168
0.3977895677089691 0.3956514298915863 -0.060786377638578415
0.47413569688796997 0.5323388576507568 -0.03822554647922516
0.4551049768924713 0.4837556481361389 -0.047991007566452026
0.44268518686294556 0.45297545194625854 -0.05169714242219925
0.42937806248664856 0.4236307740211487 -0.055672287940979004
