Dominik_image_spock_24.jpg
0.6354030966758728 0.6739557981491089 5.057069074609899e-07
0.5837997198104858 0.6648396253585815 -0.023988692089915276
0.5341837406158447 0.641499936580658 -0.04276062548160553
0.48926591873168945 0.6330000162124634 -0.05987634137272835
0.45326197147369385 0.6450514197349548 -0.07795687764883041
0.5582237243652344 0.5081278085708618 -0.030123917385935783
0.5367830991744995 0.4373246133327484 -0.04578545689582825
0.5262818336486816 0.3934205174446106 -0.06005944684147835
0.5155758261680603 0.3489833474159241 -0.07228287309408188
0.5853732824325562 0.48647063970565796 -0.0330384224653244
0.5623813271522522 0.40951889753341675 -0.04913807660341263
0.5495708584785461 0.3594833314418793 -0.064295694231987
0.5379736423492432 0.3104588985443115 -0.07683612406253815
0.6152491569519043 0.49059924483299255 -0.03775149583816528
0.6226376295089722 0.4173077940940857 -0.054952505975961685
0.6313334703445435 0.36749348044395447 -0.06773996353149414
0.6367714405059814 0.3243368864059448 -0.07698696851730347
0.6435142159461975 0.509564995765686 -0.044305942952632904
0.6510286331176758 0.45077261328697205 -0.056784141808748245
0.6543723940849304 0.41218313574790955 -0.06188558414578438
0.6555659174919128 0.37379884719848633 -0.06652358919382095
