Dominik_image_four_39.jpg
0.7185782790184021 0.5901020765304565 2.466787805133208e-07
0.7072916030883789 0.5119548439979553 0.02110416069626808
0.688805878162384 0.45259910821914673 0.023370878770947456
0.6902002096176147 0.39726731181144714 0.02224569581449032
0.7024748921394348 0.3541751205921173 0.0187723096460104
0.6314016580581665 0.4307349920272827 -0.0031438840087503195
0.5700321793556213 0.3927316963672638 -0.008177115581929684
0.5357669591903687 0.3767213523387909 -0.008475909940898418
0.5090798139572144 0.36332595348358154 -0.008143365383148193
0.6192502379417419 0.46014952659606934 -0.018144752830266953
0.5489873886108398 0.42657899856567383 -0.03075484186410904
0.5055429935455322 0.40864986181259155 -0.03689330071210861
0.4747578203678131 0.3922537565231323 -0.04029290750622749
0.6120771169662476 0.5026345252990723 -0.029171768575906754
0.5428669452667236 0.4841665029525757 -0.04546606168150902
0.5023221373558044 0.4795791506767273 -0.053272709250450134
0.4737454652786255 0.47174492478370667 -0.05641906335949898
0.6124351024627686 0.5475906729698181 -0.03599212318658829
0.5716358423233032 0.5347446203231812 -0.04230286553502083
0.5874940752983093 0.5403664112091064 -0.03599778562784195
0.6070533394813538 0.5443142056465149 -0.03052603453397751
