Dominik_image_spock_33.jpg
0.6784013509750366 0.6719234585762024 3.541140927154629e-07
0.6360790133476257 0.6587260961532593 -0.012798575684428215
0.5980930924415588 0.6379660964012146 -0.022386696189641953
0.5639209151268005 0.6332650780677795 -0.031918324530124664
0.5351042151451111 0.6384280323982239 -0.04217434674501419
0.6158838868141174 0.5413040518760681 -0.009992663748562336
0.5999212265014648 0.49057599902153015 -0.01947469636797905
0.5908935070037842 0.4586021900177002 -0.029577691107988358
0.5816276669502258 0.4274526536464691 -0.038249216973781586
0.6349766254425049 0.52665776014328 -0.01360159832984209
0.6171619296073914 0.46963366866111755 -0.022484807297587395
0.6059635877609253 0.4335407614707947 -0.0322330966591835
0.5946910977363586 0.3999617099761963 -0.04066001996397972
0.6570129990577698 0.5279940366744995 -0.019187163561582565
0.6578980684280396 0.4723110795021057 -0.0298535767942667
0.6611540913581848 0.4358413815498352 -0.03784019500017166
0.6610955595970154 0.40346598625183105 -0.043844472616910934
0.6782311201095581 0.5399646759033203 -0.026115668937563896
0.6803106069564819 0.4945030212402344 -0.03447173908352852
0.6805869340896606 0.4653238356113434 -0.03769592568278313
0.6789958477020264 0.43649643659591675 -0.04073519632220268
