Dominik_image_one_22.jpg
0.712582528591156 0.5407395958900452 -1.7749452752013894e-07
0.6981935501098633 0.4732247591018677 0.0004570679157041013
0.677473783493042 0.39433926343917847 -0.012230338528752327
0.6796968579292297 0.3336421847343445 -0.024848440662026405
0.699677050113678 0.28688937425613403 -0.038045138120651245
0.6464843153953552 0.39307233691215515 -0.03823338821530342
0.573823094367981 0.4075795114040375 -0.05051223188638687
0.5905687808990479 0.43158936500549316 -0.05049538612365723
0.6134946942329407 0.4315519332885742 -0.04997621476650238
0.6442908644676208 0.4336983263492584 -0.04711277782917023
0.5707332491874695 0.4525934159755707 -0.0556686595082283
0.5932977199554443 0.4705125093460083 -0.047639600932598114
0.6173479557037354 0.4697023928165436 -0.044231902807950974
0.6431582570075989 0.4807010293006897 -0.05424409359693527
0.5794636607170105 0.4943627715110779 -0.06035398319363594
0.6016213297843933 0.5059996247291565 -0.04745888710021973
0.6246444582939148 0.5031439661979675 -0.04083636775612831
0.643467366695404 0.5265494585037231 -0.06068279966711998
0.5929368138313293 0.5292073488235474 -0.06471092253923416
0.6122533679008484 0.535179078578949 -0.05482322350144386
0.6329392790794373 0.5345032811164856 -0.047749463468790054
0.7303349375724792 0.5864807367324829 -4.202166792310891e-08
0.7075135707855225 0.4920472502708435 0.012858296744525433
0.6838725805282593 0.4084608256816864 0.004882509354501963
0.6831404566764832 0.34458374977111816 -0.006802149582654238
0.696304976940155 0.2952154874801636 -0.020448079332709312
0.6519582271575928 0.40450525283813477 -0.016419224441051483
0.5834160447120667 0.4178839325904846 -0.0211178008466959
0.5963548421859741 0.4323302209377289 -0.02019086852669716
0.6139237880706787 0.42704787850379944 -0.02005418762564659
0.6484009027481079 0.4457380771636963 -0.02943226881325245
0.5759389400482178 0.45916232466697693 -0.029183045029640198
0.5950175523757935 0.47120434045791626 -0.021254444494843483
0.6170595288276672 0.468166708946228 -0.01904827170073986
0.6467365622520447 0.4911213517189026 -0.040052007883787155
0.5845538973808289 0.4990830421447754 -0.036569744348526
0.6038352251052856 0.506977379322052 -0.023909395560622215
0.6263336539268494 0.5023989081382751 -0.01925582066178322
0.646149218082428 0.5361309051513672 -0.049614351242780685
0.5937604904174805 0.5336926579475403 -0.046237967908382416
0.6126008033752441 0.5383033156394958 -0.034765105694532394
0.6344030499458313 0.5351381301879883 -0.027630923315882683
