Dominik_image_five_15.jpg
0.38459140062332153 0.7702311873435974 6.303218356151774e-07
0.4338598847389221 0.7009000778198242 -0.04147455468773842
0.46186915040016174 0.6306366920471191 -0.06058967858552933
0.47952601313591003 0.5677287578582764 -0.07263799011707306
0.4977838099002838 0.523297905921936 -0.08400910347700119
0.37666425108909607 0.5784566402435303 -0.03748492896556854
0.35822170972824097 0.4859898090362549 -0.04860691353678703
0.34958475828170776 0.42601773142814636 -0.060014285147190094
0.3422738015651703 0.37779584527015686 -0.06935770064592361
0.3412152826786041 0.5856417417526245 -0.02199685573577881
0.3047062158584595 0.49343958497047424 -0.033738452941179276
0.2871214747428894 0.4328882396221161 -0.04798945412039757
0.2731766700744629 0.38858669996261597 -0.059792257845401764
0.317033052444458 0.6040778160095215 -0.008594078943133354
0.28536975383758545 0.5249202251434326 -0.01753413677215576
0.2713668942451477 0.4752882719039917 -0.027434203773736954
0.2632470726966858 0.43891584873199463 -0.034696441143751144
0.30260711908340454 0.6265274286270142 0.0013651030603796244
0.2736232876777649 0.5643804669380188 -0.005762923043221235
0.2599804997444153 0.533264696598053 -0.01049073413014412
0.2520219087600708 0.5047937631607056 -0.01409332174807787
