Dominik_image_two_42.jpg
0.6749867796897888 0.9620552062988281 -1.540769716257273e-07
0.6417665481567383 0.8719674348831177 -0.04935315251350403
0.6234936714172363 0.751890242099762 -0.09398019313812256
0.5933111310005188 0.6447270512580872 -0.13862772285938263
0.5554855465888977 0.5608947277069092 -0.18102741241455078
0.7730617523193359 0.6605384945869446 -0.07746303081512451
0.8525918126106262 0.5740265250205994 -0.14499638974666595
0.9194353222846985 0.5230101346969604 -0.1783875972032547
0.9809761047363281 0.4878696799278259 -0.19495107233524323
0.8296923041343689 0.7044011354446411 -0.07373281568288803
0.834199070930481 0.7788729667663574 -0.138207346200943
0.7522839903831482 0.8305389881134033 -0.12824328243732452
0.7314017415046692 0.8030077219009399 -0.108470618724823
0.8655988574028015 0.7781402468681335 -0.07815868407487869
0.8554461002349854 0.8621089458465576 -0.1476288139820099
0.7789639234542847 0.8875347375869751 -0.12516242265701294
0.7602587342262268 0.8498587012290955 -0.0955488383769989
0.8890373706817627 0.8576690554618835 -0.08614787459373474
0.8844555616378784 0.9202811121940613 -0.12751320004463196
0.8199692368507385 0.9330220222473145 -0.11082059890031815
0.7925605773925781 0.9029534459114075 -0.0885830670595169
