Dominik_image_two_61.jpg
0.6905748248100281 0.470089316368103 3.6415605109141325e-07
0.6189389824867249 0.41000914573669434 -0.006246127188205719
0.5412335991859436 0.3728759288787842 -0.025366803631186485
0.4795265197753906 0.31562817096710205 -0.04123597964644432
0.44593921303749084 0.2532576620578766 -0.058936234563589096
0.5093628764152527 0.4267721176147461 -0.07230257242918015
0.4202955663204193 0.5162716507911682 -0.0975613221526146
0.371727854013443 0.5694107413291931 -0.10891428589820862
0.3353816270828247 0.613716185092926 -0.11486135423183441
0.5320417284965515 0.4917023479938507 -0.07185814529657364
0.4541637897491455 0.5500783324241638 -0.08771632611751556
0.47863996028900146 0.5292567014694214 -0.07301310449838638
0.5133342742919922 0.4992201328277588 -0.06112829968333244
0.561915934085846 0.5560879111289978 -0.06811565905809402
0.4886913597583771 0.5904327630996704 -0.07400196045637131
0.5141755938529968 0.5749540328979492 -0.05392779782414436
0.5482138991355896 0.552191436290741 -0.040509168058633804
0.5854252576828003 0.6143768429756165 -0.06401935964822769
0.5240623950958252 0.6292724609375 -0.06207545846700668
0.5463385581970215 0.6087951064109802 -0.04587133601307869
0.5764562487602234 0.5914714932441711 -0.03450942412018776
