Dominik_image_three_74.jpg
0.5837424993515015 0.9883564710617065 8.713460033504816e-07
0.5746289491653442 0.8961036205291748 -0.02275780774652958
0.5504338145256042 0.8132286667823792 -0.03815893083810806
0.5437285900115967 0.728481650352478 -0.047284338623285294
0.5568852424621582 0.6635327339172363 -0.0546608529984951
0.47312942147254944 0.8512462973594666 -0.05829395726323128
0.3915652632713318 0.7832683324813843 -0.06947819143533707
0.3492640554904938 0.7493157386779785 -0.06958481669425964
0.3191016614437103 0.720283567905426 -0.06615030020475388
0.449336439371109 0.9105893969535828 -0.04588700830936432
0.3576236367225647 0.8589380979537964 -0.056020405143499374
0.3095819056034088 0.8231544494628906 -0.053758442401885986
0.2803797125816345 0.7949288487434387 -0.04915901646018028
0.44198691844940186 0.9578649401664734 -0.03038467839360237
0.40947359800338745 0.8944805860519409 -0.03206388279795647
0.43290847539901733 0.885381817817688 -0.022278964519500732
0.45886683464050293 0.892047107219696 -0.010907678864896297
0.44136542081832886 0.9915581941604614 -0.016887586563825607
0.4289672374725342 0.9421387910842896 -0.011034266091883183
0.45019635558128357 0.9369674921035767 1.1693242413457483e-05
0.47078096866607666 0.9417006373405457 0.01165610272437334
