Dominik_image_four_1.jpg
0.5580534338951111 0.8460854887962341 6.980420153013256e-07
0.5784041881561279 0.7454641461372375 -0.005169504787772894
0.5778194665908813 0.6621178984642029 -0.010525869205594063
0.5938946008682251 0.5828077793121338 -0.014377444051206112
0.6152629852294922 0.5261324048042297 -0.018773457035422325
0.47171342372894287 0.6330368518829346 -0.0106184221804142
0.40997910499572754 0.553421676158905 -0.005610393360257149
0.37553220987319946 0.5140029788017273 -0.002284788526594639
0.3489932715892792 0.4847182631492615 -0.00046555057633668184
0.43466341495513916 0.6814495325088501 -0.010080728679895401
0.3589378595352173 0.6154537796974182 -0.003646968165412545
0.31694936752319336 0.5764710903167725 -0.0030137698631733656
0.2886062264442444 0.5486844778060913 -0.0034587339032441378
0.41356855630874634 0.7407263517379761 -0.008239430375397205
0.3473697304725647 0.6923484206199646 -0.009167945943772793
0.3072805106639862 0.6566492915153503 -0.022008607164025307
0.2818654179573059 0.6364665627479553 -0.031958043575286865
0.4082205891609192 0.7933828234672546 -0.00545120844617486
0.3971925377845764 0.7530174851417542 -0.0054255579598248005
0.41604673862457275 0.7474865913391113 -0.005693808197975159
0.43725600838661194 0.7497233748435974 -0.005695407744497061
