Dominik_image_zero_15.jpg
0.7017520070075989 0.394317090511322 -6.532615088872262e-07
0.6564370393753052 0.3176220953464508 -0.018192922696471214
0.650490939617157 0.23717337846755981 -0.026920773088932037
0.6589871644973755 0.18262659013271332 -0.035120829939842224
0.6740256547927856 0.1479249745607376 -0.03827245160937309
0.7398748993873596 0.17193537950515747 -0.0008404796826653183
0.6816551685333252 0.15999504923820496 -0.027937188744544983
0.665980875492096 0.21038052439689636 -0.04670388251543045
0.6718579530715942 0.23732218146324158 -0.057247236371040344
0.7611518502235413 0.1898912936449051 -0.004090909380465746
0.6849812865257263 0.18672649562358856 -0.03149900957942009
0.6726584434509277 0.23994408547878265 -0.03865538164973259
0.6838018298149109 0.26136910915374756 -0.03875476121902466
0.7688031792640686 0.22088484466075897 -0.01266065239906311
0.692823588848114 0.22530464828014374 -0.03912736475467682
0.6846672892570496 0.27262744307518005 -0.03432227298617363
0.6987060904502869 0.28721883893013 -0.026005849242210388
0.7670974135398865 0.2582535147666931 -0.024249544367194176
0.7030638456344604 0.27230358123779297 -0.042974986135959625
0.697414219379425 0.30383723974227905 -0.04254375398159027
0.7115365862846375 0.3099205791950226 -0.03732062131166458
0.7045065760612488 0.4304437041282654 -3.3986711400757486e-07
0.658380389213562 0.33213353157043457 -0.00968302320688963
0.6493421792984009 0.2546619474887848 -0.014870048500597477
0.65732741355896 0.1967397928237915 -0.021176576614379883
0.6721255779266357 0.15426990389823914 -0.02377951517701149
0.7298286557197571 0.19834919273853302 0.011109426617622375
0.6741549372673035 0.18132807314395905 -0.008165673352777958
0.6625353693962097 0.218221053481102 -0.02433868683874607
0.6671181321144104 0.24220407009124756 -0.03391779214143753
0.7502976059913635 0.20926399528980255 0.00765948323532939
0.6796280741691589 0.19699808955192566 -0.011895934119820595
0.6679548025131226 0.24177807569503784 -0.019525855779647827
0.6769193410873413 0.26421791315078735 -0.021535726264119148
0.7588551044464111 0.233194500207901 1.3030818990955595e-05
0.6896703243255615 0.234074205160141 -0.017018191516399384
0.6828542947769165 0.2747843861579895 -0.01235522236675024
0.694670557975769 0.29137447476387024 -0.006440944503992796
0.7593379020690918 0.26563936471939087 -0.0100801270455122
0.7024556398391724 0.275958776473999 -0.023521963506937027
0.6989678144454956 0.30627965927124023 -0.022795122116804123
0.7133486270904541 0.31447166204452515 -0.01848917081952095
