Dominik_image_five_27.jpg
0.7129989266395569 0.7348000407218933 2.904297957684321e-07
0.6536702513694763 0.6800022125244141 0.004939294885843992
0.6292732954025269 0.6123918294906616 0.0007653303910046816
0.6105353832244873 0.5704720616340637 -0.006794920656830072
0.5859294533729553 0.5391121506690979 -0.016359854489564896
0.6517192721366882 0.5461871027946472 -0.014789259992539883
0.6277504563331604 0.4660269618034363 -0.03573952987790108
0.605021059513092 0.416794091463089 -0.04879011586308479
0.583291232585907 0.37779372930526733 -0.058910585939884186
0.6696176528930664 0.5534214377403259 -0.033928584307432175
0.6577449440956116 0.4571627378463745 -0.05726374685764313
0.6463282108306885 0.3960655927658081 -0.07398790866136551
0.6338827610015869 0.34394320845603943 -0.08618830889463425
0.6830543875694275 0.579785168170929 -0.0532320998609066
0.6742292642593384 0.49580615758895874 -0.07854040712118149
0.6631157398223877 0.4424539804458618 -0.09654224663972855
0.650521457195282 0.39475664496421814 -0.10925900936126709
0.6905802488327026 0.6207743883132935 -0.0712098553776741
0.6844058036804199 0.5756588578224182 -0.09561251848936081
0.6728804707527161 0.5418545007705688 -0.1095220223069191
0.6606722474098206 0.5096080899238586 -0.12010526657104492
