Dominik_image_five_28.jpg
0.6928060054779053 0.7343913912773132 3.818342406702868e-07
0.639674186706543 0.6984643340110779 -0.009057635441422462
0.5991716980934143 0.6417648196220398 -0.016620803624391556
0.5669917464256287 0.6065386533737183 -0.025369644165039062
0.5359789133071899 0.589207649230957 -0.03550777956843376
0.6298216581344604 0.5408360362052917 -0.011584077961742878
0.6062027812004089 0.46919870376586914 -0.02879370003938675
0.5888415575027466 0.4256369173526764 -0.0428948700428009
0.5726104974746704 0.3882409334182739 -0.053667373955249786
0.6565930843353271 0.5364745855331421 -0.022478671744465828
0.6497196555137634 0.44641709327697754 -0.037043094635009766
0.6426966190338135 0.3882148265838623 -0.050545092672109604
0.635715126991272 0.3402614891529083 -0.06068384647369385
0.6810599565505981 0.5531051158905029 -0.03563874587416649
0.6808232665061951 0.474549263715744 -0.05239366739988327
0.6755703687667847 0.4232948124408722 -0.06549841910600662
0.6690294146537781 0.37849485874176025 -0.07522635161876678
0.7019099593162537 0.586495041847229 -0.04962548241019249
0.7132202386856079 0.5367968082427979 -0.06560252606868744
0.717035710811615 0.5019078850746155 -0.07293673604726791
0.7188736796379089 0.46880239248275757 -0.07841378450393677
