Dominik_image_one_3.jpg
0.6636189818382263 0.742893636226654 -1.4963350736252323e-07
0.608173668384552 0.660404622554779 0.0016646169824525714
0.5814149379730225 0.5856705904006958 -0.037582799792289734
0.5833572149276733 0.5265238881111145 -0.07420378178358078
0.6006282567977905 0.46074920892715454 -0.11259040981531143
0.6023476123809814 0.6072375178337097 -0.13872277736663818
0.523213267326355 0.6462125182151794 -0.15745285153388977
0.5401701927185059 0.669744610786438 -0.13671466708183289
0.5671968460083008 0.6615707874298096 -0.12206272780895233
0.6225373148918152 0.6645685434341431 -0.15570077300071716
0.5337288975715637 0.703650712966919 -0.16625110805034637
0.5569464564323425 0.7134381532669067 -0.12522253394126892
0.5831140279769897 0.7058253288269043 -0.10513053834438324
0.6349175572395325 0.7214905619621277 -0.16516941785812378
0.5540715456008911 0.7555029392242432 -0.16532622277736664
0.5777856111526489 0.7602418661117554 -0.12291660159826279
0.6069173216819763 0.7533767223358154 -0.10652869939804077
0.6431249976158142 0.7686042189598083 -0.1737086921930313
0.5761144757270813 0.7916713953018188 -0.1766071766614914
0.5951011776924133 0.7846534252166748 -0.15806032717227936
0.6235462427139282 0.7784764170646667 -0.15087318420410156
