Dominik_image_five_9.jpg
0.6444903016090393 0.7118700742721558 3.816301443748671e-07
0.6857250928878784 0.6551003456115723 -0.0041881948709487915
0.7104501724243164 0.5992841720581055 -0.01437202375382185
0.7314856052398682 0.5468413829803467 -0.02365190163254738
0.7547374963760376 0.5143240094184875 -0.0340525321662426
0.6529229879379272 0.5433434844017029 -0.02971341274678707
0.6420813202857971 0.45740196108818054 -0.040956761687994
0.6334546804428101 0.40821507573127747 -0.045666325837373734
0.6265493035316467 0.3700740337371826 -0.04920617863535881
0.6184472441673279 0.553534984588623 -0.03510415554046631
0.5939949750900269 0.4620605409145355 -0.05048362910747528
0.5773686170578003 0.40714821219444275 -0.05885440856218338
0.5652814507484436 0.36754047870635986 -0.06452374905347824
0.5897989869117737 0.5759488940238953 -0.03858314827084541
0.5623070597648621 0.4963874816894531 -0.053018148988485336
0.5466390252113342 0.4463251233100891 -0.0626690685749054
0.5353094339370728 0.4095424711704254 -0.0686303973197937
0.5686638355255127 0.604461669921875 -0.04088039696216583
0.5333182215690613 0.5530368089675903 -0.054675713181495667
0.511569082736969 0.5230537056922913 -0.061351094394922256
0.4921724796295166 0.4962605834007263 -0.06463521718978882
0.6337863206863403 0.6556302905082703 7.495633553844527e-07
0.6776514053344727 0.6294892430305481 -0.04005614295601845
0.7037761211395264 0.5953488945960999 -0.0693419948220253
0.7230582237243652 0.5607939958572388 -0.09039004892110825
0.7364498972892761 0.5268436670303345 -0.112408846616745
0.6511436104774475 0.5370566248893738 -0.07568060606718063
0.6413382291793823 0.46325984597206116 -0.10057499259710312
0.6325398683547974 0.41279664635658264 -0.11470114439725876
0.624643087387085 0.3749237060546875 -0.12327951937913895
0.6167938113212585 0.5486227869987488 -0.0653858408331871
0.5979523062705994 0.4794139266014099 -0.08725947141647339
0.5814160108566284 0.4279998242855072 -0.09887484461069107
0.5687726736068726 0.38970544934272766 -0.10664397478103638
0.5883784890174866 0.5677335262298584 -0.05565912649035454
0.5622122883796692 0.5021215677261353 -0.0771806612610817
0.5462864637374878 0.4546654224395752 -0.09131361544132233
0.5360074639320374 0.41744422912597656 -0.09993603080511093
0.5699254870414734 0.5898361206054688 -0.04713248834013939
0.5477601289749146 0.5470678210258484 -0.06560904532670975
0.5337194204330444 0.5192794799804688 -0.07491329312324524
0.5253106355667114 0.49558866024017334 -0.08037868142127991
