Dominik_image_four_85.jpg
0.7231703996658325 0.7054657936096191 5.485539418259577e-07
0.7173862457275391 0.6087725758552551 0.005420598667114973
0.6974799036979675 0.5221059918403625 -0.0029391224961727858
0.7005050778388977 0.44157299399375916 -0.01164393499493599
0.7190861701965332 0.38315480947494507 -0.0234463382512331
0.6253899931907654 0.5048965811729431 -0.029727883636951447
0.5404006242752075 0.4476430416107178 -0.04109397530555725
0.4908495545387268 0.4231729507446289 -0.045046258717775345
0.45257484912872314 0.40275394916534424 -0.04669702798128128
0.6013953685760498 0.5522196888923645 -0.039927687495946884
0.5016767382621765 0.5021331310272217 -0.057878024876117706
0.4434507489204407 0.4759129285812378 -0.06568726152181625
0.4017135202884674 0.4526294469833374 -0.06886202841997147
0.5857136845588684 0.6125972270965576 -0.045616187155246735
0.49267512559890747 0.5752811431884766 -0.06514564156532288
0.4486468434333801 0.5579783916473389 -0.06936464458703995
0.41896823048591614 0.5435287356376648 -0.06843822449445724
0.5805371999740601 0.6774840354919434 -0.04827906936407089
0.5213737487792969 0.6376814246177673 -0.05761124938726425
0.5360528826713562 0.6403230428695679 -0.0452580451965332
0.5557169318199158 0.646680474281311 -0.03298136591911316
