Dominik_image_zero_87.jpg
0.8215657472610474 0.7157849669456482 -4.36019632843454e-07
0.8220775723457336 0.6447367668151855 0.005168943200260401
0.8119765520095825 0.5591589212417603 -0.000909246678929776
0.7933832406997681 0.4968600869178772 -0.00871739536523819
0.7745690941810608 0.47280293703079224 -0.014468257315456867
0.8333985805511475 0.5081310272216797 -0.020892636850476265
0.756519079208374 0.48319193720817566 -0.04188604652881622
0.7625992298126221 0.5201069116592407 -0.04819004237651825
0.7831159830093384 0.5254636406898499 -0.050825126469135284
0.8251711130142212 0.5387997627258301 -0.03383558243513107
0.7398114204406738 0.5165950059890747 -0.05414140969514847
0.7524585723876953 0.5489259958267212 -0.049190863966941833
0.7771878838539124 0.5537984371185303 -0.045515187084674835
0.8109502196311951 0.5758854150772095 -0.04700114578008652
0.7313143610954285 0.554675817489624 -0.06278040260076523
0.7435958981513977 0.5856819748878479 -0.047196269035339355
0.7690675854682922 0.5929574966430664 -0.036589182913303375
0.7945274114608765 0.6156185269355774 -0.060265857726335526
0.7325926423072815 0.5975406169891357 -0.07061989605426788
0.7410095930099487 0.6210975646972656 -0.0631379634141922
0.7634527087211609 0.6266229152679443 -0.056962333619594574
