Dominik_image_one_74.jpg
0.751854658126831 0.6633062362670898 -7.51654567920923e-07
0.714248776435852 0.5879052877426147 -0.04122229292988777
0.6989774703979492 0.5059154629707336 -0.0742562934756279
0.6963198781013489 0.4416424334049225 -0.10099522769451141
0.6932729482650757 0.3881775438785553 -0.12276923656463623
0.8085803985595703 0.49711287021636963 -0.08519186079502106
0.7326862812042236 0.557702362537384 -0.11797725409269333
0.7114366292953491 0.5842282176017761 -0.127631276845932
0.7250480651855469 0.5845467448234558 -0.13533015549182892
0.8496090769767761 0.5508568286895752 -0.08273723721504211
0.7544710636138916 0.6229405403137207 -0.10969047993421555
0.7295656800270081 0.635216236114502 -0.10818667709827423
0.741115152835846 0.6340976357460022 -0.1127048060297966
0.8738606572151184 0.6128239035606384 -0.0819193571805954
0.7784229516983032 0.6818639039993286 -0.11071601510047913
0.7510215044021606 0.6801314353942871 -0.10355856269598007
0.7635993957519531 0.6720244288444519 -0.10200035572052002
0.8878313899040222 0.6798704862594604 -0.08580269664525986
0.8094620108604431 0.7332059741020203 -0.10631819069385529
0.7778854370117188 0.7221579551696777 -0.10685612261295319
0.7830477356910706 0.7031052112579346 -0.10930029302835464
