Dominik_image_one_42.jpg
0.7416393160820007 0.7255402207374573 -7.508077715101535e-07
0.7086192965507507 0.6608757972717285 -0.026482705026865005
0.691540002822876 0.565179169178009 -0.04098914563655853
0.6657941937446594 0.5008821487426758 -0.05530831590294838
0.634069561958313 0.4628676772117615 -0.06589523702859879
0.7774001359939575 0.5187495350837708 -0.01684817299246788
0.8045464754104614 0.5051630735397339 -0.0516667403280735
0.7727853655815125 0.5461580753326416 -0.07054116576910019
0.7533233165740967 0.5616714954376221 -0.08012735843658447
0.8123201131820679 0.5558340549468994 -0.019593875855207443
0.8390711545944214 0.547602653503418 -0.057240843772888184
0.7923713326454163 0.5946260094642639 -0.06706555187702179
0.7747856378555298 0.5981152653694153 -0.06818784773349762
0.8406930565834045 0.596927285194397 -0.027897724881768227
0.8620879650115967 0.5900699496269226 -0.06680823862552643
0.8138486742973328 0.6337006092071533 -0.061480388045310974
0.7935577034950256 0.6372717618942261 -0.050513189285993576
0.8639085292816162 0.6409587860107422 -0.03826960548758507
0.877616286277771 0.6317359805107117 -0.06072466820478439
0.8396167755126953 0.6612456440925598 -0.05304712429642677
0.8180962800979614 0.6638799905776978 -0.04346020892262459
0.7687901258468628 0.7491939663887024 4.412853371604797e-08
0.7350341081619263 0.6590982675552368 -0.014559461735188961
0.6996935606002808 0.5722501873970032 -0.00824132189154625
0.668637752532959 0.5114463567733765 -0.001428560703061521
0.6384682059288025 0.4656720757484436 0.006310501601547003
0.7204692363739014 0.5725553035736084 0.04241030663251877
0.7179591655731201 0.5269190669059753 0.05572081729769707
0.7190073132514954 0.5144268274307251 0.05499944090843201
0.7138862609863281 0.5102868676185608 0.051845237612724304
0.7369176149368286 0.6015939712524414 0.05075044929981232
0.7350937128067017 0.5639029741287231 0.06903832405805588
0.739248514175415 0.553888738155365 0.06196817755699158
0.740912675857544 0.5507281422615051 0.05180182680487633
0.7519644498825073 0.628762423992157 0.05444622412323952
0.7505967617034912 0.5961888432502747 0.0689888447523117
0.7568360567092896 0.5859166383743286 0.062446966767311096
0.7587072849273682 0.5796149373054504 0.05314644053578377
0.7669744491577148 0.6500629186630249 0.056174106895923615
0.7660690546035767 0.6191001534461975 0.06941303610801697
0.769873321056366 0.6083711385726929 0.07189728319644928
0.7719834446907043 0.6024816632270813 0.07025610655546188
