Dominik_image_three_98.jpg
0.8089059591293335 0.7702102065086365 9.524399047222687e-07
0.7496165037155151 0.7655171751976013 -0.025713931769132614
0.6815357208251953 0.7284257411956787 -0.051155030727386475
0.6150507926940918 0.7221450805664062 -0.07755900919437408
0.5621387958526611 0.7298746109008789 -0.10499921441078186
0.7127323746681213 0.5774363875389099 -0.05564626678824425
0.6878730654716492 0.4695442318916321 -0.08836506307125092
0.6715415120124817 0.39766812324523926 -0.10832399129867554
0.6560920476913452 0.33728545904159546 -0.12226361036300659
0.7637038826942444 0.5593509078025818 -0.0678892731666565
0.7571117877960205 0.44696706533432007 -0.10201152414083481
0.7522205710411072 0.3671930432319641 -0.12421652674674988
0.7491954565048218 0.2966462969779968 -0.13542990386486053
0.8148654103279114 0.5762810707092285 -0.07950173318386078
0.7972253561019897 0.5933443307876587 -0.11490108072757721
0.7786232233047485 0.6717833876609802 -0.11449151486158371
0.7681005001068115 0.7211217880249023 -0.10466393083333969
0.8589709401130676 0.6171733736991882 -0.09353596717119217
0.8376649022102356 0.6622198224067688 -0.12345026433467865
0.8203903436660767 0.7229831218719482 -0.11596241593360901
0.8089433908462524 0.7625297904014587 -0.10192187875509262
