Dominik_image_two_9.jpg
0.7957652807235718 0.7191468477249146 -6.0494107856357e-07
0.8025702238082886 0.6185230016708374 0.05544314160943031
0.7824128270149231 0.5359094738960266 0.07693538069725037
0.764942467212677 0.4634610414505005 0.09492559731006622
0.7738478183746338 0.41306260228157043 0.11256232857704163
0.7413942217826843 0.46576058864593506 0.0006706227432005107
0.6521914005279541 0.39973509311676025 -0.016363419592380524
0.5956138372421265 0.3698307275772095 -0.031582266092300415
0.5528883934020996 0.3483189344406128 -0.039568137377500534
0.7149723768234253 0.5105772614479065 -0.014738026075065136
0.6333851218223572 0.4815543591976166 -0.004906371235847473
0.653923511505127 0.5185254812240601 0.01846006140112877
0.6847983598709106 0.5403820276260376 0.030251827090978622
0.6851978898048401 0.5661678910255432 -0.024743974208831787
0.6264529228210449 0.5380008816719055 -0.0117575628682971
0.6448882818222046 0.5730034112930298 0.012894781306385994
0.6721354126930237 0.5942610502243042 0.024829233065247536
0.6569846868515015 0.6213895678520203 -0.028821974992752075
0.6230693459510803 0.5900833606719971 -0.006911093834787607
0.6441811323165894 0.6207995414733887 0.018211625516414642
0.6656795740127563 0.6407926678657532 0.03256035968661308
