Dominik_image_zero_17.jpg
0.6991071105003357 0.47779786586761475 -5.750457034991996e-07
0.6411515474319458 0.4508971571922302 -0.027050448581576347
0.6013466119766235 0.39470499753952026 -0.03999101370573044
0.5891058444976807 0.34009283781051636 -0.0493294782936573
0.6029197573661804 0.3122992515563965 -0.051375363022089005
0.6369048357009888 0.31748348474502563 -0.022491829469799995
0.6272742748260498 0.28948915004730225 -0.046630240976810455
0.6248690485954285 0.3526778817176819 -0.0533432774245739
0.6339095830917358 0.3534568250179291 -0.057055603712797165
0.6707414388656616 0.32648029923439026 -0.017661012709140778
0.6592121124267578 0.2926400601863861 -0.043390002101659775
0.6507188081741333 0.3680316209793091 -0.03868637979030609
0.6597996354103088 0.36459577083587646 -0.031073547899723053
0.7026315331459045 0.3373294472694397 -0.017814060673117638
0.6895179152488708 0.309231162071228 -0.04285934939980507
0.6771932244300842 0.38077569007873535 -0.025665221735835075
0.6883547306060791 0.3797205090522766 -0.009696261025965214
0.731166422367096 0.35034626722335815 -0.020530790090560913
0.7172914147377014 0.33465880155563354 -0.031147461384534836
0.7058961391448975 0.3816555440425873 -0.01967090182006359
0.7160195708274841 0.38422754406929016 -0.009510383009910583
