Dominik_image_one_53.jpg
0.7520773410797119 0.7421656250953674 -5.249826244835276e-07
0.7203435897827148 0.6702324151992798 -0.032574817538261414
0.7032912969589233 0.5721933841705322 -0.048566099256277084
0.6745688319206238 0.505721390247345 -0.06298793852329254
0.6370765566825867 0.47019511461257935 -0.07235386222600937
0.7855658531188965 0.5171365737915039 -0.014789476059377193
0.8281698226928711 0.5119040608406067 -0.04805551469326019
0.7921597361564636 0.5568827986717224 -0.06357786804437637
0.7693800926208496 0.5691350698471069 -0.0703151524066925
0.822648286819458 0.555616021156311 -0.012188611552119255
0.8594198226928711 0.5534096956253052 -0.049952711910009384
0.8076785802841187 0.6022886037826538 -0.05708850920200348
0.7869368195533752 0.60224449634552 -0.054430875927209854
0.851327657699585 0.5975570678710938 -0.01618213765323162
0.8807331919670105 0.5981748700141907 -0.056470707058906555
0.8273679614067078 0.6416109204292297 -0.0510171540081501
0.8026849031448364 0.6428681015968323 -0.03790358453989029
0.8737077713012695 0.6402068734169006 -0.022273065522313118
0.890353798866272 0.636573314666748 -0.04484773427248001
0.850196897983551 0.6665984988212585 -0.038030367344617844
0.827678382396698 0.6672089695930481 -0.027808140963315964
