Dominik_image_spock_7.jpg
0.6502285003662109 0.7307385802268982 3.4536469684098847e-07
0.5807800889015198 0.6853983998298645 0.005949599202722311
0.5489861965179443 0.6335011124610901 0.00858842022716999
0.529042661190033 0.5977025032043457 0.007259801495820284
0.5083850622177124 0.5799078345298767 0.004880087450146675
0.5604653358459473 0.5776541233062744 0.019274232909083366
0.5495930910110474 0.527113676071167 0.015077480114996433
0.5424982309341431 0.49508559703826904 0.006437181029468775
0.5354223847389221 0.4645494222640991 -0.001493958756327629
0.5738649368286133 0.5734832286834717 0.008406369015574455
0.5654592514038086 0.5173441767692566 0.004304646048694849
0.5576262474060059 0.48204296827316284 -0.006489601917564869
0.5520957112312317 0.44815003871917725 -0.01566631719470024
0.5901833176612854 0.5802939534187317 -0.003993577789515257
0.5861244797706604 0.5273853540420532 -0.009995353408157825
0.5782850980758667 0.48879027366638184 -0.02004363015294075
0.5718060731887817 0.4531775116920471 -0.02851138450205326
0.6067653298377991 0.5989454388618469 -0.016424238681793213
0.6021850109100342 0.5558531284332275 -0.021668091416358948
0.5953110456466675 0.526512622833252 -0.026369011029601097
0.5904499292373657 0.49876663088798523 -0.030963486060500145
