Dominik_image_five_59.jpg
0.7150603532791138 0.8357770442962646 3.7167035316088004e-07
0.7554703950881958 0.7603864669799805 0.0030007183086127043
0.7761397957801819 0.6861176490783691 -0.003814567346125841
0.7896164059638977 0.6201651096343994 -0.010516940616071224
0.8009369373321533 0.5728585720062256 -0.018747888505458832
0.7288144826889038 0.6353100538253784 -0.03334217146039009
0.7135757803916931 0.5310074090957642 -0.0482771061360836
0.7014424800872803 0.469402551651001 -0.05352947115898132
0.6914393305778503 0.42283302545547485 -0.056556347757577896
0.6909347772598267 0.6495569944381714 -0.04265356808900833
0.6593045592308044 0.5407143831253052 -0.06289874762296677
0.6388124227523804 0.4738614559173584 -0.07238714396953583
0.6243733763694763 0.42498883605003357 -0.07819799333810806
0.6566797494888306 0.6760119199752808 -0.04892483726143837
0.6195377111434937 0.5810801386833191 -0.06626655161380768
0.5970134735107422 0.5207417607307434 -0.07528072595596313
0.5821672677993774 0.4760262966156006 -0.08029010146856308
0.6286079287528992 0.7114124894142151 -0.053130872547626495
0.5862082242965698 0.6452441811561584 -0.06893723458051682
0.5606115460395813 0.6069214344024658 -0.07540290057659149
0.5399569272994995 0.572671115398407 -0.07780348509550095
