Dominik_image_one_63.jpg
0.7465411424636841 0.5220136046409607 -3.82136164489566e-07
0.7157180309295654 0.42708709836006165 -0.010466926731169224
0.7071526050567627 0.3225286602973938 -0.02540172077715397
0.7230497598648071 0.2450961470603943 -0.038740672171115875
0.7516968846321106 0.19456447660923004 -0.05070093274116516
0.7259098887443542 0.31081056594848633 -0.04284311458468437
0.6327258944511414 0.32679373025894165 -0.0691613033413887
0.6468823552131653 0.35705289244651794 -0.07855699211359024
0.6751894950866699 0.3526107370853424 -0.0827215313911438
0.7330396771430969 0.36185091733932495 -0.05018654465675354
0.62991863489151 0.3803877532482147 -0.07292734831571579
0.6528306603431702 0.3955284655094147 -0.07091860473155975
0.6795647740364075 0.39132198691368103 -0.07068359851837158
0.7334561347961426 0.41584110260009766 -0.05844897776842117
0.63860023021698 0.42545244097709656 -0.0793817937374115
0.6572348475456238 0.4380399286746979 -0.06980828940868378
0.6842672824859619 0.4334719479084015 -0.06314507871866226
0.7280689477920532 0.46854692697525024 -0.06724224239587784
0.6515002846717834 0.466766893863678 -0.0817292183637619
0.6689081192016602 0.47286540269851685 -0.07805892825126648
0.6986104846000671 0.47137171030044556 -0.07393249869346619
