Dominik_image_one_27.jpg
0.34091854095458984 0.6730019450187683 6.708438604619005e-08
0.3124537467956543 0.585939884185791 0.007280823774635792
0.28209611773490906 0.523328423500061 0.001768493908457458
0.2650737762451172 0.45662474632263184 -0.005993701983243227
0.2700757384300232 0.3990425765514374 -0.01420307345688343
0.19147294759750366 0.5613246560096741 -0.0013349076034501195
0.1556212306022644 0.5887207984924316 0.007920573465526104
0.18233832716941833 0.597274899482727 0.011323797516524792
0.20496363937854767 0.5931020379066467 0.011705308221280575
0.1847899854183197 0.6190543174743652 -0.005869071464985609
0.16586875915527344 0.6358491778373718 0.011945010162889957
0.18990695476531982 0.6398206353187561 0.017287595197558403
0.21198320388793945 0.6345734000205994 0.015342160128057003
0.19288906455039978 0.6759089231491089 -0.007364635355770588
0.18495412170886993 0.6764034032821655 0.012011031620204449
0.20442594587802887 0.6768508553504944 0.017930729314684868
0.22606395184993744 0.673680305480957 0.01545642875134945
0.2043851912021637 0.7240840196609497 -0.008712940849363804
0.20242896676063538 0.7188953161239624 0.00765861663967371
0.22295664250850677 0.7174551486968994 0.018416495993733406
0.24147897958755493 0.7125169634819031 0.024360690265893936
