Dominik_image_two_68.jpg
0.6585962176322937 0.9413940906524658 3.6151843119114346e-07
0.69395512342453 0.8324840068817139 -0.01565498113632202
0.7244090437889099 0.7367473840713501 -0.04053841531276703
0.7762010097503662 0.6600000262260437 -0.0631227120757103
0.8296012878417969 0.6157696843147278 -0.08648813515901566
0.633462131023407 0.6908204555511475 -0.06120354309678078
0.5609011650085449 0.5756542682647705 -0.07807701081037521
0.521886944770813 0.5137316584587097 -0.08371658623218536
0.4877825975418091 0.46988609433174133 -0.08712130039930344
0.5801225900650024 0.7272193431854248 -0.05832593888044357
0.5520855188369751 0.6259331703186035 -0.06579194962978363
0.5801212191581726 0.6403460502624512 -0.051716748625040054
0.603655219078064 0.6766647100448608 -0.04320455715060234
0.5396878123283386 0.77249675989151 -0.05367003753781319
0.5317667722702026 0.6741158366203308 -0.055004511028528214
0.5540484189987183 0.6943630576133728 -0.037433553487062454
0.5697800517082214 0.7333788871765137 -0.027863726019859314
0.5083757638931274 0.8085094690322876 -0.0503157414495945
0.5103915333747864 0.7249696254730225 -0.04672430828213692
0.5335338115692139 0.7408513426780701 -0.032390546053647995
0.547102153301239 0.7722769975662231 -0.02292969822883606
