Dominik_image_zero_77.jpg
0.6044750809669495 0.650282621383667 -1.4690995442379062e-07
0.6236251592636108 0.5801844000816345 0.010564315132796764
0.6175574660301208 0.5078923106193542 0.013389668427407742
0.5940106511116028 0.4489997625350952 0.01609445922076702
0.5629187822341919 0.4445880055427551 0.018167762085795403
0.5810419321060181 0.48331353068351746 -0.0028384816832840443
0.5382757186889648 0.4635121822357178 0.0034829438664019108
0.54668128490448 0.4855489134788513 0.007400941103696823
0.5609849691390991 0.49643585085868835 0.009224636480212212
0.5547561049461365 0.5116801261901855 -0.0065729194320738316
0.5226113796234131 0.49313294887542725 0.00635400228202343
0.5310259461402893 0.5131638050079346 0.01341122854501009
0.5434321761131287 0.524819016456604 0.013961049728095531
0.532703161239624 0.5450599789619446 -0.007350125350058079
0.511687695980072 0.5284017324447632 0.007136666215956211
0.5199713706970215 0.5439436435699463 0.01547133456915617
0.5314160585403442 0.5552833676338196 0.015290350653231144
0.5146718621253967 0.5785056352615356 -0.007172038313001394
0.5060126781463623 0.5595240592956543 0.006374870426952839
0.5142713189125061 0.5759814977645874 0.016801200807094574
0.5229423642158508 0.5877057909965515 0.021585026755928993
