Dominik_image_zero_73.jpg
0.6124192476272583 0.7032989263534546 -5.789593728877662e-07
0.5724191665649414 0.644810140132904 0.00796719454228878
0.5508185029029846 0.584309995174408 0.004319382831454277
0.5350388884544373 0.5416411757469177 -0.002859742846339941
0.5240450501441956 0.511543333530426 -0.007532245479524136
0.5954861640930176 0.5045511722564697 0.003822334809228778
0.5205714106559753 0.500237226486206 -0.014463571831583977
0.5185287594795227 0.5431902408599854 -0.02686867117881775
0.5342018008232117 0.5595297813415527 -0.03444262221455574
0.5956559181213379 0.5113502740859985 -0.008466978557407856
0.5098925828933716 0.5277398228645325 -0.024891261011362076
0.51871258020401 0.5700910091400146 -0.027501393109560013
0.5400614142417908 0.578615128993988 -0.029040032997727394
0.5883938074111938 0.5302430987358093 -0.021956108510494232
0.5086907148361206 0.5571702718734741 -0.032613176852464676
0.5212595462799072 0.5975609421730042 -0.0256330668926239
0.5428604483604431 0.6017909646034241 -0.022117728367447853
0.5770753622055054 0.5570127964019775 -0.03619517758488655
0.5162051916122437 0.5895087122917175 -0.04526154696941376
0.5250157117843628 0.6212578415870667 -0.04378579184412956
0.5432702302932739 0.6240216493606567 -0.041925325989723206
