Dominik_image_three_41.jpg
0.5216758847236633 0.6436651945114136 6.095801836636383e-07
0.45784634351730347 0.6398764848709106 -0.02091115713119507
0.37835150957107544 0.6031513810157776 -0.036949992179870605
0.3156944811344147 0.5929591059684753 -0.054764073342084885
0.2637997567653656 0.5982224941253662 -0.07310548424720764
0.395021915435791 0.4639478325843811 -0.03148023039102554
0.3508014678955078 0.375562846660614 -0.05944741144776344
0.3194957673549652 0.32013964653015137 -0.07483980059623718
0.2921738624572754 0.2727327346801758 -0.08267401158809662
0.433442085981369 0.4369909167289734 -0.040444113314151764
0.39387932419776917 0.3402385115623474 -0.07127958536148071
0.36349013447761536 0.27746641635894775 -0.08856715261936188
0.3388599455356598 0.2238636612892151 -0.09391583502292633
0.4780745506286621 0.433136522769928 -0.050573814660310745
0.4442250728607178 0.46180400252342224 -0.08957277238368988
0.44678357243537903 0.5399888157844543 -0.09432928264141083
0.45707330107688904 0.5931181311607361 -0.0841292291879654
0.5176803469657898 0.44879692792892456 -0.06200719624757767
0.48663783073425293 0.5000912547111511 -0.0882493257522583
0.4858555793762207 0.5635318160057068 -0.08347924798727036
0.49435123801231384 0.602078914642334 -0.07125429809093475
0.5233009457588196 0.6507042050361633 3.188117716490524e-07
0.47666335105895996 0.6584368944168091 -0.02298717573285103
0.4061165153980255 0.618505597114563 -0.029372405260801315
0.35880720615386963 0.5940601229667664 -0.03437606617808342
0.32683661580085754 0.5887348055839539 -0.03874712064862251
0.4249289333820343 0.5160362124443054 -0.00826185755431652
0.4070203900337219 0.48924440145492554 -0.020463820546865463
0.39185136556625366 0.46717894077301025 -0.032956574112176895
0.37551915645599365 0.4423350393772125 -0.045395247638225555
0.4530637860298157 0.47968554496765137 -0.01007910631597042
0.4266110360622406 0.46085330843925476 -0.026781903579831123
0.40430164337158203 0.4430960416793823 -0.04413306340575218
0.3833964765071869 0.4208030700683594 -0.05689467862248421
0.48831549286842346 0.4626481533050537 -0.014549801126122475
0.45201247930526733 0.4658640921115875 -0.04538367688655853
0.45468056201934814 0.5354941487312317 -0.05396183207631111
0.46243804693222046 0.5896487236022949 -0.05331819877028465
0.5248874425888062 0.4618809223175049 -0.02052915282547474
0.49174875020980835 0.5012391805648804 -0.054684121161699295
0.4914807677268982 0.5582608580589294 -0.06445178389549255
0.49898460507392883 0.6001763939857483 -0.06519967317581177
