Dominik_image_one_96.jpg
0.7423199415206909 0.6601513624191284 -1.9380072657781966e-08
0.6914003491401672 0.5689811110496521 0.01739889197051525
0.663132905960083 0.49671655893325806 -0.020430929958820343
0.6707843542098999 0.4402393698692322 -0.05637281760573387
0.6919772624969482 0.37297773361206055 -0.09619531780481339
0.6609792709350586 0.5226192474365234 -0.13883404433727264
0.5854712128639221 0.545642614364624 -0.13358138501644135
0.6037529706954956 0.5681401491165161 -0.09330806136131287
0.6289583444595337 0.5677881240844727 -0.06787321716547012
0.6738563776016235 0.5827545523643494 -0.15898847579956055
0.5875486135482788 0.5961644053459167 -0.14313727617263794
0.6190284490585327 0.6131540536880493 -0.08443032205104828
0.6486485004425049 0.612791895866394 -0.055053096264600754
0.6805548667907715 0.6381379961967468 -0.16788078844547272
0.607208788394928 0.6441592574119568 -0.1390002816915512
0.638498842716217 0.6528353095054626 -0.08559565246105194
0.6674056649208069 0.6549754738807678 -0.06842437386512756
0.683959424495697 0.6828286051750183 -0.1749270111322403
0.6277740597724915 0.690664529800415 -0.15751639008522034
0.6472545266151428 0.6839656829833984 -0.13052250444889069
0.6698896884918213 0.684869647026062 -0.12185876071453094
