Dominik_image_two_83.jpg
0.7661252617835999 0.9189823865890503 -7.162353199419158e-08
0.7026512622833252 0.8628707528114319 -0.03191862255334854
0.6425483822822571 0.7786250710487366 -0.05970142036676407
0.5793598294258118 0.7395058870315552 -0.08898894488811493
0.5206685662269592 0.7310932874679565 -0.11862780898809433
0.7282075881958008 0.6221871972084045 -0.051121506839990616
0.7750216126441956 0.5261595249176025 -0.0871429443359375
0.8132873773574829 0.46331965923309326 -0.10995393991470337
0.8498015403747559 0.4087841212749481 -0.12740649282932281
0.793353259563446 0.6240828633308411 -0.055924780666828156
0.7705395221710205 0.7072077989578247 -0.10054142028093338
0.7362402081489563 0.765762448310852 -0.10939016193151474
0.7281473278999329 0.7700486779212952 -0.11041422933340073
0.8453617095947266 0.6718639731407166 -0.06431315094232559
0.8096752166748047 0.7719439268112183 -0.10325209051370621
0.7799798250198364 0.8146690130233765 -0.0953567698597908
0.7749242782592773 0.8054414987564087 -0.0850583091378212
0.8882026672363281 0.7312056422233582 -0.07683014869689941
0.8556052446365356 0.8090065717697144 -0.10109494626522064
0.8200917840003967 0.843254804611206 -0.09371945261955261
0.8039425611495972 0.8381255865097046 -0.08306123316287994
