Dominik_image_zero_75.jpg
0.6090705394744873 0.6530418395996094 -1.702220089327966e-07
0.6285842061042786 0.5833850502967834 0.01005798764526844
0.6213017702102661 0.5105538368225098 0.013606849126517773
0.5989121198654175 0.45094144344329834 0.01632469892501831
0.5683133006095886 0.4436521530151367 0.018423572182655334
0.5873902440071106 0.4819675385951996 0.001887363032437861
0.5447843074798584 0.46057814359664917 0.00579813914373517
0.5524067282676697 0.4832099676132202 0.006497700698673725
0.5671094059944153 0.49593865871429443 0.006316508632153273
0.5609833598136902 0.5077880620956421 -0.0021447031758725643
0.5278149843215942 0.4917229413986206 0.008567995391786098
0.5350760221481323 0.5105887055397034 0.013367674313485622
0.5478944778442383 0.5218773484230042 0.012735908851027489
0.5380141139030457 0.5394464135169983 -0.0039927470497787
0.5161861777305603 0.5254785418510437 0.0075542922131717205
0.5242273807525635 0.5410453081130981 0.01429006177932024
0.5357457995414734 0.5525857210159302 0.013921434059739113
0.5183166861534119 0.5713091492652893 -0.005112170707434416
0.5091987252235413 0.553099513053894 0.005608439911156893
0.5171461701393127 0.5706256628036499 0.014805730432271957
0.525946855545044 0.5830289125442505 0.019414769485592842
