Dominik_image_three_82.jpg
0.7688982486724854 0.724132776260376 3.697113299949706e-07
0.7893227934837341 0.6609417200088501 0.016214603558182716
0.7957295775413513 0.597670316696167 0.02202155813574791
0.8067686557769775 0.5484726428985596 0.024865547195076942
0.8278921842575073 0.5221251249313354 0.02871032990515232
0.7568110227584839 0.541314959526062 0.0043060970492661
0.7195069193840027 0.4574049115180969 0.007401284296065569
0.6952130198478699 0.4155218005180359 0.014107950031757355
0.6787813305854797 0.3843691945075989 0.020249009132385254
0.7247418761253357 0.5575153827667236 -0.002452653832733631
0.6711955070495605 0.4863671064376831 -0.003859911812469363
0.6395543813705444 0.4452154040336609 -0.0027063784655183554
0.6196252703666687 0.41797447204589844 0.0006714390474371612
0.6969677805900574 0.5862997174263 -0.005639786832034588
0.6751741766929626 0.5763027667999268 -0.00038514300831593573
0.6880019307136536 0.593451738357544 0.006271255202591419
0.7011063098907471 0.6098983883857727 0.013954149559140205
0.6737734079360962 0.6197835803031921 -0.007829984650015831
0.6677166223526001 0.6073700785636902 0.005143024958670139
0.6797956824302673 0.624603271484375 0.016686012968420982
0.6910403966903687 0.638641357421875 0.027004646137356758
