Dominik_image_zero_33.jpg
0.6916948556900024 0.6144466400146484 -4.27480387088508e-07
0.6428808569908142 0.5516735911369324 -0.013059478253126144
0.6264939904212952 0.4824511706829071 -0.020309731364250183
0.6248713731765747 0.429565966129303 -0.02662060037255287
0.6304062604904175 0.40564975142478943 -0.028831489384174347
0.6948845982551575 0.414186030626297 -0.0074304696172475815
0.6330951452255249 0.4219416379928589 -0.02574847638607025
0.6307157278060913 0.46547189354896545 -0.03670765087008476
0.6437787413597107 0.4789210259914398 -0.04302876815199852
0.7129216194152832 0.4322281777858734 -0.010150985792279243
0.6404761672019958 0.45552894473075867 -0.027182940393686295
0.6415123343467712 0.49511659145355225 -0.02848159708082676
0.6567693948745728 0.5038650631904602 -0.027536926791071892
0.7208481431007385 0.46317416429519653 -0.01619931310415268
0.6525205373764038 0.4876825213432312 -0.0325571671128273
0.6544651985168457 0.5207997560501099 -0.026629704982042313
0.6695613861083984 0.5269463062286377 -0.0203621257096529
0.7227217555046082 0.500942587852478 -0.024413855746388435
0.6676273941993713 0.5230031609535217 -0.03534065932035446
0.6665515303611755 0.5464743375778198 -0.03353085741400719
0.6793332099914551 0.5500146150588989 -0.029428163543343544
