Dominik_image_five_34.jpg
0.7322901487350464 0.7284011840820312 2.5263497605010343e-07
0.7676886916160583 0.6580255627632141 0.008802386000752449
0.7859064340591431 0.594762921333313 0.005910689476877451
0.7998050451278687 0.537829577922821 0.0008336927858181298
0.8133107423782349 0.4994184970855713 -0.006188591476529837
0.7290104627609253 0.5382958054542542 -0.016456183046102524
0.7136724591255188 0.44790318608283997 -0.027093853801488876
0.7018514275550842 0.39785557985305786 -0.03117089532315731
0.693000078201294 0.35822343826293945 -0.03402731567621231
0.6950392127037048 0.5506955981254578 -0.027152985334396362
0.6616267561912537 0.45490798354148865 -0.04395809769630432
0.6417820453643799 0.400307297706604 -0.053176794201135635
0.6267403960227966 0.3576546907424927 -0.05920690670609474
0.6665472984313965 0.5767307281494141 -0.03488382697105408
0.6302125453948975 0.4953150153160095 -0.049439527094364166
0.6084730625152588 0.44679349660873413 -0.057149022817611694
0.592372477054596 0.40959978103637695 -0.06164944916963577
0.6436011791229248 0.6115635633468628 -0.04045689105987549
0.6034358143806458 0.561259925365448 -0.05311901494860649
0.5800800919532776 0.5322484970092773 -0.057463034987449646
0.5598881840705872 0.5069647431373596 -0.05899136886000633
