Dominik_image_one_94.jpg
0.7760414481163025 0.6914072632789612 -1.2065187604548555e-07
0.7302162051200867 0.6061295866966248 -0.006386145483702421
0.693962812423706 0.519498884677887 -0.025605184957385063
0.6873047947883606 0.4502500891685486 -0.04126324504613876
0.7014628648757935 0.39324355125427246 -0.05670160427689552
0.6895783543586731 0.5354648232460022 -0.07824847847223282
0.5946314334869385 0.5627685785293579 -0.09427157789468765
0.6128820776939392 0.5840279459953308 -0.08744042366743088
0.6421245336532593 0.5784688591957092 -0.08193441480398178
0.6976664662361145 0.5921374559402466 -0.08474148064851761
0.5992600917816162 0.6231308579444885 -0.0970839336514473
0.6238635182380676 0.6288740038871765 -0.08066561818122864
0.6507667303085327 0.6266610026359558 -0.07418493181467056
0.7015791535377502 0.6503474712371826 -0.08777216821908951
0.6156092882156372 0.6713271141052246 -0.0979146957397461
0.6382620334625244 0.6729320287704468 -0.07887152582406998
0.6646535992622375 0.6691923141479492 -0.07014820724725723
0.7041747570037842 0.7027774453163147 -0.09008131921291351
0.632554829120636 0.708293616771698 -0.10018561780452728
0.649760365486145 0.7011387348175049 -0.09237773716449738
0.6748256683349609 0.6955708265304565 -0.08754955977201462
