Dominik_image_two_53.jpg
0.6532974243164062 0.48650577664375305 -9.297679639530543e-07
0.5612045526504517 0.5037637948989868 -0.05962787941098213
0.47979140281677246 0.5015997290611267 -0.09405517578125
0.43279504776000977 0.5024937391281128 -0.11469415575265884
0.3761161267757416 0.49339166283607483 -0.13181591033935547
0.5758715271949768 0.4462110102176666 -0.1490810215473175
0.5471501350402832 0.6473538875579834 -0.20024782419204712
0.5277330875396729 0.7749104499816895 -0.2175658643245697
0.5187287330627441 0.8676961660385132 -0.2196953445672989
0.6548572182655334 0.4618549942970276 -0.13713191449642181
0.6125914454460144 0.6871916651725769 -0.16780132055282593
0.5810256004333496 0.687807023525238 -0.15459682047367096
0.5673883557319641 0.6751793622970581 -0.14615857601165771
0.7137254476547241 0.48929357528686523 -0.1254417896270752
0.6577139496803284 0.7077884674072266 -0.14715775847434998
0.629618763923645 0.6817482709884644 -0.10575827956199646
0.624301016330719 0.6405964493751526 -0.07411562651395798
0.7556532621383667 0.5246116518974304 -0.12124376744031906
0.7030270099639893 0.6935039758682251 -0.14625057578086853
0.6700235605239868 0.6923445463180542 -0.12379949539899826
0.6597175002098083 0.6710305213928223 -0.09910314530134201
