Dominik_image_one_31.jpg
0.34663277864456177 0.8626803159713745 -1.956138540037955e-08
0.30866849422454834 0.7695449590682983 -0.0004621908883564174
0.2655896246433258 0.7086067199707031 -0.008967201225459576
0.23691463470458984 0.6386029124259949 -0.018583698198199272
0.23639369010925293 0.5772126317024231 -0.027686309069395065
0.16578903794288635 0.7839304804801941 -0.009636683389544487
0.12612569332122803 0.784534215927124 -0.008747327141463757
0.15965536236763 0.7773585319519043 -0.01320705097168684
0.18526868522167206 0.7772801518440247 -0.017516035586595535
0.16477715969085693 0.8523560762405396 -0.012039308436214924
0.1416025608778 0.8352526426315308 0.002279612235724926
0.16996410489082336 0.826497495174408 0.00539627717807889
0.19204910099506378 0.8294450640678406 0.0014669833471998572
0.17910154163837433 0.9097495079040527 -0.012611259706318378
0.16368485987186432 0.8850148916244507 0.005225743167102337
0.18532486259937286 0.8754855394363403 0.012011565268039703
0.20875591039657593 0.8774412274360657 0.010034722276031971
0.19722740352153778 0.9550169110298157 -0.014070144854485989
0.18398845195770264 0.9308757185935974 0.002462562406435609
0.20547877252101898 0.9217033982276917 0.015297393314540386
0.22740232944488525 0.9206204414367676 0.022462353110313416
