Dominik_image_two_67.jpg
0.6937956809997559 0.8520650267601013 3.662828760297998e-07
0.7019553780555725 0.7279903292655945 -0.00631153816357255
0.7004876136779785 0.6210925579071045 -0.024010708555579185
0.7217867970466614 0.5204626321792603 -0.04056638479232788
0.7593888640403748 0.4566584825515747 -0.05864851921796799
0.613494873046875 0.6048052310943604 -0.048822056502103806
0.5104699730873108 0.5413525700569153 -0.06086209788918495
0.4541208744049072 0.5083299279212952 -0.0648927092552185
0.4089619815349579 0.488118439912796 -0.06776367872953415
0.5748404264450073 0.6583558320999146 -0.049379680305719376
0.5175496339797974 0.5965455174446106 -0.050339262932538986
0.5425119996070862 0.6102736592292786 -0.034114398062229156
0.5737878084182739 0.6358729004859924 -0.02460220456123352
0.5483338236808777 0.7240660190582275 -0.0478714182972908
0.5154247283935547 0.6581771373748779 -0.04317593201994896
0.5345727801322937 0.675007700920105 -0.02589537762105465
0.5577352046966553 0.7031627893447876 -0.017127640545368195
0.5266745686531067 0.7814034819602966 -0.04684283584356308
0.5042420029640198 0.7150324583053589 -0.035492777824401855
0.5256553888320923 0.7252845168113708 -0.018375752493739128
0.5439468622207642 0.7499619722366333 -0.007900158874690533
