Dominik_image_five_4.jpg
0.6570472121238708 0.749843955039978 4.898769816463755e-07
0.6022734642028809 0.7384218573570251 -0.018783094361424446
0.5546720623970032 0.6946399807929993 -0.02923913486301899
0.5158757567405701 0.6655554175376892 -0.03919357433915138
0.481110155582428 0.6505515575408936 -0.049635399132966995
0.5862364172935486 0.5730596780776978 -0.011928396299481392
0.5617418885231018 0.503462016582489 -0.022448189556598663
0.5488152503967285 0.45810818672180176 -0.03357800841331482
0.5389297008514404 0.41960448026657104 -0.04297985881567001
0.6175781488418579 0.5573389530181885 -0.01661689579486847
0.6054255366325378 0.4746730923652649 -0.02558888867497444
0.5975483655929565 0.4192850589752197 -0.037886619567871094
0.5914700627326965 0.3751029372215271 -0.047951992601156235
0.6494901180267334 0.5604643225669861 -0.024364054203033447
0.6469932794570923 0.48435258865356445 -0.03758351877331734
0.6446744203567505 0.4335707128047943 -0.052311185747385025
0.6411110162734985 0.39130574464797974 -0.06372655928134918
0.6812378168106079 0.5798024535179138 -0.03386954590678215
0.7008804678916931 0.5219888687133789 -0.04832695424556732
0.713796079158783 0.48311296105384827 -0.05769997090101242
0.7230368852615356 0.44914114475250244 -0.06468559801578522
