Dominik_image_five_68.jpg
0.6769799590110779 0.7647523283958435 2.3262603576768015e-07
0.6290299296379089 0.7315677404403687 -0.013409619219601154
0.5934220552444458 0.6732020378112793 -0.020621435716748238
0.5673856139183044 0.6274148225784302 -0.02830582857131958
0.5397574305534363 0.5948501229286194 -0.03622543811798096
0.6245180368423462 0.5749507546424866 -0.003893718821927905
0.6037855744361877 0.5089266300201416 -0.01737598143517971
0.5895230174064636 0.4685102105140686 -0.03076489269733429
0.5784347057342529 0.43083566427230835 -0.04124901071190834
0.6547176837921143 0.5649856328964233 -0.010440347716212273
0.6470295190811157 0.4834791421890259 -0.020873714238405228
0.639534056186676 0.4329417049884796 -0.032659776508808136
0.6321049332618713 0.38963449001312256 -0.041985660791397095
0.6830317378044128 0.5740630030632019 -0.0201580747961998
0.682339072227478 0.5010594129562378 -0.03176812082529068
0.677777886390686 0.45469075441360474 -0.04114249348640442
0.6712527871131897 0.41277289390563965 -0.048690617084503174
0.7096962928771973 0.5982829928398132 -0.03171975165605545
0.7221735119819641 0.5446851253509521 -0.041808612644672394
0.7275335192680359 0.5072934627532959 -0.04622209444642067
0.7297797203063965 0.4706105589866638 -0.049935873597860336
