Dominik_image_two_57.jpg
0.6142144799232483 0.35573238134384155 2.984122886573459e-07
0.5339052081108093 0.3761894404888153 -0.035524748265743256
0.46746164560317993 0.40242236852645874 -0.07582055032253265
0.40345674753189087 0.39844781160354614 -0.10028187930583954
0.34622636437416077 0.388715922832489 -0.12592361867427826
0.5324293971061707 0.4097259044647217 -0.1737300157546997
0.5292823910713196 0.5692827105522156 -0.2270270437002182
0.5230509638786316 0.6627614498138428 -0.2557738721370697
0.5286629796028137 0.7343077063560486 -0.2725047171115875
0.593373715877533 0.4250310957431793 -0.15829269587993622
0.5611234903335571 0.5734059810638428 -0.17045272886753082
0.5344623327255249 0.5495635867118835 -0.13706423342227936
0.5335495471954346 0.5104118585586548 -0.1234440729022026
0.6472945213317871 0.4434880316257477 -0.13983140885829926
0.5986768007278442 0.5833880305290222 -0.1466054469347
0.5782625079154968 0.5501646995544434 -0.10978484153747559
0.5808894634246826 0.5030356645584106 -0.09197348356246948
0.6814522743225098 0.4664630889892578 -0.12294258177280426
0.6369282603263855 0.578792154788971 -0.132186621427536
0.6177600026130676 0.5541268587112427 -0.11328435689210892
0.6242578625679016 0.5118046998977661 -0.10466653853654861
