Dominik_image_three_2.jpg
0.5861479043960571 0.673488199710846 4.972329179508961e-07
0.5532733798027039 0.6760603189468384 -0.012711834162473679
0.5131587982177734 0.6568678617477417 -0.022551141679286957
0.4802568852901459 0.653653085231781 -0.03299122676253319
0.4531964659690857 0.6572721004486084 -0.043378204107284546
0.5215933322906494 0.5828563570976257 -0.01829669438302517
0.5024823546409607 0.5339130163192749 -0.031061667948961258
0.4900721609592438 0.5014337301254272 -0.03867172449827194
0.47972923517227173 0.47363677620887756 -0.043833132833242416
0.5428303480148315 0.5721323490142822 -0.02320360206067562
0.5328577160835266 0.5132932662963867 -0.03977379947900772
0.5247013568878174 0.47429341077804565 -0.05008919909596443
0.517876148223877 0.4406864643096924 -0.05482727289199829
0.5672075748443604 0.5740674734115601 -0.028469612821936607
0.5585814118385315 0.5611441135406494 -0.049877796322107315
0.5578271150588989 0.6039660573005676 -0.05085350200533867
0.557835042476654 0.6339994072914124 -0.045206468552351
0.5908030867576599 0.585053026676178 -0.03437409549951553
0.5788842439651489 0.584200382232666 -0.0511612631380558
0.5760547518730164 0.6168506145477295 -0.04809127375483513
0.5749457478523254 0.6410297155380249 -0.04132102057337761
