Dominik_image_zero_20.jpg
0.6990498900413513 0.5495811700820923 -3.4448953556420747e-07
0.6490179896354675 0.5193449258804321 -0.01798376441001892
0.6109237670898438 0.4867767095565796 -0.03646747022867203
0.5781216621398926 0.4672485589981079 -0.051008664071559906
0.5749250650405884 0.4510572850704193 -0.06341299414634705
0.6376479268074036 0.41426682472229004 -0.055726710706949234
0.5910127758979797 0.45631179213523865 -0.07273651659488678
0.5937745571136475 0.5013765692710876 -0.06973591446876526
0.603634774684906 0.5087263584136963 -0.06743518263101578
0.6696808338165283 0.4223761558532715 -0.058340251445770264
0.6143261194229126 0.4749699532985687 -0.07641912996768951
0.616726279258728 0.5244883298873901 -0.06575673818588257
0.6272118091583252 0.5287327170372009 -0.05812199041247368
0.6956793665885925 0.4499056339263916 -0.060931120067834854
0.6425266861915588 0.5044581294059753 -0.07685084640979767
0.63979172706604 0.5444426536560059 -0.059501662850379944
0.6519642472267151 0.545889675617218 -0.04732263833284378
0.7155182957649231 0.485912561416626 -0.06469148397445679
0.6686624884605408 0.532862663269043 -0.07851850986480713
0.659402072429657 0.5611558556556702 -0.07174400240182877
0.6665440797805786 0.563453733921051 -0.06516412645578384
