Dominik_image_three_97.jpg
0.8142801523208618 0.8016716241836548 8.818981314107077e-07
0.751318097114563 0.7724026441574097 -0.019017472863197327
0.681954562664032 0.7202593088150024 -0.037354256957769394
0.6174604892730713 0.7137153148651123 -0.05935978889465332
0.5658491253852844 0.7301182746887207 -0.08251135051250458
0.7159608006477356 0.5757432579994202 -0.031022340059280396
0.6877799034118652 0.4733962118625641 -0.05601329728960991
0.668110191822052 0.4086756408214569 -0.06974723935127258
0.6522123217582703 0.3517932891845703 -0.07787802815437317
0.7630797028541565 0.5600560307502747 -0.04371574521064758
0.750350296497345 0.44829320907592773 -0.06961491703987122
0.7432554364204407 0.3685522675514221 -0.08659365028142929
0.7390314936637878 0.2991204559803009 -0.0941150039434433
0.8132445216178894 0.5736048817634583 -0.05760332569479942
0.7892266511917114 0.5941891670227051 -0.09003110975027084
0.7709255218505859 0.6695278286933899 -0.09531845152378082
0.7628267407417297 0.7222346663475037 -0.08850298821926117
0.8564700484275818 0.6064838767051697 -0.0732712671160698
0.8309852480888367 0.6460180282592773 -0.09321248531341553
0.8097017407417297 0.7048935890197754 -0.08747517317533493
0.7986889481544495 0.7457320094108582 -0.07714912295341492
0.7652809619903564 0.7266485691070557 8.994045970212028e-07
0.7190542817115784 0.7349594831466675 -0.03083007223904133
0.669901967048645 0.7171347737312317 -0.061348021030426025
0.6162818670272827 0.7174986600875854 -0.09060343354940414
0.5666278600692749 0.7202674150466919 -0.12264613062143326
0.7117544412612915 0.5692837238311768 -0.06954760104417801
0.686551570892334 0.47518396377563477 -0.10558098554611206
0.6692715883255005 0.4144081771373749 -0.12708353996276855
0.6571710705757141 0.36223357915878296 -0.14186635613441467
0.747420072555542 0.5612768530845642 -0.07871662080287933
0.7534556984901428 0.4525505304336548 -0.1130359098315239
0.7559255957603455 0.38248223066329956 -0.1309688687324524
0.7591543197631836 0.3249904215335846 -0.1412200778722763
0.7803391218185425 0.5881651043891907 -0.08860833942890167
0.7823591828346252 0.570701003074646 -0.12837859988212585
0.766969621181488 0.617243230342865 -0.141505166888237
0.7550913691520691 0.6475868225097656 -0.14435143768787384
0.805342435836792 0.6348450183868408 -0.09996624290943146
0.7970752716064453 0.6641115546226501 -0.1404280811548233
0.7858982086181641 0.7109070420265198 -0.14854931831359863
0.7779487371444702 0.7439914345741272 -0.14823594689369202
