Dominik_image_two_47.jpg
0.6338953971862793 0.810699462890625 -5.263869411464839e-07
0.5911039113998413 0.7139022350311279 -0.0273390244692564
0.5732021331787109 0.5802338719367981 -0.042858440428972244
0.551071286201477 0.4928719103336334 -0.058918122202157974
0.5230089426040649 0.4266398549079895 -0.07442877441644669
0.689507246017456 0.5207628607749939 -0.04503905773162842
0.73549485206604 0.43017053604125977 -0.07540615648031235
0.7686701416969299 0.369088351726532 -0.094120092689991
0.8011611700057983 0.3169184923171997 -0.11062724143266678
0.753207802772522 0.5553885102272034 -0.04907188564538956
0.6925185918807983 0.6078681945800781 -0.09156055003404617
0.6537032127380371 0.652906060218811 -0.09811801463365555
0.6515981554985046 0.6667571067810059 -0.0986475870013237
0.7901637554168701 0.6238508224487305 -0.0561915785074234
0.7153817415237427 0.6851444840431213 -0.08963977545499802
0.6816012859344482 0.7092185616493225 -0.07696504145860672
0.684449315071106 0.7059054374694824 -0.06616808474063873
0.8115132451057434 0.6991965770721436 -0.0677592009305954
0.7464884519577026 0.7480936050415039 -0.09090138226747513
0.7115769982337952 0.760738730430603 -0.08487734943628311
0.7093364000320435 0.7531288266181946 -0.07677662372589111
