Dominik_image_one_38.jpg
0.7311758399009705 0.7168243527412415 -1.8516035993343394e-07
0.7191850543022156 0.6452816128730774 -0.045784883201122284
0.7219354510307312 0.5645468235015869 -0.0822392925620079
0.7366794943809509 0.5115730166435242 -0.10604870319366455
0.7636396884918213 0.4472890794277191 -0.12511582672595978
0.7452837824821472 0.6084520816802979 -0.13409608602523804
0.640656054019928 0.6080657243728638 -0.16156001389026642
0.6493915319442749 0.6210154294967651 -0.15502631664276123
0.6825764775276184 0.6247575283050537 -0.14886343479156494
0.7540605068206787 0.6752526760101318 -0.12519338726997375
0.6372614502906799 0.6756749153137207 -0.13941343128681183
0.6551299691200256 0.6755000352859497 -0.10982848703861237
0.6899157762527466 0.6677123308181763 -0.09290552139282227
0.7552469968795776 0.7359340190887451 -0.11540746688842773
0.6453496813774109 0.7337701916694641 -0.1261453628540039
0.6644747257232666 0.7214397192001343 -0.08421555906534195
0.6958998441696167 0.7144711017608643 -0.059000369161367416
0.7538648843765259 0.7900456190109253 -0.1112496629357338
0.6750468015670776 0.7787815928459167 -0.13104864954948425
0.6899753212928772 0.7643892765045166 -0.12016703933477402
0.7178669571876526 0.7595700025558472 -0.11001349240541458
