Dominik_image_four_82.jpg
0.7019016742706299 0.7040765881538391 6.928530069671979e-07
0.7050085663795471 0.6159674525260925 -0.004166504368185997
0.6967532634735107 0.535603404045105 -0.018711281940340996
0.7016019225120544 0.45662829279899597 -0.030350830405950546
0.7166692614555359 0.3976805806159973 -0.04437504708766937
0.6175286769866943 0.5257478356361389 -0.04777621105313301
0.5330971479415894 0.4639420509338379 -0.06189563497900963
0.48292097449302673 0.4391361176967621 -0.06677765399217606
0.4439414143562317 0.4197842478752136 -0.06876879930496216
0.594034731388092 0.579247772693634 -0.05278225988149643
0.49160847067832947 0.5272798538208008 -0.07331718504428864
0.4322204291820526 0.499925434589386 -0.0805705115199089
0.3924793004989624 0.47806644439697266 -0.08325764536857605
0.5798979997634888 0.6410813331604004 -0.05351662635803223
0.4871179461479187 0.6007550954818726 -0.07498802244663239
0.4390964210033417 0.5819855332374573 -0.08087997138500214
0.4091951251029968 0.5691026449203491 -0.08039388805627823
0.5795267224311829 0.6997693777084351 -0.05146817862987518
0.5181458592414856 0.6523531079292297 -0.06017385050654411
0.5202441811561584 0.6499464511871338 -0.04943433776497841
0.5312405228614807 0.6537913084030151 -0.03852686658501625
