Dominik_image_zero_18.jpg
0.715284526348114 0.5466398596763611 -5.40464611731295e-07
0.6727533340454102 0.5759120583534241 -0.03071974217891693
0.6105036735534668 0.5694238543510437 -0.039073240011930466
0.5652516484260559 0.5283015966415405 -0.04414759576320648
0.556046187877655 0.480045884847641 -0.041879069060087204
0.5880983471870422 0.4894428253173828 -0.002275777282193303
0.5801708698272705 0.44789111614227295 -0.030987760052084923
0.6066998243331909 0.4945666790008545 -0.042993102222681046
0.6043705344200134 0.5103600025177002 -0.047687821090221405
0.6139951944351196 0.4645516574382782 0.0028283079154789448
0.6076182723045349 0.42609691619873047 -0.027601389214396477
0.6371623873710632 0.48553699254989624 -0.030614370480179787
0.6260724663734436 0.4921170175075531 -0.025321491062641144
0.6388112306594849 0.4462045729160309 0.00046324124559760094
0.6361746788024902 0.41378915309906006 -0.03034731186926365
0.6584842205047607 0.4694739282131195 -0.022082680836319923
0.6488369107246399 0.4757247865200043 -0.009168866090476513
0.6653863787651062 0.4273577630519867 -0.004904869478195906
0.6615247130393982 0.4058377742767334 -0.020531991496682167
0.6769023537635803 0.44694969058036804 -0.013629892840981483
0.6739179491996765 0.45653730630874634 -0.004388642497360706
0.68939208984375 0.5197750329971313 -5.530108637685771e-07
0.6449758410453796 0.530724823474884 -0.021853677928447723
0.6046121120452881 0.5126421451568604 -0.033256229013204575
0.5799891352653503 0.48180216550827026 -0.04185865819454193
0.566267728805542 0.45563966035842896 -0.04574970901012421
0.5966304540634155 0.4451494812965393 -0.028243107721209526
0.5976241827011108 0.4227552115917206 -0.046230681240558624
0.6165145039558411 0.48141565918922424 -0.04764803126454353
0.6160356998443604 0.4931926131248474 -0.04787299409508705
0.6213628053665161 0.43104439973831177 -0.025822367519140244
0.6207778453826904 0.4047080874443054 -0.0489564873278141
0.6384077072143555 0.47662609815597534 -0.046814702451229095
0.6359612345695496 0.4845500886440277 -0.04222464561462402
0.6465202569961548 0.417351633310318 -0.025724396109580994
0.6483913064002991 0.40052181482315063 -0.04735656455159187
0.660612940788269 0.4694947600364685 -0.03398410603404045
0.6571708917617798 0.47830730676651 -0.022610338404774666
0.6701580286026001 0.40610286593437195 -0.027373088523745537
0.6726117730140686 0.4024713933467865 -0.036283645778894424
0.6802428364753723 0.45131245255470276 -0.02540282905101776
0.6796690225601196 0.45721930265426636 -0.01688721589744091
