Dominik_image_five_44.jpg
0.5616962909698486 0.8505252003669739 5.147385877535271e-07
0.5023995041847229 0.831463098526001 -0.018227437511086464
0.4509258270263672 0.7869377732276917 -0.028781963512301445
0.408771812915802 0.7582052946090698 -0.03931784629821777
0.37064677476882935 0.7457760572433472 -0.05053894221782684
0.47827059030532837 0.6570689082145691 -0.008700462058186531
0.4473634362220764 0.5885524749755859 -0.019030194729566574
0.4287121891975403 0.5440791845321655 -0.030929507687687874
0.41439247131347656 0.505174994468689 -0.041050031781196594
0.5076728463172913 0.6401250958442688 -0.013913514092564583
0.4897211194038391 0.552903413772583 -0.021736178547143936
0.4771752953529358 0.4973260164260864 -0.03311190381646156
0.46608400344848633 0.4518398642539978 -0.042911235243082047
0.5388643145561218 0.6424355506896973 -0.022660711780190468
0.5311371684074402 0.5629514455795288 -0.03342755511403084
0.5230876803398132 0.5113818049430847 -0.0466533787548542
0.5137449502944946 0.4672141373157501 -0.057679470628499985
0.5709262490272522 0.6599289774894714 -0.03358609229326248
0.5843358635902405 0.6005035638809204 -0.04458111152052879
0.5919378399848938 0.5588492751121521 -0.0525386817753315
0.5959783792495728 0.5205602645874023 -0.05927586928009987
