Dominik_image_one_8.jpg
0.7683488130569458 0.7761139273643494 -1.9824490493647318e-07
0.751683235168457 0.700114905834198 0.0003410882200114429
0.7272695899009705 0.6305733323097229 -0.006780687253922224
0.720285177230835 0.5700232982635498 -0.01642967201769352
0.7283076047897339 0.5243583917617798 -0.027363430708646774
0.6478012800216675 0.6425339579582214 -0.003524140454828739
0.614837646484375 0.6808165311813354 -0.0096932053565979
0.6351867914199829 0.7014555931091309 -0.018575556576251984
0.6568923592567444 0.7009531855583191 -0.024886690080165863
0.6383655667304993 0.6861563324928284 -0.009210936725139618
0.6177024841308594 0.7224152684211731 -0.008196771144866943
0.6375262141227722 0.7344385385513306 -0.010761045850813389
0.6597058176994324 0.7297791838645935 -0.014806849882006645
0.638073742389679 0.7341114282608032 -0.014388385228812695
0.6284691095352173 0.7584376335144043 -0.011195431463420391
0.6468192338943481 0.7655414938926697 -0.009834587574005127
0.6674128770828247 0.7608029842376709 -0.01144432183355093
0.6419075727462769 0.7793638706207275 -0.020413482561707497
0.64156174659729 0.7943403720855713 -0.017187809571623802
0.6614307761192322 0.7979583740234375 -0.012552432715892792
0.6784907579421997 0.7920690178871155 -0.008821205236017704
