Dominik_image_zero_10.jpg
0.32667598128318787 0.6776588559150696 -3.070408354233223e-07
0.3105911314487457 0.6158872246742249 -0.005864869803190231
0.26771509647369385 0.5475490093231201 -0.013751703314483166
0.2152504324913025 0.5146651864051819 -0.019171588122844696
0.17600098252296448 0.5095586180686951 -0.02236875332891941
0.24970866739749908 0.5041425228118896 -0.028211314231157303
0.16666987538337708 0.5458424687385559 -0.04514744505286217
0.18040776252746582 0.5765169858932495 -0.047466304153203964
0.19987434148788452 0.5723246932029724 -0.047116026282310486
0.24344870448112488 0.5394054651260376 -0.033055320382118225
0.16016417741775513 0.5874266624450684 -0.04805542156100273
0.18100324273109436 0.6123048663139343 -0.0411202609539032
0.20305678248405457 0.6051295399665833 -0.03621898591518402
0.23561879992485046 0.5851520299911499 -0.038354650139808655
0.16295716166496277 0.6293052434921265 -0.050200432538986206
0.18651710450649261 0.6517179608345032 -0.03588438034057617
0.20833414793014526 0.6445581912994385 -0.026848286390304565
0.2282620221376419 0.6366283893585205 -0.04438845440745354
0.18094639480113983 0.6745697259902954 -0.0556282177567482
0.20069965720176697 0.6888799071311951 -0.0514422245323658
0.2177986204624176 0.6786534786224365 -0.04695079103112221
