Dominik_image_two_33.jpg
0.6901534795761108 1.0335520505905151 -6.222843040859516e-08
0.6543470621109009 0.9394528865814209 -0.060945622622966766
0.6414855122566223 0.8222424387931824 -0.1067352145910263
0.6115469932556152 0.7198887467384338 -0.14969782531261444
0.5792363882064819 0.6380624175071716 -0.19333714246749878
0.8152103424072266 0.7869809865951538 -0.0871262475848198
0.9223591089248657 0.7296748161315918 -0.13732239603996277
0.9983118772506714 0.7172393202781677 -0.16693417727947235
1.0582196712493896 0.7152068614959717 -0.18420742452144623
0.8524098992347717 0.8522659540176392 -0.07839749753475189
0.8797633051872253 0.9354934692382812 -0.1423349231481552
0.8037792444229126 0.9646853804588318 -0.1509958952665329
0.757064938545227 0.9464865922927856 -0.14415468275547028
0.8667493462562561 0.9327283501625061 -0.07485305517911911
0.8722497224807739 1.0201255083084106 -0.13839173316955566
0.7982228398323059 1.0307337045669556 -0.13148488104343414
0.7538973093032837 1.0033258199691772 -0.11178078502416611
0.869208812713623 1.0113848447799683 -0.07502175867557526
0.8784443736076355 1.0701748132705688 -0.11509592086076736
0.8163778781890869 1.0760157108306885 -0.103657566010952
0.7703324556350708 1.049285888671875 -0.08432797342538834
