Dominik_image_one_84.jpg
0.7447693347930908 0.537020206451416 -1.7260204376867705e-09
0.7296295762062073 0.5856198668479919 -0.09453054517507553
0.7051150798797607 0.6347676515579224 -0.15800915658473969
0.6949313282966614 0.687580406665802 -0.20512478053569794
0.6928628087043762 0.7576016187667847 -0.24516655504703522
0.6112890243530273 0.5015861392021179 -0.1452099084854126
0.6680724620819092 0.4890211522579193 -0.1885398030281067
0.6902139186859131 0.5202836394309998 -0.19049514830112457
0.6743200421333313 0.5397952795028687 -0.18951471149921417
0.6231848001480103 0.44630980491638184 -0.1179252490401268
0.6834340691566467 0.4513426423072815 -0.1701715737581253
0.7132610082626343 0.4982956051826477 -0.16181857883930206
0.6939954161643982 0.4993434548377991 -0.14924663305282593
0.6473527550697327 0.4014114737510681 -0.0965108871459961
0.7104538679122925 0.418862521648407 -0.13794860243797302
0.7271806001663208 0.46500301361083984 -0.11989106982946396
0.7079505324363708 0.4689697325229645 -0.10394907742738724
0.6691709160804749 0.3695523142814636 -0.08392170816659927
0.7165131568908691 0.38633912801742554 -0.11395919322967529
0.7317177057266235 0.42229825258255005 -0.11525818705558777
0.7196810245513916 0.4235823154449463 -0.11326972395181656
