Dominik_image_four_88.jpg
0.7940490245819092 0.69023597240448 1.2627181433799706e-07
0.7146251797676086 0.6362188458442688 0.013154405169188976
0.6744226217269897 0.565721869468689 0.007492503151297569
0.6626375317573547 0.528178334236145 -0.003036805661395192
0.6565991640090942 0.5095316171646118 -0.0173680130392313
0.6919617056846619 0.490106463432312 -0.023206565529108047
0.6410812139511108 0.4317776560783386 -0.04151884466409683
0.6047047972679138 0.4024966359138489 -0.05103154852986336
0.5734350681304932 0.37737762928009033 -0.058393191546201706
0.7172406911849976 0.4996607303619385 -0.047917190939188004
0.6522524952888489 0.42899996042251587 -0.07588532567024231
0.6076786518096924 0.3975791931152344 -0.09134577959775925
0.569110631942749 0.3759470582008362 -0.10017497092485428
0.7392508387565613 0.5283908247947693 -0.06976478546857834
0.6717837452888489 0.49043911695480347 -0.10096577554941177
0.6226296424865723 0.4821796417236328 -0.11554266512393951
0.583905816078186 0.4723873734474182 -0.1221054419875145
0.754014253616333 0.5766334533691406 -0.0885716900229454
0.6924742460250854 0.5796255469322205 -0.10689963400363922
0.6740522980690002 0.6081849932670593 -0.1043725311756134
0.6734004020690918 0.6304563283920288 -0.10163263231515884
