Dominik_image_spock_16.jpg
0.6669082641601562 0.6743301153182983 3.136717054985638e-07
0.6231728792190552 0.660608172416687 -0.012587727047502995
0.580173909664154 0.6300603151321411 -0.0214238241314888
0.543131947517395 0.6191914081573486 -0.030540546402335167
0.5134903788566589 0.6227189898490906 -0.040217749774456024
0.5958464741706848 0.5231664776802063 -0.011080211028456688
0.576192319393158 0.4617835283279419 -0.02253824472427368
0.5658828020095825 0.4245312809944153 -0.0335896760225296
0.555639386177063 0.39019083976745605 -0.04306218773126602
0.6180620193481445 0.5099966526031494 -0.01749446429312229
0.5979939699172974 0.44125914573669434 -0.02861570194363594
0.5852003693580627 0.39682453870773315 -0.039964672178030014
0.5729689002037048 0.35877156257629395 -0.049139585345983505
0.6431112289428711 0.5147885680198669 -0.025998538359999657
0.6409453749656677 0.4472786784172058 -0.038470715284347534
0.6425397992134094 0.40538740158081055 -0.047731250524520874
0.6410030722618103 0.3703010082244873 -0.05461626127362251
0.6674147844314575 0.5318270325660706 -0.035856299102306366
0.6678550243377686 0.4797413945198059 -0.04671391099691391
0.667110025882721 0.4455528259277344 -0.05138881877064705
0.6637314558029175 0.4138154685497284 -0.055310800671577454
