Dominik_image_one_48.jpg
0.7538074254989624 0.7396808862686157 -4.911722157885379e-07
0.7222645878791809 0.6677830219268799 -0.03530668094754219
0.705376923084259 0.569869875907898 -0.05321395397186279
0.6756971478462219 0.5033372640609741 -0.06909708678722382
0.6377562284469604 0.46618545055389404 -0.07956615835428238
0.7894259691238403 0.5134153366088867 -0.017514867708086967
0.8333120346069336 0.5089361667633057 -0.05216151848435402
0.7968705296516418 0.5540619492530823 -0.06823299080133438
0.7733883261680603 0.5654032826423645 -0.07513172179460526
0.8255101442337036 0.5527588129043579 -0.014294702559709549
0.863394021987915 0.551663339138031 -0.05313212424516678
0.8116093873977661 0.6001928448677063 -0.06038958206772804
0.7907365560531616 0.5987969040870667 -0.05755188316106796
0.8530491590499878 0.5955019593238831 -0.018015192821621895
0.8842556476593018 0.5971274971961975 -0.0595373809337616
0.8305515050888062 0.6398698091506958 -0.0540703646838665
0.8048474788665771 0.640228271484375 -0.04063327610492706
0.8741173148155212 0.6390900611877441 -0.02407144196331501
0.8919196128845215 0.6359754800796509 -0.04809688776731491
0.8523268699645996 0.665022611618042 -0.041707493364810944
0.8292973041534424 0.6653130054473877 -0.03138212859630585
