Dominik_image_five_25.jpg
0.7170366644859314 0.7287116050720215 2.7676540526044846e-07
0.6572689414024353 0.6736359596252441 0.00663774786517024
0.6306265592575073 0.6073163151741028 0.0025006800424307585
0.6107133030891418 0.567462146282196 -0.005335692316293716
0.5870863199234009 0.5344289541244507 -0.015399964526295662
0.6519322991371155 0.5347406268119812 -0.01605377346277237
0.6304129958152771 0.4572254717350006 -0.03808288648724556
0.6092700362205505 0.40947186946868896 -0.05201147869229317
0.5884132981300354 0.3722653388977051 -0.06299177557229996
0.6697790026664734 0.543212354183197 -0.03724067285656929
0.6633375287055969 0.44635751843452454 -0.06276172399520874
0.6529390811920166 0.3876315951347351 -0.08079862594604492
0.6403831243515015 0.3369147479534149 -0.09379670768976212
0.6841157078742981 0.5712854862213135 -0.05829393491148949
0.6810662746429443 0.48823022842407227 -0.08557608723640442
0.6708773374557495 0.4345158636569977 -0.10422816872596741
0.658629834651947 0.3844730257987976 -0.11741577833890915
0.6933134198188782 0.6137154698371887 -0.07775794714689255
0.689022421836853 0.5682525038719177 -0.10384263843297958
0.6789035201072693 0.5351414084434509 -0.11797317117452621
0.6682325005531311 0.5024120807647705 -0.12870147824287415
