Dominik_image_one_97.jpg
0.7470154166221619 0.6631112098693848 1.4135589587738195e-08
0.6954562067985535 0.5727632641792297 0.009007774293422699
0.6683516502380371 0.5004849433898926 -0.030671851709485054
0.6788492798805237 0.44427913427352905 -0.06723424047231674
0.7034217715263367 0.37550675868988037 -0.10690957307815552
0.6684649586677551 0.5290442109107971 -0.13996762037277222
0.5951241850852966 0.5482566952705383 -0.13237816095352173
0.6137861013412476 0.5716410279273987 -0.09200598299503326
0.6394451260566711 0.570911169052124 -0.06782960146665573
0.6803408265113831 0.588308572769165 -0.15705782175064087
0.5952651500701904 0.6008166074752808 -0.14186878502368927
0.6253194212913513 0.6160564422607422 -0.08802735060453415
0.6546326279640198 0.6134111285209656 -0.06251389533281326
0.686443030834198 0.6436978578567505 -0.16364705562591553
0.6135014891624451 0.6527913808822632 -0.13575872778892517
0.6449345350265503 0.6579747200012207 -0.08941133320331573
0.6740865111351013 0.6549808382987976 -0.07758698612451553
0.6883865594863892 0.6872258186340332 -0.169112429022789
0.6334683895111084 0.6942107081413269 -0.15217873454093933
0.6531161665916443 0.6849530339241028 -0.12941904366016388
0.6767931580543518 0.6824769973754883 -0.12490986287593842
