Dominik_image_five_74.jpg
0.6937798857688904 0.7638375163078308 4.429324746979546e-07
0.6429310441017151 0.7442739009857178 -0.016427796334028244
0.5951375961303711 0.7087175846099854 -0.02841327339410782
0.550092339515686 0.6955428123474121 -0.04099815711379051
0.511694610118866 0.700622022151947 -0.05434136465191841
0.6243663430213928 0.5859912633895874 -0.010905982926487923
0.5995727777481079 0.5152272582054138 -0.02252669259905815
0.5869637727737427 0.4706383943557739 -0.03396476060152054
0.5776690244674683 0.43224942684173584 -0.0435454323887825
0.6541227102279663 0.5713662505149841 -0.017127186059951782
0.6449580192565918 0.48703402280807495 -0.025789612904191017
0.640135645866394 0.4342229664325714 -0.03638070076704025
0.6367400884628296 0.39238059520721436 -0.04548002406954765
0.6849219799041748 0.5749167799949646 -0.02654181979596615
0.6847898364067078 0.4967119097709656 -0.03857918828725815
0.6841291189193726 0.4491546154022217 -0.051048289984464645
0.6824565529823303 0.40936776995658875 -0.060959361493587494
0.7153059244155884 0.593327522277832 -0.037805479019880295
0.7368701696395874 0.5388444066047668 -0.04976498708128929
0.752442479133606 0.501286506652832 -0.05688340961933136
0.7646292448043823 0.46744412183761597 -0.06263820827007294
