Dominik_image_one_99.jpg
0.7528786659240723 0.6712773442268372 -1.3667025733354876e-08
0.7015371918678284 0.5807194709777832 0.010697275400161743
0.6741411089897156 0.5078606605529785 -0.028394563123583794
0.684271514415741 0.4512861371040344 -0.06450539827346802
0.7097733020782471 0.3829503357410431 -0.1037173718214035
0.6773117780685425 0.5351212620735168 -0.13985024392604828
0.6018005609512329 0.5555628538131714 -0.1335202157497406
0.6196572780609131 0.5801541805267334 -0.09343656152486801
0.6452211737632751 0.5791587829589844 -0.06898199021816254
0.6889129281044006 0.5944401025772095 -0.15757834911346436
0.6021631956100464 0.6084856390953064 -0.14259018003940582
0.632577121257782 0.6258422136306763 -0.08783373981714249
0.661994218826294 0.622940182685852 -0.06141303479671478
0.693979024887085 0.6501479148864746 -0.16466999053955078
0.6205889582633972 0.6600011587142944 -0.136505126953125
0.6521664261817932 0.666608452796936 -0.08888965100049973
0.6817569136619568 0.6646435856819153 -0.07603904604911804
0.6955762505531311 0.6946958303451538 -0.1705152988433838
0.6400408744812012 0.7034984827041626 -0.15340572595596313
0.6597621440887451 0.6943604350090027 -0.1299872249364853
0.6838818192481995 0.6926300525665283 -0.12463653087615967
