Dominik_image_zero_80.jpg
0.347309410572052 0.6970726847648621 -2.001021783826218e-07
0.35962098836898804 0.6054683923721313 0.006076122634112835
0.3371582627296448 0.5315608978271484 0.010022628121078014
0.30460333824157715 0.4828563332557678 0.013962918892502785
0.2774897813796997 0.4920382499694824 0.017777813598513603
0.26328107714653015 0.526755154132843 0.003015839494764805
0.27595680952072144 0.5056177377700806 0.00857765506953001
0.30033841729164124 0.5287660360336304 0.004574732854962349
0.30865633487701416 0.5451927185058594 -0.000876394915394485
0.2397678941488266 0.56743985414505 0.0009538911981508136
0.2590217590332031 0.5467444658279419 0.017802853137254715
0.2814864218235016 0.5622498989105225 0.019487444311380386
0.28969085216522217 0.5780453085899353 0.01423356682062149
0.23142597079277039 0.612162709236145 0.0010075561003759503
0.2491820752620697 0.5915443897247314 0.017435353249311447
0.26897555589675903 0.5984359979629517 0.02118244394659996
0.28037136793136597 0.6140221953392029 0.017186375334858894
0.2296697497367859 0.6509922742843628 0.0012667435221374035
0.2435448318719864 0.6292068958282471 0.014986391179263592
0.26013466715812683 0.6351230144500732 0.02396153099834919
0.26992347836494446 0.6473814249038696 0.02743513509631157
