Dominik_image_four_33.jpg
0.5543406009674072 0.8328304290771484 6.047269494047214e-07
0.5406128764152527 0.7349299788475037 -0.0035329291131347418
0.5177240371704102 0.6556565165519714 -0.012617991305887699
0.5137882232666016 0.5801999568939209 -0.020626071840524673
0.5261777639389038 0.5247933268547058 -0.029791777953505516
0.42988187074661255 0.6752156019210815 -0.025289498269557953
0.3471553921699524 0.6370676159858704 -0.029831400141119957
0.30597344040870667 0.6188840866088867 -0.03033902496099472
0.2749773859977722 0.6039587259292603 -0.030311480164527893
0.40748459100723267 0.7330772280693054 -0.028108756989240646
0.314622700214386 0.7059252858161926 -0.035692956298589706
0.2615394592285156 0.6911243796348572 -0.03976301848888397
0.22449246048927307 0.680292546749115 -0.04172469675540924
0.3995392918586731 0.7922194600105286 -0.02815297618508339
0.3247232139110565 0.7756631970405579 -0.03372180089354515
0.28155213594436646 0.7612951993942261 -0.04091482609510422
0.2540263235569 0.7521955370903015 -0.045796219259500504
0.4037162959575653 0.8421790599822998 -0.027524132281541824
0.3718157410621643 0.8118772506713867 -0.029607947915792465
0.37708723545074463 0.8003959655761719 -0.026661448180675507
0.3872183859348297 0.793871283531189 -0.023292390629649162
