Dominik_image_four_43.jpg
0.7261580228805542 0.5996338129043579 3.6559976024364005e-07
0.6674036979675293 0.5908029079437256 -0.018959319218993187
0.6115114688873291 0.5543444156646729 -0.027536997571587563
0.5608447790145874 0.551237940788269 -0.03484213352203369
0.5233604907989502 0.5619621276855469 -0.04389546066522598
0.630844235420227 0.42363643646240234 -0.014799180440604687
0.6136730909347534 0.3431377410888672 -0.027474861592054367
0.6038751602172852 0.29025185108184814 -0.03985162079334259
0.5971802473068237 0.2454637885093689 -0.0502069890499115
0.6633840203285217 0.4011397361755371 -0.020650822669267654
0.6518023014068604 0.3081744313240051 -0.028621185570955276
0.6470591425895691 0.24606157839298248 -0.040119756013154984
0.6444061994552612 0.1971009075641632 -0.049668312072753906
0.6970311999320984 0.4036324620246887 -0.02947317063808441
0.697827935218811 0.32351982593536377 -0.0465228371322155
0.7035107612609863 0.270383358001709 -0.06523154675960541
0.7096606492996216 0.22677195072174072 -0.07918033748865128
0.7291450500488281 0.4261714220046997 -0.03927943855524063
0.7324921488761902 0.40448176860809326 -0.061783500015735626
0.7379828095436096 0.426677405834198 -0.0712512955069542
0.7438769340515137 0.44812843203544617 -0.07753118127584457
