Dominik_image_three_29.jpg
0.7315800786018372 0.6431456208229065 5.186280986890779e-07
0.6850064396858215 0.6270451545715332 -0.017790287733078003
0.6320528984069824 0.5905570983886719 -0.02817779779434204
0.5859269499778748 0.5772454142570496 -0.03990849480032921
0.5464507341384888 0.5762434005737305 -0.05118865147233009
0.6366393566131592 0.4827151298522949 -0.01523317489773035
0.6142199039459229 0.41419485211372375 -0.03257039189338684
0.6012026071548462 0.37156128883361816 -0.042070597410202026
0.5900787115097046 0.33159399032592773 -0.047423578798770905
0.6689817905426025 0.46853047609329224 -0.0206508319824934
0.6577562093734741 0.39308100938796997 -0.04204688221216202
0.6498203873634338 0.3431851863861084 -0.05520414561033249
0.6443979740142822 0.2987523376941681 -0.06051861122250557
0.7046495676040649 0.47336310148239136 -0.028236031532287598
0.6990930438041687 0.48022934794425964 -0.058831725269556046
0.6922415494918823 0.5398443341255188 -0.06539866328239441
0.6894166469573975 0.5789605975151062 -0.06006310135126114
0.736781120300293 0.4894261062145233 -0.03680823743343353
0.7287399768829346 0.5073128342628479 -0.05794546380639076
0.7192257046699524 0.5554087162017822 -0.0580456405878067
0.7136443853378296 0.5859543085098267 -0.05246403068304062
