Dominik_image_two_8.jpg
0.8072577714920044 0.7229530215263367 -6.13758459167002e-07
0.8144239187240601 0.620581865310669 0.05920733883976936
0.7946790456771851 0.5347117185592651 0.08255475014448166
0.781024158000946 0.46146857738494873 0.10218298435211182
0.7919453382492065 0.4108577370643616 0.12155395746231079
0.7571792006492615 0.46817317605018616 0.0036793192848563194
0.6678844690322876 0.400552898645401 -0.012259974144399166
0.6099235415458679 0.3701508939266205 -0.026724303141236305
0.5671854615211487 0.34749463200569153 -0.03383129462599754
0.7298964858055115 0.5129237771034241 -0.012226544320583344
0.6451200842857361 0.4810882806777954 0.0004261337162461132
0.6656810641288757 0.519770085811615 0.025694170966744423
0.6981302499771118 0.542580246925354 0.038697194308042526
0.6989878416061401 0.5687839984893799 -0.022421935573220253
0.6366304755210876 0.5384169220924377 -0.0066876099444925785
0.6559209823608398 0.5746718049049377 0.01886674575507641
0.684499979019165 0.5961461663246155 0.031116299331188202
0.6696758270263672 0.6245542764663696 -0.02627340890467167
0.6331077218055725 0.5904552936553955 -0.0014213103568181396
0.6547371745109558 0.6223270893096924 0.025371750816702843
0.6777870059013367 0.6437429189682007 0.04053318127989769
0.7734490633010864 0.7546640038490295 -3.0481515977953677e-07
0.7679426670074463 0.6634954214096069 0.03230041638016701
0.7477742433547974 0.5754411220550537 0.03704109042882919
0.7390936017036438 0.506744384765625 0.03354497626423836
0.7524781227111816 0.45513784885406494 0.028502000495791435
0.7133827209472656 0.5025683045387268 0.0035471280571073294
0.6506996154785156 0.4188827574253082 -0.017995581030845642
0.6050100326538086 0.3826877772808075 -0.03481981158256531
0.5630953907966614 0.35702213644981384 -0.04533248767256737
0.6957743167877197 0.5397146940231323 -0.017322098836302757
0.6397362351417542 0.5012158155441284 -0.026715030893683434
0.660645067691803 0.529193103313446 -0.020671680569648743
0.6858361959457397 0.5467526912689209 -0.018543746322393417
0.6775985360145569 0.58976149559021 -0.03667224943637848
0.628283679485321 0.5519527792930603 -0.04388236254453659
0.6535952687263489 0.5763329863548279 -0.026348434388637543
0.6816877126693726 0.5961247682571411 -0.015697358176112175
0.6627538204193115 0.6386144161224365 -0.05341073125600815
0.6279568672180176 0.599634051322937 -0.04998689144849777
0.6452904343605042 0.618423581123352 -0.029898786917328835
0.6661989688873291 0.6348502039909363 -0.01622232235968113
