Dominik_image_three_86.jpg
0.7746626734733582 0.748320460319519 2.734642805535259e-07
0.790014386177063 0.6689788103103638 0.034309271723032
0.7949291467666626 0.6034724712371826 0.04509393498301506
0.8037896752357483 0.5495707392692566 0.04875298961997032
0.8261384963989258 0.5194236040115356 0.05329691991209984
0.7543585300445557 0.54460209608078 0.01740541309118271
0.713623583316803 0.46004775166511536 0.0183375496417284
0.6876388788223267 0.41449660062789917 0.023715876042842865
0.6718745231628418 0.3808043599128723 0.028966287150979042
0.7225094437599182 0.562383770942688 0.002620468381792307
0.6635198593139648 0.49094951152801514 -0.007640599273145199
0.6289899349212646 0.4483657479286194 -0.008643200621008873
0.6082559823989868 0.42174479365348816 -0.005491428542882204
0.6948856711387634 0.5939236283302307 -0.0066253202967345715
0.6664825677871704 0.5826393961906433 -0.001907909638248384
0.6776963472366333 0.5997239947319031 0.013355464674532413
0.6903917789459229 0.6178552508354187 0.027483079582452774
0.6735648512840271 0.635314404964447 -0.013942043296992779
0.6616470813751221 0.6204785704612732 0.003493526251986623
0.6742420792579651 0.6363549828529358 0.02241065353155136
0.6872842311859131 0.653749406337738 0.038311976939439774
