Dominik_image_zero_52.jpg
0.7579684257507324 0.7034438848495483 -3.9839872556513e-07
0.7201046943664551 0.6113564968109131 -0.005586529616266489
0.7038062214851379 0.5371592044830322 -0.024009667336940765
0.6916990280151367 0.4816890060901642 -0.04029177129268646
0.690840482711792 0.4752022624015808 -0.052625030279159546
0.771348237991333 0.48752734065055847 -0.05886109173297882
0.6913561820983887 0.5083003044128418 -0.07775896787643433
0.6883999109268188 0.551131546497345 -0.07404430955648422
0.7057586312294006 0.5594690442085266 -0.07095551490783691
0.788776695728302 0.5247853398323059 -0.07095541805028915
0.6960182785987854 0.5537750720977783 -0.0871371179819107
0.7013785243034363 0.5846523642539978 -0.07174456119537354
0.7206627726554871 0.5890605449676514 -0.0628269836306572
0.794152021408081 0.5722723603248596 -0.08179181069135666
0.7076952457427979 0.5998886823654175 -0.09065257757902145
0.7153499722480774 0.622272253036499 -0.06738986819982529
0.734565019607544 0.625450611114502 -0.054837025701999664
0.7934203147888184 0.6235783100128174 -0.09411413967609406
0.7268331050872803 0.6417153477668762 -0.10114668309688568
0.7312915325164795 0.6523674726486206 -0.09216120094060898
0.7477503418922424 0.6518242955207825 -0.08568631857633591
