Dominik_image_spock_40.jpg
0.6292448043823242 0.7216862440109253 1.9619297120243573e-07
0.6455501914024353 0.6624355316162109 0.014972769655287266
0.6573659181594849 0.6196387410163879 0.013371499255299568
0.6752641201019287 0.5898814797401428 0.008259332738816738
0.700515866279602 0.5754401087760925 0.0012257088674232364
0.6296676993370056 0.5617781281471252 -0.006631454452872276
0.6140021681785583 0.4876940846443176 -0.01548575796186924
0.6027382016181946 0.44824349880218506 -0.01834769733250141
0.5938900113105774 0.4155375063419342 -0.020259151235222816
0.6089521646499634 0.5685659050941467 -0.019749190658330917
0.5899961590766907 0.48792219161987305 -0.031965501606464386
0.5789410471916199 0.4416421353816986 -0.03724473714828491
0.571284830570221 0.40520504117012024 -0.04071114957332611
0.5860950350761414 0.5872509479522705 -0.030630160123109818
0.5507768988609314 0.5236675143241882 -0.04135021194815636
0.5266590118408203 0.4917408227920532 -0.04674617946147919
0.5099626779556274 0.4667840898036957 -0.04973053187131882
0.5649644136428833 0.6113995313644409 -0.0393868163228035
0.5366437435150146 0.5522716045379639 -0.050921060144901276
0.5215632319450378 0.5206485986709595 -0.05593261495232582
0.5080447196960449 0.4908721446990967 -0.058429520577192307
