Dominik_image_two_32.jpg
0.7024275064468384 1.0063390731811523 4.4295973111729836e-08
0.6752883791923523 0.9150798916816711 -0.07199057936668396
0.6639268398284912 0.7955091595649719 -0.11847399920225143
0.6392505168914795 0.6858234405517578 -0.1574348360300064
0.6121664047241211 0.5892207026481628 -0.19386830925941467
0.8561879992485046 0.7703582048416138 -0.09650575369596481
0.9783744812011719 0.7296783328056335 -0.14880076050758362
1.0448966026306152 0.7109411954879761 -0.1747586578130722
1.0961450338363647 0.707101047039032 -0.18854239583015442
0.8633967638015747 0.8334869146347046 -0.07776322960853577
0.9249767065048218 0.9014599323272705 -0.12981855869293213
0.8620517253875732 0.9243659973144531 -0.13244575262069702
0.8363548517227173 0.904988169670105 -0.1249544769525528
0.8512610197067261 0.9028829336166382 -0.06574536114931107
0.889005184173584 0.9750909209251404 -0.12139664590358734
0.8293273448944092 0.9895095825195312 -0.11543945223093033
0.799218475818634 0.9760459661483765 -0.09881245344877243
0.8274362087249756 0.9624015092849731 -0.05839226394891739
0.8469582796096802 1.0047657489776611 -0.10984313488006592
0.794272780418396 1.0095332860946655 -0.111155204474926
0.7560518980026245 0.9963718056678772 -0.0989086925983429
