Dominik_image_one_30.jpg
0.3214412331581116 0.8152256011962891 -1.850710447115489e-07
0.2853360176086426 0.723068356513977 0.0009460785076953471
0.2453259825706482 0.6633754968643188 -0.00878164917230606
0.21884635090827942 0.5930654406547546 -0.02048763632774353
0.2212200164794922 0.5308778285980225 -0.03182951360940933
0.14403356611728668 0.7386682629585266 -0.007980352267622948
0.11105446517467499 0.7410854697227478 -0.008462956175208092
0.14430765807628632 0.73494952917099 -0.014331808313727379
0.17129723727703094 0.7325877547264099 -0.019713912159204483
0.14429883658885956 0.8061428070068359 -0.011821896769106388
0.13011561334133148 0.7893610000610352 0.0017355018062517047
0.1593572050333023 0.7815458178520203 0.003748399205505848
0.18175435066223145 0.7807238101959229 -0.0011697955196723342
0.15995100140571594 0.8630821108818054 -0.013871039263904095
0.1531675159931183 0.8370980620384216 0.0029477225616574287
0.17638972401618958 0.829255223274231 0.008636792190372944
0.20106278359889984 0.8285703659057617 0.0060289339162409306
0.17902810871601105 0.9082022309303284 -0.016854966059327126
0.17361465096473694 0.883145272731781 -0.0006150747649371624
0.19579461216926575 0.8741089105606079 0.011619369499385357
0.21746233105659485 0.8708238005638123 0.018282879143953323
