Dominik_image_four_28.jpg
0.43979716300964355 0.6484962701797485 5.14030091380846e-07
0.4409061670303345 0.555827260017395 -0.0065218559466302395
0.4344804286956787 0.48022550344467163 -0.013764687813818455
0.4417533278465271 0.40902990102767944 -0.01760254241526127
0.4555215835571289 0.3598612844944 -0.020994987338781357
0.33726200461387634 0.4859498143196106 -0.018673045560717583
0.26906129717826843 0.44211843609809875 -0.017707135528326035
0.23048192262649536 0.42658257484436035 -0.01610756851732731
0.2033228874206543 0.4185195565223694 -0.014716045930981636
0.31177541613578796 0.5370931029319763 -0.014165050350129604
0.23059594631195068 0.5026020407676697 -0.012415600940585136
0.1874651461839676 0.48645976185798645 -0.010296528227627277
0.15926654636859894 0.4770118296146393 -0.00917363353073597
0.30086442828178406 0.5908938646316528 -0.007554230745881796
0.23677939176559448 0.5692875385284424 -0.004827058874070644
0.20111724734306335 0.5556657314300537 -0.004017706960439682
0.182333305478096 0.549557626247406 -0.0032383135985583067
0.3058389723300934 0.6340212225914001 -0.000875056313816458
0.27333754301071167 0.6128950119018555 0.007334317546337843
0.2655346095561981 0.6023160219192505 0.015010114759206772
0.2633420526981354 0.5947083234786987 0.02104402519762516
