Dominik_image_three_12.jpg
0.6348448991775513 0.666335940361023 3.967059569731646e-07
0.6014429330825806 0.6637533903121948 -0.009410001337528229
0.5626553893089294 0.6411687135696411 -0.01762130856513977
0.5296632647514343 0.6378882527351379 -0.02720041386783123
0.5031898617744446 0.6460291147232056 -0.03724505752325058
0.5702750086784363 0.5734095573425293 -0.014052731916308403
0.5522122383117676 0.5233556032180786 -0.025807593017816544
0.5413478016853333 0.48983287811279297 -0.03246556967496872
0.531913161277771 0.46113890409469604 -0.036523643881082535
0.5914149880409241 0.5633677244186401 -0.019834687933325768
0.5786677002906799 0.5070825815200806 -0.034163761883974075
0.5698553323745728 0.4692016541957855 -0.04288902133703232
0.5625368356704712 0.4373326301574707 -0.04636345058679581
0.6157355904579163 0.5649569630622864 -0.025983015075325966
0.6058232188224792 0.5571296811103821 -0.04563600942492485
0.6046643853187561 0.5973590612411499 -0.04753122106194496
0.6050645709037781 0.6262601613998413 -0.04243287071585655
0.6393696665763855 0.5746042728424072 -0.032467667013406754
0.6281819343566895 0.5755962133407593 -0.04738481342792511
0.6251283884048462 0.6096484661102295 -0.044471800327301025
0.6239053010940552 0.6349322199821472 -0.037963248789310455
