Dominik_image_three_51.jpg
0.7535134553909302 0.6182020902633667 1.9720006605439266e-07
0.7406297326087952 0.5187526941299438 0.04242296144366264
0.7127126455307007 0.43944138288497925 0.05763952434062958
0.6958156228065491 0.3743939995765686 0.06343571841716766
0.7094954252243042 0.3195694088935852 0.06749469041824341
0.6773887276649475 0.3818967938423157 0.034718140959739685
0.62237948179245 0.31149059534072876 0.04150526598095894
0.5895552039146423 0.2710718810558319 0.045179929584264755
0.5626183152198792 0.23811450600624084 0.04711155593395233
0.6495672464370728 0.4057042598724365 0.015272901393473148
0.5714671015739441 0.36158451437950134 0.026724880561232567
0.5308705568313599 0.34158095717430115 0.03195770084857941
0.5030421614646912 0.3220037817955017 0.03330228105187416
0.6271494030952454 0.44392770528793335 -4.618926323018968e-05
0.5753090977668762 0.44458097219467163 0.017917517572641373
0.5928866863250732 0.46839895844459534 0.030132891610264778
0.614206075668335 0.48057445883750916 0.03536081686615944
0.6110233664512634 0.49014103412628174 -0.01321686152368784
0.5832532048225403 0.4892479181289673 0.006949456408619881
0.6008837223052979 0.5123560428619385 0.02185547538101673
0.6204707622528076 0.5223230719566345 0.03142377734184265
