Dominik_image_five_76.jpg
0.6699425578117371 0.7046067714691162 3.97950742581088e-07
0.6251579523086548 0.6858597993850708 -0.014267530292272568
0.5785502791404724 0.6538000702857971 -0.023266592994332314
0.5387803316116333 0.6398756504058838 -0.03233000263571739
0.506973147392273 0.6468092203140259 -0.04244786500930786
0.6036654114723206 0.5449360013008118 -0.008422591723501682
0.5812944173812866 0.4869970381259918 -0.01691816747188568
0.5690189003944397 0.45040178298950195 -0.026330331340432167
0.5606606602668762 0.41759949922561646 -0.03452353924512863
0.6289744973182678 0.5307297706604004 -0.0120295574888587
0.619475781917572 0.45955783128738403 -0.01706431806087494
0.6144291162490845 0.4157409965991974 -0.024492286145687103
0.6117526292800903 0.3790409564971924 -0.03176991641521454
0.6556220650672913 0.5325404405593872 -0.018416760489344597
0.6538543701171875 0.46815961599349976 -0.025880487635731697
0.6508232355117798 0.42817676067352295 -0.03447886183857918
0.6479914784431458 0.39316701889038086 -0.04232335463166237
0.683202862739563 0.5465155839920044 -0.02667163498699665
0.6979577541351318 0.5002277493476868 -0.03428966924548149
0.7085736989974976 0.4682875871658325 -0.038988418877124786
0.7177716493606567 0.43803346157073975 -0.04351765289902687
