Dominik_image_spock_31.jpg
0.7011632919311523 0.7089354991912842 1.0158255747683143e-07
0.6596739888191223 0.6928151845932007 -0.013945193961262703
0.6174329519271851 0.6690753698348999 -0.023956656455993652
0.5806152820587158 0.6605609655380249 -0.03449743241071701
0.5528731346130371 0.664423406124115 -0.04560127109289169
0.6381911635398865 0.5697301030158997 -0.011865166015923023
0.6242678165435791 0.5140771865844727 -0.02368123270571232
0.6187536716461182 0.4828477203845978 -0.03492245450615883
0.6135801672935486 0.4510326087474823 -0.04406318441033363
0.6580671668052673 0.5569562315940857 -0.01597386784851551
0.6425307393074036 0.4949358403682709 -0.025943368673324585
0.6339290142059326 0.45772668719291687 -0.03509685769677162
0.6265640258789062 0.4237994849681854 -0.04305257648229599
0.6813007593154907 0.5597466826438904 -0.022433102130889893
0.6827970743179321 0.5006463527679443 -0.032867755740880966
0.6885116100311279 0.4654664397239685 -0.038735341280698776
0.6927196979522705 0.4359874725341797 -0.04318547993898392
0.7040250897407532 0.5728815793991089 -0.03073965199291706
0.7066331505775452 0.5246363282203674 -0.03790517896413803
0.709265947341919 0.4936242997646332 -0.03901467099785805
0.7108509540557861 0.46435821056365967 -0.04063117504119873
