Dominik_image_zero_39.jpg
0.7138522863388062 0.5502289533615112 -4.2161747160207597e-07
0.6595328450202942 0.4741395115852356 -0.010742033831775188
0.6419777274131775 0.4002612829208374 -0.01934836618602276
0.6377537846565247 0.3427886366844177 -0.027457352727651596
0.6365630626678467 0.3250984847545624 -0.03193115442991257
0.708364725112915 0.33046823740005493 -0.01088806428015232
0.6406707763671875 0.34498322010040283 -0.030683355405926704
0.6394187808036804 0.3899106979370117 -0.04146226495504379
0.6551452279090881 0.4022156596183777 -0.04779620096087456
0.7266819477081299 0.3518754839897156 -0.016621524468064308
0.6441568732261658 0.38342246413230896 -0.03584110364317894
0.6485272645950317 0.42166924476623535 -0.037123557180166245
0.6679489612579346 0.4275669455528259 -0.03667210787534714
0.7344357967376709 0.3873857855796814 -0.025251934304833412
0.6566759943962097 0.41721922159194946 -0.043362945318222046
0.6613665223121643 0.4490318298339844 -0.03710394352674484
0.679990828037262 0.4517248570919037 -0.030940866097807884
0.7352022528648376 0.42907631397247314 -0.035774603486061096
0.6727904081344604 0.4550030827522278 -0.0477205328643322
0.6736400723457336 0.47637611627578735 -0.04595373198390007
0.6887393593788147 0.47575467824935913 -0.04209424555301666
