Dominik_image_four_35.jpg
0.7997158765792847 0.7016432285308838 4.713286614332901e-07
0.7985591292381287 0.6377058029174805 -0.0006125674117356539
0.7904459238052368 0.572451651096344 -0.010299673303961754
0.7970297336578369 0.5128964781761169 -0.0198823194950819
0.8129417896270752 0.471279114484787 -0.032404571771621704
0.735832691192627 0.5516005754470825 -0.02912125177681446
0.6729121208190918 0.49855053424835205 -0.04290587827563286
0.6345245838165283 0.471925288438797 -0.05011127144098282
0.6042793989181519 0.4516139030456543 -0.05442696809768677
0.718906044960022 0.5825222730636597 -0.038488034158945084
0.6439762115478516 0.5317378640174866 -0.055944349616765976
0.5984426140785217 0.5034038424491882 -0.06729135662317276
0.5652093887329102 0.48210835456848145 -0.073772132396698
0.7081013917922974 0.6254690885543823 -0.04501395300030708
0.6316742300987244 0.5925726294517517 -0.06664375215768814
0.5913529396057129 0.5759890675544739 -0.07893629372119904
0.564734935760498 0.5632219314575195 -0.08443156629800797
0.7033277750015259 0.6741312146186829 -0.04899660870432854
0.657579779624939 0.6531814932823181 -0.06486047059297562
0.6671252250671387 0.6598073244094849 -0.06293822079896927
0.6819543242454529 0.6663323044776917 -0.05860108882188797
0.8012363910675049 0.7246276140213013 2.3238091273469763e-07
0.7953815460205078 0.6542032361030579 0.014132688753306866
0.7791744470596313 0.5888192057609558 0.011296635493636131
0.7805222868919373 0.5313462018966675 0.006952434312552214
0.7972027063369751 0.4874669313430786 -0.00025336159160360694
0.7264360189437866 0.5547306537628174 -0.02046039141714573
0.6628015041351318 0.4956852197647095 -0.028362663462758064
0.6261017322540283 0.469805508852005 -0.028262734413146973
0.5965450406074524 0.45168018341064453 -0.02705092914402485
0.7129059433937073 0.5843349099159241 -0.03375067561864853
0.6351296901702881 0.5264703631401062 -0.049038007855415344
0.5918505191802979 0.49842900037765503 -0.05249563232064247
0.5587338805198669 0.47542789578437805 -0.052111219614744186
0.7028656601905823 0.6269650459289551 -0.042854830622673035
0.6267896294593811 0.5905810594558716 -0.06100872904062271
0.5876823663711548 0.5765131115913391 -0.06848718225955963
0.5602315664291382 0.5605745315551758 -0.06986434012651443
0.6994475722312927 0.6769126057624817 -0.04808280989527702
0.6471025347709656 0.656129777431488 -0.05573882907629013
0.661628007888794 0.6660364270210266 -0.04697495698928833
0.6832141876220703 0.6731698513031006 -0.038355521857738495
