Dominik_image_five_73.jpg
0.6864667534828186 0.765853762626648 4.5585679231407994e-07
0.6372088193893433 0.7484757900238037 -0.01747298426926136
0.5878409743309021 0.7139955759048462 -0.029550965875387192
0.5426441431045532 0.7000036835670471 -0.04185539484024048
0.5049312114715576 0.7068537473678589 -0.05520748347043991
0.6207081079483032 0.585747480392456 -0.011996806599199772
0.5961106419563293 0.5154460072517395 -0.022888291627168655
0.582913339138031 0.471741259098053 -0.03400895744562149
0.5732700824737549 0.4332334101200104 -0.04362748935818672
0.6511980891227722 0.5709482431411743 -0.017642071470618248
0.6429742574691772 0.48670318722724915 -0.026025762781500816
0.6375118494033813 0.43392640352249146 -0.036309197545051575
0.6337561011314392 0.39197099208831787 -0.045454081147909164
0.6818421483039856 0.5743223428726196 -0.026555214077234268
0.6820554733276367 0.4972801208496094 -0.03847946971654892
0.6795938014984131 0.44971132278442383 -0.05056425929069519
0.6767556071281433 0.40928706526756287 -0.06048978492617607
0.7117409706115723 0.5921658873558044 -0.03742322325706482
0.7327170372009277 0.5378811955451965 -0.049370281398296356
0.7477782964706421 0.5003491640090942 -0.05639917403459549
0.7598955631256104 0.46621814370155334 -0.0623316764831543
