Dominik_image_spock_19.jpg
0.6680654883384705 0.6699085831642151 3.9016009623082937e-07
0.620823323726654 0.6546921133995056 -0.0184923205524683
0.5738040208816528 0.627643346786499 -0.03368397057056427
0.5313292145729065 0.6170294880867004 -0.048346105962991714
0.4948403239250183 0.6202139854431152 -0.06388447433710098
0.5924356579780579 0.5100908279418945 -0.023469028994441032
0.5699416995048523 0.44194573163986206 -0.039963290095329285
0.5590620040893555 0.4003976285457611 -0.05441588908433914
0.5485146045684814 0.3594089448451996 -0.06615661829710007
0.6163609623908997 0.4931904971599579 -0.028576387092471123
0.5920840501785278 0.4183124601840973 -0.044021449983119965
0.5788539052009583 0.3706439733505249 -0.057982124388217926
0.566770076751709 0.3267378509044647 -0.0692344531416893
0.6442753076553345 0.4979732036590576 -0.035591188818216324
0.6440072655677795 0.42578399181365967 -0.05156427621841431
0.6490537524223328 0.38095104694366455 -0.06144087016582489
0.6504161953926086 0.34332162141799927 -0.06853271275758743
0.6718682050704956 0.5166208744049072 -0.044279664754867554
0.6742907762527466 0.4599999785423279 -0.05631869286298752
0.6753810048103333 0.4239751100540161 -0.05998740345239639
0.6743484735488892 0.3904227018356323 -0.06317142397165298
