Dominik_image_two_10.jpg
0.7971545457839966 0.7910240888595581 -7.538348540947482e-07
0.8033106923103333 0.6581699252128601 0.05063312500715256
0.7749192714691162 0.5544235110282898 0.06391169130802155
0.7555722594261169 0.4762316048145294 0.06849934160709381
0.7708815336227417 0.42087388038635254 0.07053755968809128
0.7461255192756653 0.46241670846939087 0.012018575333058834
0.6511011123657227 0.3852241635322571 0.01541340071707964
0.5956635475158691 0.3641565144062042 0.01718791015446186
0.554162859916687 0.34658506512641907 0.015478343702852726
0.7241954803466797 0.49986210465431213 -0.015406521037220955
0.6205885410308838 0.46842536330223083 -0.006470984313637018
0.6346421837806702 0.516069233417511 0.005571042653173208
0.6681888699531555 0.5475097298622131 0.0056656403467059135
0.7007848024368286 0.555318295955658 -0.036415938287973404
0.6156872510910034 0.5341799855232239 -0.021733198314905167
0.6347435712814331 0.5786709785461426 -0.0009473544778302312
0.6648567914962769 0.5993222594261169 0.002231139224022627
0.680551290512085 0.6172342300415039 -0.053968217223882675
0.6189648509025574 0.594440758228302 -0.04142073914408684
0.6391287446022034 0.6277937889099121 -0.022591248154640198
0.663593053817749 0.6473116278648376 -0.014056509360671043
