Dominik_image_two_5.jpg
0.721854567527771 0.776231586933136 -2.566406749338057e-07
0.6729357838630676 0.68647301197052 -0.021170787513256073
0.6355001926422119 0.5759352445602417 -0.04144412651658058
0.5867581367492676 0.51160728931427 -0.06671435385942459
0.5339809656143188 0.4864501655101776 -0.09472791105508804
0.7409396171569824 0.46930521726608276 -0.026635216549038887
0.7844752669334412 0.35117268562316895 -0.059795577079057693
0.8185955882072449 0.28236454725265503 -0.08139637112617493
0.8503703474998474 0.22316737473011017 -0.09758737683296204
0.7940104007720947 0.495217502117157 -0.037890348583459854
0.7430450320243835 0.46237045526504517 -0.09637674689292908
0.7062703371047974 0.5480834245681763 -0.11215751618146896
0.6955782175064087 0.6089764833450317 -0.11012402176856995
0.8346707224845886 0.5408313274383545 -0.052126504480838776
0.7696322202682495 0.5373815894126892 -0.10383087396621704
0.7354061603546143 0.6163036227226257 -0.09488652646541595
0.7238849401473999 0.6664016246795654 -0.0751962810754776
0.8673640489578247 0.5952364206314087 -0.06875476986169815
0.8120190501213074 0.5851054787635803 -0.09643833339214325
0.7757604122161865 0.6327542662620544 -0.08441392332315445
0.7617558836936951 0.6652205586433411 -0.0671393945813179
