Dominik_image_three_81.jpg
0.6520307660102844 0.8621867895126343 4.316153194849903e-07
0.6513781547546387 0.7651208639144897 0.020495565608143806
0.6305444836616516 0.6932865977287292 0.026559120044112206
0.6193003058433533 0.6360056400299072 0.028470320627093315
0.6251847147941589 0.5913267135620117 0.029538551345467567
0.5709078907966614 0.6624640226364136 0.0028670120518654585
0.5119038224220276 0.5875471830368042 0.0012664832174777985
0.47644492983818054 0.5479176044464111 0.003554617753252387
0.4497813582420349 0.5196119546890259 0.007826312445104122
0.5403028726577759 0.6980787515640259 -0.006119235418736935
0.4675615429878235 0.6366524696350098 -0.0030610235407948494
0.4321099519729614 0.6005333662033081 0.0010811047395691276
0.4088307023048401 0.5746476054191589 0.006049899384379387
0.521887481212616 0.7435556650161743 -0.011270610615611076
0.5057674646377563 0.7224512696266174 -0.0010792892426252365
0.5254121422767639 0.7264983654022217 0.004576526582241058
0.5475245714187622 0.7366580367088318 0.010809878818690777
0.5129850506782532 0.7927474975585938 -0.015224906615912914
0.5119872093200684 0.773863673210144 0.0034028657246381044
0.5305969715118408 0.7796326875686646 0.01742129772901535
0.548865556716919 0.7880938649177551 0.02905564196407795
