Dominik_image_spock_83.jpg
0.7031497955322266 0.709105372428894 2.637692944063019e-07
0.6635532379150391 0.7015678882598877 -0.013990419916808605
0.6247801780700684 0.6824086308479309 -0.024872971698641777
0.5890508890151978 0.6753935813903809 -0.03569523245096207
0.5595813393592834 0.6785063743591309 -0.04700440540909767
0.6312811970710754 0.5898016691207886 -0.013359694741666317
0.6094576716423035 0.5389783382415771 -0.025282833725214005
0.5987848043441772 0.508597731590271 -0.036540765315294266
0.5885710716247559 0.4779723286628723 -0.045767370611429214
0.649154007434845 0.573429524898529 -0.017143383622169495
0.626323401927948 0.518439769744873 -0.02808353118598461
0.6131059527397156 0.4844365119934082 -0.03840361535549164
0.60057133436203 0.4536425471305847 -0.04688047617673874
0.671667218208313 0.57230544090271 -0.022768503054976463
0.666680097579956 0.5163031816482544 -0.03427307680249214
0.6667476892471313 0.48087435960769653 -0.040694460272789
0.6638779640197754 0.4515424370765686 -0.04545971006155014
0.6948883533477783 0.5818243622779846 -0.029867012053728104
0.6927265524864197 0.5360845327377319 -0.038187045603990555
0.6915745735168457 0.5081785321235657 -0.039784010499715805
0.689141571521759 0.48246288299560547 -0.04144371300935745
