Dominik_image_zero_53.jpg
0.7752838730812073 0.8282476663589478 -4.839174607695895e-07
0.7317644357681274 0.7248685956001282 -0.02840385027229786
0.7109972238540649 0.6322001814842224 -0.05267997458577156
0.6972936391830444 0.5694618821144104 -0.0716358944773674
0.6962974071502686 0.5764181613922119 -0.08545345813035965
0.7939764261245728 0.5824846625328064 -0.052776239812374115
0.700469970703125 0.6162691116333008 -0.0777677595615387
0.6972190737724304 0.6526644825935364 -0.0895598977804184
0.7181655764579773 0.6518833041191101 -0.09804259240627289
0.8098564743995667 0.6380153298377991 -0.055545624345541
0.6990603804588318 0.6694684624671936 -0.07606399059295654
0.7085645198822021 0.6930932998657227 -0.07642649114131927
0.731749415397644 0.6894695162773132 -0.07924842089414597
0.8126169443130493 0.701664388179779 -0.060046352446079254
0.7088919281959534 0.727599561214447 -0.07745596766471863
0.7193580865859985 0.744446337223053 -0.06723620742559433
0.74135822057724 0.7436874508857727 -0.06136561185121536
0.804985761642456 0.7644850611686707 -0.06807984411716461
0.7288064360618591 0.7779631018638611 -0.0792800560593605
0.7367924451828003 0.7835571765899658 -0.07420320063829422
0.7579355239868164 0.7796111106872559 -0.06981545686721802
0.7813312411308289 0.7353882789611816 -4.967140512235346e-07
0.7488816380500793 0.6693753004074097 -0.023848246783018112
0.7206410765647888 0.6015838384628296 -0.04692429304122925
0.6988137364387512 0.5604945421218872 -0.06466743350028992
0.6950719952583313 0.577531099319458 -0.07986331731081009
0.7877476215362549 0.5900633931159973 -0.07241567969322205
0.6927220821380615 0.6164740324020386 -0.09332595765590668
0.6859284043312073 0.6542639136314392 -0.09469776600599289
0.7052029967308044 0.6608954071998596 -0.09624210000038147
0.8065481185913086 0.6399697661399841 -0.07586248964071274
0.6990901827812195 0.6663328409194946 -0.09604515880346298
0.7022778987884521 0.6949833631515503 -0.08869340270757675
0.721508264541626 0.7040098905563354 -0.08561396598815918
0.8104130625724792 0.695343554019928 -0.0784841850399971
0.7102090716362 0.7175503969192505 -0.09471621364355087
0.7163728475570679 0.7372972369194031 -0.07788312435150146
0.7346130013465881 0.7442262172698975 -0.06797666847705841
0.8084352612495422 0.7482675313949585 -0.08329008519649506
0.732892632484436 0.7590189576148987 -0.09869157522916794
0.7338839173316956 0.7671544551849365 -0.09266708046197891
0.7484201788902283 0.7707619667053223 -0.0871380940079689
