Dominik_image_five_26.jpg
0.7152060270309448 0.7287072539329529 2.966128533898882e-07
0.6561517715454102 0.675069272518158 0.005167168565094471
0.630487322807312 0.6085397005081177 0.0005680758622474968
0.6117414832115173 0.5680599212646484 -0.0073230150155723095
0.5888386964797974 0.5354815721511841 -0.017317505553364754
0.6516836881637573 0.5368559956550598 -0.016710184514522552
0.6301239728927612 0.45946377515792847 -0.03839981555938721
0.60921311378479 0.4111984670162201 -0.05221714451909065
0.5887067317962646 0.373660683631897 -0.06297415494918823
0.6696779727935791 0.5453345775604248 -0.03682941198348999
0.6632590293884277 0.44938966631889343 -0.06141318008303642
0.6529285311698914 0.3900710344314575 -0.07880613207817078
0.6407426595687866 0.3393135070800781 -0.09128829091787338
0.6840924024581909 0.5735048651695251 -0.05688768997788429
0.6801614761352539 0.49200505018234253 -0.08291677385568619
0.6702195405960083 0.43852415680885315 -0.10064425319433212
0.6582993268966675 0.38881009817123413 -0.11324211955070496
0.6930803656578064 0.6163463592529297 -0.0755641832947731
0.6885888576507568 0.572087824344635 -0.10008037090301514
0.678643524646759 0.5390352010726929 -0.11296966671943665
0.668313205242157 0.5062162280082703 -0.12283424288034439
