Dominik_image_two_78.jpg
0.6765033602714539 0.8380138874053955 -1.342084061661808e-07
0.6109988689422607 0.8089228272438049 -0.024944184347987175
0.5455335378646851 0.7511031031608582 -0.04598267376422882
0.4856482446193695 0.7310460805892944 -0.06951545923948288
0.4380672872066498 0.7366492748260498 -0.09358257055282593
0.5907472968101501 0.5969824194908142 -0.03366417810320854
0.5896223783493042 0.49311327934265137 -0.06317906081676483
0.5908561944961548 0.4179145097732544 -0.0784173384308815
0.5953962802886963 0.35692185163497925 -0.08931911736726761
0.6396347880363464 0.5836249589920044 -0.03902345150709152
0.6109744906425476 0.635618269443512 -0.07755636423826218
0.6065415740013123 0.7100348472595215 -0.07792731374502182
0.6170715689659119 0.7180933952331543 -0.07047966122627258
0.686481237411499 0.6039104461669922 -0.04833332449197769
0.656927227973938 0.6685581803321838 -0.08375544846057892
0.6497818827629089 0.7270479798316956 -0.06973922252655029
0.6564578413963318 0.7215671539306641 -0.05307416990399361
0.727351188659668 0.6360295414924622 -0.060999151319265366
0.7031379342079163 0.68593430519104 -0.07948921620845795
0.6894626617431641 0.7317345142364502 -0.06678210943937302
0.6906511187553406 0.7322207689285278 -0.052120912820100784
