Dominik_image_two_26.jpg
0.45360881090164185 0.7446268200874329 -3.2168421171263617e-07
0.4105340540409088 0.6613873839378357 -0.010766147635877132
0.4033506214618683 0.56906658411026 -0.022071702405810356
0.3990979492664337 0.5080848932266235 -0.038418520241975784
0.3933313488960266 0.4617327153682709 -0.054666828364133835
0.49419093132019043 0.48742392659187317 -0.014678471721708775
0.5352868437767029 0.3969818353652954 -0.047709088772535324
0.562427818775177 0.34003889560699463 -0.06814470142126083
0.5890381932258606 0.2906512916088104 -0.08308257162570953
0.5353280305862427 0.5177911520004272 -0.026917127892374992
0.47053053975105286 0.49480873346328735 -0.07239361107349396
0.4383160173892975 0.5561312437057495 -0.078197181224823
0.4476415812969208 0.5844383835792542 -0.073673777282238
0.5590581297874451 0.564105212688446 -0.04302333667874336
0.48832106590270996 0.555184543132782 -0.07976829260587692
0.46244966983795166 0.6065477728843689 -0.06188828870654106
0.47585615515708923 0.6226855516433716 -0.04230361431837082
0.5719214677810669 0.6158962845802307 -0.062247954308986664
0.5128107070922852 0.6092017889022827 -0.0827966257929802
0.4889005422592163 0.6386497020721436 -0.0700913667678833
0.4994208514690399 0.6501715779304504 -0.05483870580792427
