Dominik_image_four_46.jpg
0.7279976606369019 0.6082030534744263 3.921200288914406e-07
0.6726348996162415 0.5997609496116638 -0.021723328158259392
0.6183846592903137 0.5558189153671265 -0.031089138239622116
0.5687913298606873 0.5458762645721436 -0.0380345843732357
0.5295384526252747 0.5534442663192749 -0.04734259098768234
0.6390802264213562 0.4289095997810364 -0.017162080854177475
0.6205944418907166 0.35374823212623596 -0.027942704036831856
0.6129881143569946 0.30335187911987305 -0.03837750479578972
0.6056519746780396 0.25741294026374817 -0.048159170895814896
0.6744183897972107 0.4070563018321991 -0.022955358028411865
0.6625510454177856 0.31462177634239197 -0.03231462463736534
0.6563205122947693 0.25245770812034607 -0.044362179934978485
0.6494556069374084 0.19932547211647034 -0.05430000647902489
0.7083069682121277 0.41221314668655396 -0.03182034566998482
0.7154333591461182 0.3301297724246979 -0.05380619689822197
0.7192980051040649 0.2765200138092041 -0.075117327272892
0.720753014087677 0.23134393990039825 -0.09045443683862686
0.7413361072540283 0.43656259775161743 -0.041562583297491074
0.7441651821136475 0.41055551171302795 -0.0695093497633934
0.742996096611023 0.45142340660095215 -0.07933854311704636
0.7419694066047668 0.49236035346984863 -0.08556075394153595
