Dominik_image_spock_34.jpg
0.6770097613334656 0.6681364178657532 2.3720616582068033e-07
0.637538492679596 0.6581142544746399 -0.008851263672113419
0.6008160710334778 0.6329132914543152 -0.015383686870336533
0.5713763236999512 0.6218582391738892 -0.022859035059809685
0.546947717666626 0.6267256140708923 -0.03144577518105507
0.6140404939651489 0.5426613092422485 -0.007627613842487335
0.5976129174232483 0.49138766527175903 -0.017855361104011536
0.5894737243652344 0.45945310592651367 -0.027827877551317215
0.5811047554016113 0.4283539056777954 -0.036137904971838
0.6314635872840881 0.5289691090583801 -0.013792203739285469
0.6143607497215271 0.4713657796382904 -0.023922130465507507
0.6034515500068665 0.43419456481933594 -0.033966440707445145
0.5928128361701965 0.40082401037216187 -0.04203914850950241
0.6519685983657837 0.5302843451499939 -0.02164914645254612
0.6526572108268738 0.47381675243377686 -0.03295835852622986
0.6566442251205444 0.43589353561401367 -0.04080537334084511
0.6584033370018005 0.403439998626709 -0.04637951776385307
0.6718094944953918 0.5426139235496521 -0.030606631189584732
0.6729984879493713 0.4963364899158478 -0.03954879567027092
0.6734632253646851 0.46541067957878113 -0.042817167937755585
0.6730657815933228 0.436637282371521 -0.045703619718551636
