Dominik_image_three_13.jpg
0.6415635347366333 0.6759175658226013 4.226899932291417e-07
0.6072006821632385 0.6679579019546509 -0.011647224426269531
0.567890465259552 0.6451448202133179 -0.019881747663021088
0.5332872867584229 0.6415907740592957 -0.02920866198837757
0.5057849287986755 0.648557186126709 -0.03846641257405281
0.5724495053291321 0.5732976198196411 -0.012769361957907677
0.553807258605957 0.5227694511413574 -0.024324165657162666
0.5425398945808411 0.49035826325416565 -0.030929531902074814
0.5326688289642334 0.4624805152416229 -0.034891337156295776
0.5937634110450745 0.5641679763793945 -0.017433619126677513
0.5818284153938293 0.5064806938171387 -0.0322280079126358
0.5733917355537415 0.4690682888031006 -0.04111478477716446
0.567568838596344 0.4376097023487091 -0.04477577656507492
0.6186090111732483 0.5672966837882996 -0.023041099309921265
0.6127135753631592 0.5570123791694641 -0.04336538538336754
0.6123293042182922 0.5984797477722168 -0.04531824588775635
0.6137740612030029 0.6269471049308777 -0.040037356317043304
0.6425484418869019 0.5776975750923157 -0.029235566034913063
0.635126531124115 0.5743175745010376 -0.043673139065504074
0.6317115426063538 0.6070570945739746 -0.04104073345661163
0.6302903294563293 0.6304600834846497 -0.03504061698913574
