Dominik_image_three_72.jpg
0.5812376737594604 0.9793818593025208 9.053201210917905e-07
0.5717580914497375 0.8905564546585083 -0.028174988925457
0.5480536222457886 0.8101872801780701 -0.04825801029801369
0.5433545708656311 0.7249257564544678 -0.060802530497312546
0.5567699074745178 0.6598378419876099 -0.07148196548223495
0.47691038250923157 0.8522359132766724 -0.07022538781166077
0.39020246267318726 0.784359335899353 -0.08406656980514526
0.34715577960014343 0.7508188486099243 -0.08529336005449295
0.31636255979537964 0.720754086971283 -0.0823788121342659
0.45124104619026184 0.9105566740036011 -0.055848896503448486
0.3577738106250763 0.858660876750946 -0.06605716794729233
0.30963438749313354 0.8217923045158386 -0.06257550418376923
0.28048327565193176 0.792218804359436 -0.05763201043009758
0.4410894215106964 0.9555057883262634 -0.03867713361978531
0.40525880455970764 0.8883765339851379 -0.04018000140786171
0.4257233142852783 0.8753015398979187 -0.03023122251033783
0.4508369565010071 0.8805865049362183 -0.019493943080306053
0.4375636875629425 0.9857316017150879 -0.024074606597423553
0.42448434233665466 0.9322565197944641 -0.018072381615638733
0.4423401355743408 0.9244555830955505 -0.0071834600530564785
0.4613669216632843 0.9282406568527222 0.003872394561767578
