Dominik_image_one_13.jpg
0.7336037755012512 0.6961564421653748 -4.2311586412324687e-07
0.699005126953125 0.6374441981315613 -0.02681613154709339
0.6737761497497559 0.5570458769798279 -0.04053185507655144
0.6408609747886658 0.508355975151062 -0.053612180054187775
0.6048269867897034 0.49011698365211487 -0.06220534071326256
0.7383368015289307 0.5014137625694275 -0.010356593877077103
0.7782663702964783 0.47700628638267517 -0.04031355679035187
0.7522440552711487 0.5221454501152039 -0.05472000688314438
0.7326804995536804 0.5386067628860474 -0.06082117557525635
0.7698440551757812 0.5308873057365417 -0.009758234955370426
0.8045402765274048 0.5131546854972839 -0.044275689870119095
0.7665151953697205 0.5630617737770081 -0.05145867168903351
0.7474727630615234 0.5668464303016663 -0.049343835562467575
0.7950878143310547 0.5606921315193176 -0.015186539851129055
0.8218391537666321 0.5472376942634583 -0.04923343285918236
0.7841981649398804 0.5929234027862549 -0.04431081563234329
0.7643832564353943 0.5967717170715332 -0.03294173628091812
0.8172013163566589 0.5912860631942749 -0.022611534222960472
0.8336623311042786 0.579248309135437 -0.04000585898756981
0.8049890995025635 0.6119483709335327 -0.032775379717350006
0.7864938974380493 0.6163817048072815 -0.023316651582717896
