Dominik_image_spock_54.jpg
0.641765296459198 0.6909058690071106 2.7398127144806494e-07
0.5987445712089539 0.6870130896568298 -0.015113886445760727
0.5564779043197632 0.667763888835907 -0.025404421612620354
0.5207918286323547 0.6605135202407837 -0.03572329133749008
0.49190646409988403 0.6649428606033325 -0.04650656133890152
0.5628110766410828 0.5654202699661255 -0.011485561728477478
0.5384466052055359 0.5114611983299255 -0.023234963417053223
0.5256348252296448 0.4788774847984314 -0.03482880815863609
0.5130337476730347 0.4471319019794464 -0.04450516402721405
0.5816108584403992 0.5461845397949219 -0.01602276973426342
0.5563966035842896 0.4853554368019104 -0.026232393458485603
0.5402567982673645 0.44766587018966675 -0.036834053695201874
0.5254393219947815 0.41451677680015564 -0.04573377966880798
0.6045251488685608 0.542980432510376 -0.022984983399510384
0.5945407748222351 0.4812251925468445 -0.03381555154919624
0.5910482406616211 0.44183462858200073 -0.04089169576764107
0.5860453844070435 0.40831252932548523 -0.04656689241528511
0.6289776563644409 0.551731526851654 -0.0318380631506443
0.6230324506759644 0.5029515624046326 -0.040278658270835876
0.6189441084861755 0.47164833545684814 -0.04261517524719238
0.6135656833648682 0.4432606101036072 -0.045074641704559326
