Dominik_image_four_13.jpg
0.7707670331001282 0.6349104046821594 4.4412300326257537e-07
0.7601978182792664 0.5429325699806213 0.017482345923781395
0.7467535138130188 0.4700905382633209 0.01094371359795332
0.760384202003479 0.40009021759033203 0.0008109055925160646
0.7872240543365479 0.3506620526313782 -0.01290624774992466
0.6798995733261108 0.43837204575538635 -0.021237436681985855
0.606381356716156 0.3715395927429199 -0.03562990576028824
0.568191409111023 0.3360152542591095 -0.041762448847293854
0.5382101535797119 0.30575090646743774 -0.04437898099422455
0.6624616384506226 0.47241032123565674 -0.037721529603004456
0.574970543384552 0.4126698970794678 -0.05579197034239769
0.5235798358917236 0.3772071599960327 -0.06409698724746704
0.489654541015625 0.34828197956085205 -0.0693390741944313
0.6512006521224976 0.5243638753890991 -0.04959465190768242
0.5602712035179138 0.4897814989089966 -0.07287976145744324
0.5105041265487671 0.46923136711120605 -0.08319146186113358
0.47877633571624756 0.44890284538269043 -0.08782932907342911
0.645483136177063 0.5792828798294067 -0.05678822100162506
0.59566330909729 0.5577532649040222 -0.06937485933303833
0.6138469576835632 0.5675068497657776 -0.06333193182945251
0.636019229888916 0.5740443468093872 -0.05750920623540878
