Dominik_image_four_54.jpg
0.8053709864616394 0.6989230513572693 6.930087579348765e-07
0.8325284123420715 0.6124759316444397 -0.0038867106195539236
0.8423430919647217 0.5300772190093994 -0.014223619364202023
0.8643200993537903 0.4540421664714813 -0.022301150485873222
0.8938419222831726 0.4018857479095459 -0.03181740641593933
0.7495132088661194 0.48351868987083435 -0.02761641889810562
0.6801367998123169 0.39803457260131836 -0.031380124390125275
0.6412501335144043 0.3554057478904724 -0.030289867892861366
0.6103790402412415 0.32195785641670227 -0.029149435460567474
0.7128622531890869 0.5232323408126831 -0.031514205038547516
0.629808247089386 0.43802982568740845 -0.0442238487303257
0.583125114440918 0.39026641845703125 -0.04882059246301651
0.5496234893798828 0.3539297580718994 -0.04920998215675354
0.6845976114273071 0.5758504867553711 -0.03214804455637932
0.6090006828308105 0.5048714876174927 -0.04743935912847519
0.5679273009300232 0.46547114849090576 -0.05532526969909668
0.5395492315292358 0.4366212487220764 -0.05718446522951126
0.6698445677757263 0.6330810785293579 -0.030634025111794472
0.6323970556259155 0.5756793022155762 -0.03522051125764847
0.6466571092605591 0.5820600986480713 -0.025989381596446037
0.6651542782783508 0.5929391384124756 -0.016911296173930168
