Dominik_image_three_65.jpg
0.6016523838043213 1.030028223991394 7.99007636942406e-07
0.6090452671051025 0.938994288444519 -0.042649492621421814
0.5910953879356384 0.8540660738945007 -0.07171989232301712
0.5842253565788269 0.7699641585350037 -0.08861768245697021
0.5961018800735474 0.7050591111183167 -0.10434576869010925
0.5224940776824951 0.9031803011894226 -0.10109061002731323
0.4376818835735321 0.8323947191238403 -0.12652727961540222
0.3929344415664673 0.791608989238739 -0.13541454076766968
0.360897034406662 0.7579552531242371 -0.13788381218910217
0.4923562705516815 0.9581642150878906 -0.08150670677423477
0.4001551866531372 0.8938193917274475 -0.10441244393587112
0.35291287302970886 0.8453798890113831 -0.10622533410787582
0.3216456174850464 0.807109534740448 -0.1050097644329071
0.4745350480079651 0.9941757321357727 -0.05940565839409828
0.4033726155757904 0.9266428351402283 -0.06865932792425156
0.3740416467189789 0.8789666295051575 -0.06580283492803574
0.3563949465751648 0.8454164862632751 -0.062395866960287094
0.4660091996192932 1.0140529870986938 -0.04013386368751526
0.41831180453300476 0.9531916379928589 -0.04130983352661133
0.3961354196071625 0.9180258512496948 -0.036405470222234726
0.38085561990737915 0.8900646567344666 -0.03152567148208618
