Dominik_image_one_78.jpg
0.7297973036766052 0.5837568044662476 6.956972242733173e-08
0.6811317801475525 0.5930402874946594 -0.060650311410427094
0.6322497129440308 0.6028736233711243 -0.10762391984462738
0.5980892777442932 0.6294752955436707 -0.14455564320087433
0.566163957118988 0.6756519079208374 -0.17588135600090027
0.594637393951416 0.4419286549091339 -0.09214276820421219
0.65996253490448 0.43068361282348633 -0.12329836189746857
0.6766964793205261 0.4807682931423187 -0.12850861251354218
0.6624324321746826 0.502927839756012 -0.1305505782365799
0.6270636320114136 0.4024858772754669 -0.07807081192731857
0.6911643147468567 0.4042516350746155 -0.10797375440597534
0.7050278782844543 0.4791540801525116 -0.10308003425598145
0.6862168908119202 0.4879589080810547 -0.09728357195854187
0.6658692955970764 0.3823850750923157 -0.06753381341695786
0.7209732532501221 0.38651156425476074 -0.09735975414514542
0.7287279367446899 0.4591960310935974 -0.08662798255681992
0.7082846760749817 0.4758269190788269 -0.07696442306041718
0.7069439888000488 0.37700802087783813 -0.061533767729997635
0.7399411797523499 0.3818472623825073 -0.0811559408903122
0.7442189455032349 0.4376896321773529 -0.07554611563682556
0.7294379472732544 0.4579477906227112 -0.06955266743898392
