Dominik_image_two_43.jpg
0.6681615114212036 0.8267011642456055 6.053285517282347e-08
0.6332465410232544 0.7167311906814575 -0.03667541593313217
0.6195863485336304 0.5861003398895264 -0.06605363637208939
0.5929678082466125 0.4832726716995239 -0.09624484926462173
0.5571138262748718 0.4139212667942047 -0.12517103552818298
0.735933780670166 0.4807503819465637 -0.0490194708108902
0.8036795258522034 0.38107046484947205 -0.09811636060476303
0.8556339144706726 0.31904497742652893 -0.12661683559417725
0.9041150808334351 0.26497340202331543 -0.14429646730422974
0.791991114616394 0.520177960395813 -0.04866920784115791
0.7938446998596191 0.5539746284484863 -0.09871702641248703
0.72817063331604 0.6165657639503479 -0.09306245297193527
0.7074748873710632 0.6079046726226807 -0.07903597503900528
0.8317914605140686 0.5881015062332153 -0.05480639636516571
0.8177808523178101 0.6355398893356323 -0.10479332506656647
0.7534976005554199 0.6755958199501038 -0.08328897505998611
0.7374781370162964 0.6535182595252991 -0.05767657235264778
0.8609433174133301 0.6626537442207336 -0.06478174775838852
0.8494743704795837 0.6952832937240601 -0.09268501400947571
0.7899370789527893 0.7174011468887329 -0.07444071769714355
0.7649894952774048 0.698961615562439 -0.05310112610459328
