Dominik_image_two_70.jpg
0.6952365040779114 0.9477263689041138 9.463104788665078e-08
0.7362906336784363 0.8383966684341431 -0.007293077185750008
0.7628698945045471 0.7318711876869202 -0.027862941846251488
0.8142798542976379 0.6490449905395508 -0.04553733393549919
0.867938220500946 0.6073524951934814 -0.06570091098546982
0.6849415302276611 0.6992793083190918 -0.0712556466460228
0.5994033217430115 0.5715693235397339 -0.08883210271596909
0.5557742714881897 0.511604905128479 -0.09535017609596252
0.5154511332511902 0.4677343964576721 -0.09943583607673645
0.6303373575210571 0.7355411052703857 -0.07158413529396057
0.5852944850921631 0.6324532628059387 -0.07547527551651001
0.6087808609008789 0.6550000905990601 -0.0575445294380188
0.6319465637207031 0.6930578351020813 -0.049223825335502625
0.5838958621025085 0.7808142900466919 -0.06826962530612946
0.5639504790306091 0.6881871819496155 -0.06976501643657684
0.5812088251113892 0.7141894698143005 -0.048237066715955734
0.5971196293830872 0.7550872564315796 -0.03752656280994415
0.5458829402923584 0.8185542821884155 -0.06467094272375107
0.5364489555358887 0.7309609651565552 -0.06015094369649887
0.5575249195098877 0.7568783164024353 -0.038910456001758575
0.5725262761116028 0.7954351902008057 -0.025996379554271698
