Dominik_image_four_8.jpg
0.7385379672050476 0.6681550741195679 4.7181143258967495e-07
0.6756598353385925 0.6885133981704712 -0.018945544958114624
0.6044679880142212 0.661521852016449 -0.026218844577670097
0.5511264801025391 0.6658086180686951 -0.03059859201312065
0.5116506218910217 0.683946967124939 -0.03762861713767052
0.611040472984314 0.5103316307067871 -0.02438945882022381
0.5681784749031067 0.43581488728523254 -0.03680092841386795
0.5407281517982483 0.3860076069831848 -0.04655354470014572
0.5169500708580017 0.340514212846756 -0.05623270943760872
0.6474857330322266 0.4735545516014099 -0.03221527487039566
0.6170634031295776 0.3790142238140106 -0.04318906366825104
0.5949364900588989 0.31399476528167725 -0.05599703639745712
0.5757608413696289 0.25774917006492615 -0.06666813790798187
0.6883864998817444 0.4682084023952484 -0.04216272011399269
0.6828886866569519 0.38672083616256714 -0.06823587417602539
0.6740898489952087 0.3330719470977783 -0.094112828373909
0.6658509373664856 0.2902882993221283 -0.11259111016988754
0.7277752757072449 0.48589879274368286 -0.05213015526533127
0.7272422909736633 0.4802683889865875 -0.08827273547649384
0.7330411076545715 0.5316448211669922 -0.10382126271724701
0.7380098700523376 0.5777801275253296 -0.11338361352682114
