Dominik_image_two_34.jpg
0.6748700737953186 0.9931123852729797 -2.7330767693456437e-07
0.629925549030304 0.9025164246559143 -0.04703759774565697
0.601963460445404 0.7674360275268555 -0.08774399012327194
0.5730340480804443 0.6672347784042358 -0.12791500985622406
0.5345407724380493 0.5900912284851074 -0.1665569543838501
0.7334043383598328 0.6984995603561401 -0.08627026528120041
0.8036433458328247 0.6072612404823303 -0.14204709231853485
0.8603972792625427 0.5497697591781616 -0.16784876585006714
0.9093010425567627 0.49734067916870117 -0.18457956612110138
0.8004921078681946 0.7353840470314026 -0.08605090528726578
0.7999224662780762 0.8222105503082275 -0.14499348402023315
0.7335757613182068 0.8686201572418213 -0.13952650129795074
0.7171096801757812 0.8352583050727844 -0.12801529467105865
0.8421919941902161 0.8045296669006348 -0.09121045470237732
0.8254308104515076 0.9028455018997192 -0.154070645570755
0.7617600560188293 0.9311562776565552 -0.13514286279678345
0.7499369978904724 0.8910558223724365 -0.11323864758014679
0.8718057870864868 0.8843871355056763 -0.10061203688383102
0.8655382990837097 0.9585689902305603 -0.1416574865579605
0.805666983127594 0.9765052199363708 -0.13050366938114166
0.7809509634971619 0.9417755603790283 -0.11615119129419327
