Dominik_image_three_7.jpg
0.6087613105773926 0.6612976789474487 3.20434025979921e-07
0.6095110177993774 0.6248463988304138 -0.0003983934875577688
0.6057265996932983 0.5790725946426392 -0.005388280842453241
0.6082996726036072 0.5425293445587158 -0.011578110046684742
0.6209142208099365 0.5173657536506653 -0.018034853041172028
0.5787646174430847 0.5565580129623413 -0.015404327772557735
0.5462780594825745 0.5082963109016418 -0.024246586486697197
0.5252272486686707 0.48098623752593994 -0.026562239974737167
0.509495735168457 0.4600701928138733 -0.027691058814525604
0.5663671493530273 0.5688089728355408 -0.02016483247280121
0.5189964771270752 0.5407181978225708 -0.03117470070719719
0.49017587304115295 0.524072527885437 -0.03563075140118599
0.4694750905036926 0.5088273286819458 -0.037491023540496826
0.5563716292381287 0.5906178951263428 -0.02354792132973671
0.5242169499397278 0.6052087545394897 -0.031503986567258835
0.5361879467964172 0.6180946230888367 -0.02844310738146305
0.5505015254020691 0.6202142238616943 -0.023845624178647995
0.5482009649276733 0.6168660521507263 -0.027216818183660507
0.5303868055343628 0.6350398063659668 -0.03200233727693558
0.543968677520752 0.6434475779533386 -0.028935646638274193
0.5565882921218872 0.6409532427787781 -0.02451818808913231
