Dominik_image_zero_69.jpg
0.7814995646476746 0.6178941130638123 -4.5823315986126545e-07
0.7123259902000427 0.5983788371086121 -0.0040929559618234634
0.666264533996582 0.5680752396583557 -0.0005817385390400887
0.6427074670791626 0.5151057243347168 -0.0007731036166660488
0.6557025909423828 0.48919782042503357 0.0042617786675691605
0.6853443384170532 0.504878580570221 0.03718827664852142
0.6742974519729614 0.46232131123542786 0.019777800887823105
0.6819980144500732 0.5121504068374634 0.007763385307043791
0.6867167353630066 0.5303797721862793 0.0024903914891183376
0.7150385975837708 0.49595966935157776 0.033128801733255386
0.7017771601676941 0.45305806398391724 0.013229846954345703
0.7100849151611328 0.5159240961074829 0.006578600034117699
0.7145519256591797 0.5304977893829346 0.008647162467241287
0.7450219392776489 0.4910869896411896 0.023463355377316475
0.7319345474243164 0.449531614780426 0.003712330712005496
0.7360478639602661 0.5128604769706726 0.011793908663094044
0.7413321733474731 0.5336858630180359 0.024630598723888397
0.7777446508407593 0.4929322898387909 0.012596330605447292
0.7659723162651062 0.462039589881897 0.008413100615143776
0.7615178227424622 0.5086358785629272 0.020388666540384293
0.7646383047103882 0.5272291898727417 0.03252190351486206
