Dominik_image_spock_86.jpg
0.7199093103408813 0.7208144664764404 2.866551938041084e-07
0.6812079548835754 0.7110992074012756 -0.01395891048014164
0.643233597278595 0.689510703086853 -0.02425229363143444
0.6090205907821655 0.6782810688018799 -0.034410715103149414
0.5806251168251038 0.6793976426124573 -0.04486483708024025
0.6547940373420715 0.5994002819061279 -0.012924673035740852
0.6364421248435974 0.5486721396446228 -0.024361588060855865
0.6280847787857056 0.517880380153656 -0.03510456904768944
0.6193332672119141 0.48707717657089233 -0.043948978185653687
0.6737843155860901 0.5835127830505371 -0.01668764464557171
0.6544081568717957 0.5273833274841309 -0.027222245931625366
0.6430287957191467 0.49191081523895264 -0.037278011441230774
0.6316422820091248 0.4598398208618164 -0.04558749869465828
0.6962420344352722 0.5835724472999573 -0.022305766120553017
0.6946304440498352 0.5295341610908508 -0.03370166942477226
0.6965207457542419 0.494211345911026 -0.040296535938978195
0.6958193182945251 0.4646274447441101 -0.04513346403837204
0.7184298634529114 0.594892144203186 -0.029426733031868935
0.7181468605995178 0.5503562092781067 -0.0380614772439003
0.7179446816444397 0.5220815539360046 -0.040149252861738205
0.7165653109550476 0.4955686330795288 -0.04209243878722191
