Dominik_image_spock_12.jpg
0.6318498253822327 0.694761335849762 4.6899458538973704e-07
0.6469560265541077 0.6344560384750366 -0.0034593346063047647
0.6579979062080383 0.5798646807670593 -0.013849957846105099
0.6787216663360596 0.5337294340133667 -0.02395283803343773
0.699070394039154 0.5058354735374451 -0.035078682005405426
0.6079884767532349 0.548554539680481 -0.02936640940606594
0.5743087530136108 0.4796920418739319 -0.04122212901711464
0.5541098117828369 0.44372129440307617 -0.04627430438995361
0.5378692746162415 0.411089152097702 -0.05000150948762894
0.5854898691177368 0.5670737624168396 -0.0350722074508667
0.5511057376861572 0.493588924407959 -0.053735483437776566
0.5283308625221252 0.44730252027511597 -0.06685572862625122
0.5109619498252869 0.4094894230365753 -0.07575564831495285
0.5666581988334656 0.595444917678833 -0.038303013890981674
0.5166666507720947 0.5501541495323181 -0.054198700934648514
0.4833565056324005 0.5227311849594116 -0.0655878484249115
0.4603929817676544 0.5033663511276245 -0.07224084436893463
0.5527209043502808 0.6263533234596252 -0.040441498160362244
0.5143342018127441 0.5814765095710754 -0.05274299532175064
0.49332186579704285 0.5615012645721436 -0.05886954441666603
0.4744475781917572 0.5429323315620422 -0.062362078577280045
