Dominik_image_one_86.jpg
0.7666614055633545 0.5732055306434631 -5.945008751950809e-07
0.7343239188194275 0.5980126857757568 -0.06125527247786522
0.6840714812278748 0.6126566529273987 -0.10054686665534973
0.6405080556869507 0.6424508690834045 -0.13033851981163025
0.6027386784553528 0.6901853084564209 -0.152800515294075
0.6365049481391907 0.4686141014099121 -0.07913216948509216
0.6962425708770752 0.4796604514122009 -0.11703189462423325
0.7145139575004578 0.5229362845420837 -0.1292262077331543
0.6947730183601379 0.5278065800666809 -0.1377245932817459
0.6633572578430176 0.422076940536499 -0.06730706244707108
0.7298707962036133 0.45024701952934265 -0.11204015463590622
0.7445992231369019 0.5090150237083435 -0.11631432920694351
0.719336986541748 0.5008738040924072 -0.11563469469547272
0.6985428929328918 0.3929270803928375 -0.06066387891769409
0.7588930130004883 0.4289127290248871 -0.09974832087755203
0.7637931108474731 0.48140543699264526 -0.08984515815973282
0.7423982620239258 0.4776771068572998 -0.08015557378530502
0.7311007380485535 0.375812828540802 -0.06030237302184105
0.7767370939254761 0.40202978253364563 -0.08990699052810669
0.7786895632743835 0.44716233015060425 -0.09213194996118546
0.7616387009620667 0.4530821144580841 -0.09060696512460709
