Dominik_image_zero_34.jpg
0.7255542278289795 0.5946846604347229 -4.666486859150609e-07
0.6834595799446106 0.5173470973968506 -0.014404578134417534
0.6683764457702637 0.44086751341819763 -0.020338106900453568
0.6670370101928711 0.3853209912776947 -0.026243573054671288
0.6849600076675415 0.36118608713150024 -0.027928806841373444
0.750882089138031 0.3843037486076355 0.0017020759405568242
0.6961385607719421 0.37459850311279297 -0.017687957733869553
0.6831135749816895 0.4186616539955139 -0.030451826751232147
0.6889423131942749 0.4423453211784363 -0.03722748905420303
0.7721880674362183 0.4027442932128906 -0.00020431580196600407
0.7051053643226624 0.407798707485199 -0.01755465753376484
0.6954321265220642 0.4505092203617096 -0.02140287309885025
0.7065607309341431 0.46316227316856384 -0.02120511792600155
0.7820490598678589 0.43575039505958557 -0.006379980593919754
0.7167145013809204 0.4484514594078064 -0.023253049701452255
0.7090426087379456 0.4831688702106476 -0.017369508743286133
0.7226353883743286 0.491733193397522 -0.01040785200893879
0.7832218408584595 0.4753998816013336 -0.015045255422592163
0.7302743792533875 0.4896988570690155 -0.02640780620276928
0.7241576910018921 0.514166533946991 -0.023465212434530258
0.7380452156066895 0.5197822451591492 -0.017841702327132225
