Dominik_image_two_75.jpg
0.6788632273674011 0.8370349407196045 -6.621118586735975e-08
0.6150714755058289 0.8119308352470398 -0.0279195886105299
0.5474176406860352 0.7598611116409302 -0.05389336496591568
0.4810609817504883 0.747049868106842 -0.08301221579313278
0.42913222312927246 0.7563093304634094 -0.11251899600028992
0.5845881104469299 0.5970862507820129 -0.035313162952661514
0.580810010433197 0.4933788776397705 -0.06887705624103546
0.5807090997695923 0.4148838520050049 -0.08419410139322281
0.585361659526825 0.35292261838912964 -0.09412851929664612
0.6325653791427612 0.582365870475769 -0.0404730848968029
0.6057382822036743 0.6283749341964722 -0.08000738173723221
0.604900062084198 0.7097055315971375 -0.07534012198448181
0.6169824600219727 0.7105373740196228 -0.06349287182092667
0.6803635954856873 0.59893399477005 -0.050788287073373795
0.6531100869178772 0.6605302095413208 -0.08621712774038315
0.6487933993339539 0.7240471839904785 -0.06623029708862305
0.6570287942886353 0.7157236337661743 -0.04561672732234001
0.7220246195793152 0.628200888633728 -0.06530407816171646
0.699694037437439 0.6786381006240845 -0.08354759216308594
0.6864483952522278 0.7276169061660767 -0.0685509517788887
0.6882949471473694 0.7270938754081726 -0.05227673798799515
