Dominik_image_four_78.jpg
0.5699435472488403 0.9220659732818604 6.475956411122752e-07
0.570320188999176 0.8065499663352966 -0.0005900049582123756
0.5581220984458923 0.7187201380729675 -0.00735618406906724
0.5641161799430847 0.6328136920928955 -0.011504587717354298
0.5824979543685913 0.5684564113616943 -0.0166818518191576
0.4533124566078186 0.7294567227363586 -0.03504454344511032
0.36337342858314514 0.655828595161438 -0.03563600778579712
0.31723809242248535 0.6224800944328308 -0.027430107817053795
0.28564882278442383 0.5985299348831177 -0.019479580223560333
0.41839301586151123 0.7937276363372803 -0.03353099524974823
0.31240344047546387 0.739021897315979 -0.0361296683549881
0.2561803460121155 0.7114192247390747 -0.0286147091537714
0.2201313078403473 0.6892542839050293 -0.020075157284736633
0.40494266152381897 0.8604311347007751 -0.027748705819249153
0.32050850987434387 0.8139230012893677 -0.029372233897447586
0.2778029441833496 0.7768413424491882 -0.03184506669640541
0.2544045150279999 0.7521334290504456 -0.031437136232852936
0.4092281460762024 0.9150810837745667 -0.020356280729174614
0.38716694712638855 0.8715226650238037 -0.018463999032974243
0.397702693939209 0.8471275568008423 -0.01403778325766325
0.4150600731372833 0.832176923751831 -0.007788788061589003
