Dominik_image_five_7.jpg
0.646958589553833 0.7203564047813416 4.371680120129895e-07
0.6863275766372681 0.6548771262168884 0.004011175595223904
0.7089945077896118 0.5985054969787598 -0.0023802558425813913
0.7335141897201538 0.5483385324478149 -0.00932126771658659
0.7573760747909546 0.5168428421020508 -0.01774805411696434
0.6552816033363342 0.5402865409851074 -0.02052811160683632
0.6450105905532837 0.45272529125213623 -0.029231542721390724
0.6363384127616882 0.403699666261673 -0.032547034323215485
0.6305469274520874 0.36342376470565796 -0.03534187003970146
0.621715784072876 0.5512909889221191 -0.02796851098537445
0.5984500646591187 0.46150848269462585 -0.04340311512351036
0.5820441842079163 0.406667560338974 -0.053187236189842224
0.5712858438491821 0.3638250231742859 -0.06048357114195824
0.5928460955619812 0.5743959546089172 -0.03247543424367905
0.5653572678565979 0.49470219016075134 -0.04580965265631676
0.5493724346160889 0.44527101516723633 -0.05419100075960159
0.5384422540664673 0.4063568711280823 -0.05991659685969353
0.570556104183197 0.6035093069076538 -0.03511646389961243
0.5353063941001892 0.5490807294845581 -0.04784400388598442
0.5149109363555908 0.5213054418563843 -0.05356963351368904
0.4956875145435333 0.4937969148159027 -0.05642284080386162
