Dominik_image_spock_29.jpg
0.7135433554649353 0.7093236446380615 1.184795337394462e-07
0.6722161769866943 0.6896961331367493 -0.014431691728532314
0.6310614347457886 0.6644238233566284 -0.02460912987589836
0.5943592190742493 0.655777633190155 -0.034980107098817825
0.5658631920814514 0.6603103876113892 -0.04587022587656975
0.6537965536117554 0.567315936088562 -0.012661074288189411
0.6408304572105408 0.5119044184684753 -0.02434113621711731
0.6367225050926208 0.48054784536361694 -0.03499156981706619
0.6332736611366272 0.4486692547798157 -0.043788451701402664
0.6748795509338379 0.5555499792098999 -0.016866790130734444
0.65921550989151 0.49276918172836304 -0.027597740292549133
0.6521030068397522 0.455389142036438 -0.03709583356976509
0.6462416648864746 0.4206814169883728 -0.04520818963646889
0.6992145776748657 0.5598748326301575 -0.023422623053193092
0.7032954096794128 0.5007262825965881 -0.03575490415096283
0.7106907963752747 0.46526598930358887 -0.04304969683289528
0.7155870199203491 0.4348106384277344 -0.048117294907569885
0.7229366898536682 0.574432373046875 -0.03159736841917038
0.7272321581840515 0.5258806943893433 -0.040536344051361084
0.7306713461875916 0.4954048991203308 -0.04279305040836334
0.7325103282928467 0.4659060835838318 -0.045142341405153275
