Dominik_image_two_1.jpg
0.6984002590179443 0.7663048505783081 2.233413596286482e-07
0.6243603825569153 0.6344465017318726 -0.012608880177140236
0.5824339985847473 0.5226307511329651 -0.022042036056518555
0.539821982383728 0.4525197148323059 -0.03715074434876442
0.4932350218296051 0.4054301083087921 -0.053264591842889786
0.6962948441505432 0.43931645154953003 0.014129869639873505
0.7173115015029907 0.34620991349220276 -0.011146387085318565
0.7314195036888123 0.2780369818210602 -0.03739994391798973
0.7426336407661438 0.21592754125595093 -0.058088209480047226
0.7413759231567383 0.4589436650276184 0.0016776296542957425
0.6995348930358887 0.38869476318359375 -0.04253758490085602
0.6546961069107056 0.4524819254875183 -0.06555453687906265
0.6358273029327393 0.5183666944503784 -0.07203446328639984
0.7758349776268005 0.49655187129974365 -0.014919727109372616
0.7200357913970947 0.45528918504714966 -0.05715259537100792
0.6715530753135681 0.5253206491470337 -0.05740618333220482
0.6528992056846619 0.5882968902587891 -0.0450962632894516
0.8043144941329956 0.5448196530342102 -0.03303079307079315
0.7572583556175232 0.5110040903091431 -0.06114302948117256
0.7155746221542358 0.5535100698471069 -0.057790499180555344
0.6993765830993652 0.5956174731254578 -0.047325097024440765
