Dominik_image_four_45.jpg
0.7255709171295166 0.609040379524231 3.7167447430874745e-07
0.6699729561805725 0.6012786626815796 -0.020635118708014488
0.6159282922744751 0.5574573278427124 -0.029250439256429672
0.566336452960968 0.548462450504303 -0.03571905940771103
0.5281907320022583 0.5549072027206421 -0.04479145258665085
0.6362504959106445 0.42819738388061523 -0.015877561643719673
0.6174560189247131 0.35424506664276123 -0.027247494086623192
0.6092644333839417 0.30397313833236694 -0.03842853754758835
0.6018025875091553 0.25789976119995117 -0.04864518344402313
0.6710057258605957 0.4063621759414673 -0.021813876926898956
0.6597579121589661 0.3152114152908325 -0.03113492950797081
0.6531829833984375 0.25389426946640015 -0.04302413761615753
0.6454917788505554 0.20149987936019897 -0.05283194035291672
0.7046567797660828 0.4112165570259094 -0.0308720413595438
0.7117593288421631 0.3295263946056366 -0.05239487811923027
0.714837908744812 0.27584102749824524 -0.07342991232872009
0.7154120802879333 0.23051577806472778 -0.08865295350551605
0.7369503378868103 0.43564075231552124 -0.04084528237581253
0.7405639886856079 0.41213154792785645 -0.06888890266418457
0.7401633262634277 0.45309188961982727 -0.07919730246067047
0.7400262355804443 0.4933575689792633 -0.08568825572729111
