Dominik_image_two_22.jpg
0.6988286375999451 0.740526556968689 -1.492809644787485e-07
0.6663323640823364 0.63273024559021 -0.010024135932326317
0.6479171514511108 0.5322460532188416 -0.02363172546029091
0.6114568710327148 0.4645284414291382 -0.04424259439110756
0.5685660243034363 0.43051353096961975 -0.06702792644500732
0.754462480545044 0.455592542886734 -0.004150928929448128
0.8150186538696289 0.36524149775505066 -0.035054877400398254
0.8572415709495544 0.31154632568359375 -0.056438740342855453
0.8930527567863464 0.27035579085350037 -0.07053851336240768
0.7966307997703552 0.491111159324646 -0.01731610856950283
0.7659357190132141 0.4525824785232544 -0.07230471074581146
0.7207589745521545 0.5094476342201233 -0.09197066724300385
0.6953833699226379 0.558458685874939 -0.09151637554168701
0.8251978158950806 0.5389403104782104 -0.03325067088007927
0.7768622636795044 0.5162362456321716 -0.08400779962539673
0.7335173487663269 0.5759366750717163 -0.08311036229133606
0.7097517251968384 0.6208740472793579 -0.06612744182348251
0.8477264046669006 0.5907414555549622 -0.04974719136953354
0.8044376969337463 0.5689104199409485 -0.0797167420387268
0.7646484375 0.6003917455673218 -0.0740501880645752
0.7403231263160706 0.6262297630310059 -0.05884840339422226
