Dominik_image_two_27.jpg
0.4676748812198639 0.7412464022636414 -2.661499536316114e-07
0.4260692000389099 0.6607137322425842 -0.010049499571323395
0.42060449719429016 0.5695412755012512 -0.022480996325612068
0.41927534341812134 0.5075474977493286 -0.04050155356526375
0.40726596117019653 0.46050527691841125 -0.05903930962085724
0.5097063183784485 0.48464712500572205 -0.014438998885452747
0.5497066974639893 0.3956666588783264 -0.047464508563280106
0.5778096914291382 0.33672410249710083 -0.06808486580848694
0.6045458316802979 0.28517335653305054 -0.083601213991642
0.5516781806945801 0.5141727924346924 -0.0281276386231184
0.48806238174438477 0.4877355992794037 -0.07132893800735474
0.4555628299713135 0.5529385209083557 -0.07453249394893646
0.46455106139183044 0.5825858116149902 -0.06880997866392136
0.57549649477005 0.560075044631958 -0.045892611145973206
0.5053497552871704 0.5454156398773193 -0.08214418590068817
0.47851869463920593 0.6009601950645447 -0.06263645738363266
0.48967617750167847 0.6207115650177002 -0.04256567358970642
0.5878666639328003 0.6114130020141602 -0.06675395369529724
0.529545783996582 0.6009829044342041 -0.08896529674530029
0.5060120820999146 0.6352571249008179 -0.07630664110183716
0.515701413154602 0.6497946977615356 -0.0612083338201046
