Dominik_image_spock_73.jpg
0.639513373374939 0.7560627460479736 1.027311711254697e-07
0.6425461173057556 0.7041548490524292 0.02012968249619007
0.64133620262146 0.6599178910255432 0.02099848911166191
0.6442348957061768 0.6277223229408264 0.018879029899835587
0.6588481068611145 0.6038436889648438 0.01484627928584814
0.632602334022522 0.6027698516845703 -0.012742949649691582
0.6013526320457458 0.5277081727981567 -0.0259280763566494
0.5854660272598267 0.48376214504241943 -0.030759407207369804
0.5753814578056335 0.4474025368690491 -0.032979484647512436
0.623079240322113 0.6132115125656128 -0.026801830157637596
0.5825579762458801 0.5420697331428528 -0.039805613458156586
0.5629841685295105 0.5057263970375061 -0.04209239408373833
0.5525261759757996 0.47153735160827637 -0.04337373003363609
0.606447160243988 0.6303996443748474 -0.03823866695165634
0.5587600469589233 0.5619633197784424 -0.052431121468544006
0.5309069752693176 0.5259258151054382 -0.0573173351585865
0.5142518877983093 0.4942764639854431 -0.05962566286325455
0.5857152342796326 0.6521258354187012 -0.046301908791065216
0.5528221726417542 0.5933307409286499 -0.06037752702832222
0.534675657749176 0.5634368062019348 -0.06562088429927826
0.5216082334518433 0.5341020226478577 -0.06810661405324936
