Dominik_image_two_89.jpg
0.5926333665847778 0.8774868845939636 -3.760901279292739e-08
0.587566614151001 0.7644480466842651 -0.04826647415757179
0.6154040694236755 0.6332443952560425 -0.08584685623645782
0.613932728767395 0.5227178931236267 -0.12314379215240479
0.6054731011390686 0.4327896237373352 -0.15963813662528992
0.7979695200920105 0.6357488036155701 -0.06618223339319229
0.8814013600349426 0.6218451261520386 -0.12748265266418457
0.9525167942047119 0.6063195466995239 -0.1669396460056305
1.018196940422058 0.6025301814079285 -0.19416432082653046
0.8537313938140869 0.7287999987602234 -0.06924402713775635
0.7700467705726624 0.7455007433891296 -0.13110826909542084
0.6866716146469116 0.7376439571380615 -0.1348741501569748
0.6866366267204285 0.7242534756660461 -0.12895551323890686
0.8574186563491821 0.8364133834838867 -0.08046115934848785
0.753720223903656 0.8539631366729736 -0.14038139581680298
0.6873763799667358 0.8359591364860535 -0.12067370861768723
0.6938157677650452 0.8162420988082886 -0.09899552166461945
0.8396286964416504 0.9366085529327393 -0.09783944487571716
0.7482748627662659 0.9468297958374023 -0.1420583724975586
0.6927745342254639 0.9178388118743896 -0.1333167850971222
0.6898230910301208 0.8910874724388123 -0.11824479699134827
