Dominik_image_five_41.jpg
0.6797729730606079 0.8137578368186951 2.6033868039121444e-07
0.6253096461296082 0.8014235496520996 -0.021977854892611504
0.5769899487495422 0.7564032077789307 -0.03313245251774788
0.5377678871154785 0.7210962772369385 -0.043150827288627625
0.502254068851471 0.6971346139907837 -0.052756503224372864
0.6106031537055969 0.6338654160499573 -0.012626618146896362
0.5859657526016235 0.5615179538726807 -0.02331346459686756
0.5731833577156067 0.5199248194694519 -0.03407883644104004
0.5625341534614563 0.4830838143825531 -0.04331409931182861
0.6433031558990479 0.6186252236366272 -0.015588902868330479
0.6330420970916748 0.5309916138648987 -0.023583879694342613
0.6259190440177917 0.4804798662662506 -0.03303106129169464
0.6187794804573059 0.44061124324798584 -0.04124457761645317
0.6752496957778931 0.623090386390686 -0.022362587973475456
0.6732968688011169 0.5430135130882263 -0.0349210649728775
0.6691804528236389 0.4952632188796997 -0.04555852711200714
0.6632053852081299 0.4543009102344513 -0.053995147347450256
0.706444263458252 0.6413903832435608 -0.03148582950234413
0.7247922420501709 0.5811178684234619 -0.04493142291903496
0.7355977892875671 0.5418069958686829 -0.051957134157419205
0.7431225776672363 0.505514919757843 -0.05736732482910156
