Dominik_image_one_50.jpg
0.7589033842086792 0.7292326092720032 -7.010856961642276e-07
0.7254797220230103 0.6630423665046692 -0.03549596294760704
0.7063894271850586 0.5639436841011047 -0.053529638797044754
0.6757535338401794 0.4983600378036499 -0.0695144459605217
0.6400078535079956 0.45862752199172974 -0.0803353413939476
0.7884712219238281 0.5094630122184753 -0.022789616137742996
0.827285885810852 0.5061238408088684 -0.059751082211732864
0.7924509644508362 0.5544566512107849 -0.0778219923377037
0.7709389328956604 0.5615321397781372 -0.08675087988376617
0.8259906768798828 0.5477433204650879 -0.021527068689465523
0.8605042099952698 0.54413241147995 -0.06402897089719772
0.8104128837585449 0.5963815450668335 -0.07409275323152542
0.7900565266609192 0.5950669646263123 -0.0738285705447197
0.8553817272186279 0.5887391567230225 -0.026725398376584053
0.8822641968727112 0.5860079526901245 -0.07025324553251266
0.8312516808509827 0.6330001950263977 -0.06549667567014694
0.8083056807518005 0.6333792805671692 -0.05315054580569267
0.8787248134613037 0.6307449340820312 -0.03445657342672348
0.894075870513916 0.6250515580177307 -0.058755308389663696
0.8547996878623962 0.6569914221763611 -0.051861442625522614
0.8315867781639099 0.6577503085136414 -0.04195595160126686
