Dominik_image_four_96.jpg
0.8082594871520996 0.6630038022994995 6.807295562794025e-07
0.7420167922973633 0.639441192150116 -0.03514721989631653
0.6759459376335144 0.5733948349952698 -0.05268760770559311
0.6145849227905273 0.549307644367218 -0.06437957286834717
0.5613080859184265 0.5455564260482788 -0.07907984405755997
0.7254915833473206 0.4147264063358307 -0.04493832215666771
0.7156170606613159 0.3175939917564392 -0.06377756595611572
0.7146108746528625 0.2543937563896179 -0.07905350625514984
0.7139491438865662 0.1942068636417389 -0.09283781051635742
0.7767208218574524 0.3949491083621979 -0.04862774908542633
0.7813172340393066 0.2737083435058594 -0.06677703559398651
0.7894997000694275 0.19006210565567017 -0.08583316206932068
0.7956526875495911 0.11537560820579529 -0.10135801881551743
0.8196409344673157 0.41360658407211304 -0.055181678384542465
0.8506948947906494 0.3144388794898987 -0.09003536403179169
0.8736478686332703 0.25375932455062866 -0.1218477115035057
0.8908630013465881 0.20145726203918457 -0.1442812979221344
0.8559790253639221 0.456012487411499 -0.06246265023946762
0.8727402091026306 0.4334028959274292 -0.10682737082242966
0.8642281293869019 0.48756250739097595 -0.12541821599006653
0.8527460098266602 0.5381002426147461 -0.13700847327709198
