Dominik_image_five_6.jpg
0.6448133587837219 0.7060588598251343 4.272794171811256e-07
0.6837281584739685 0.6505210399627686 -0.004841618239879608
0.7084463834762573 0.5954948663711548 -0.01648322120308876
0.7325417399406433 0.5446646809577942 -0.027073191478848457
0.7572083473205566 0.5132411122322083 -0.039038535207509995
0.656252384185791 0.5397135019302368 -0.03456947207450867
0.6471109390258789 0.45137664675712585 -0.04816017299890518
0.6389787197113037 0.3997166156768799 -0.054293643683195114
0.6319326162338257 0.35962149500846863 -0.058660585433244705
0.6227507591247559 0.5504029393196106 -0.04055148363113403
0.5987417697906494 0.45734265446662903 -0.057162828743457794
0.5824673175811768 0.40019726753234863 -0.06626459211111069
0.5706892013549805 0.3584136366844177 -0.07260042428970337
0.5936867594718933 0.5729420185089111 -0.04449090361595154
0.5652744174003601 0.4920384883880615 -0.05955561622977257
0.5493447780609131 0.43956953287124634 -0.06946612894535065
0.5384087562561035 0.40068984031677246 -0.07573456317186356
0.5711599588394165 0.601871907711029 -0.047309111803770065
0.5355583429336548 0.5476288795471191 -0.062104642391204834
0.5136215090751648 0.5162822604179382 -0.0691928043961525
0.49441924691200256 0.48774176836013794 -0.0726638212800026
0.6513086557388306 0.7597500085830688 5.988220550534606e-07
0.6861246824264526 0.6691205501556396 0.005620456300675869
0.7087166905403137 0.6039400100708008 0.000926829525269568
0.732982873916626 0.5518390536308289 -0.005481865722686052
0.7556113600730896 0.5162421464920044 -0.012784541584551334
0.6564725637435913 0.5524486899375916 -0.008057241328060627
0.6482590436935425 0.46453624963760376 -0.01660223677754402
0.6395624279975891 0.4095637798309326 -0.023148857057094574
0.6329843997955322 0.36189988255500793 -0.027799220755696297
0.6241685152053833 0.5620438456535339 -0.01572372019290924
0.6030689477920532 0.4731529951095581 -0.027256373316049576
0.5878117084503174 0.41538897156715393 -0.037319522351026535
0.5799970626831055 0.36751726269721985 -0.044234052300453186
0.594710111618042 0.5845076441764832 -0.02117399498820305
0.5681571960449219 0.5059600472450256 -0.031892310827970505
0.5505069494247437 0.4523106813430786 -0.04053964093327522
0.539125382900238 0.41032636165618896 -0.045462124049663544
0.5711422562599182 0.6144842505455017 -0.024950584396719933
0.5391669869422913 0.5561110377311707 -0.03553774952888489
0.51893150806427 0.5238662958145142 -0.039202962070703506
0.5010738968849182 0.493618905544281 -0.03937072679400444
