Dominik_image_one_77.jpg
0.7379604578018188 0.5263391137123108 -1.96436559463109e-07
0.7030277252197266 0.5180404186248779 -0.06256461888551712
0.6485368609428406 0.5163621306419373 -0.10262968391180038
0.5976150035858154 0.5313448905944824 -0.13414885103702545
0.55659019947052 0.5681993961334229 -0.15877510607242584
0.616446852684021 0.3672895133495331 -0.05704830214381218
0.683759868144989 0.3403490483760834 -0.09033320099115372
0.6892179846763611 0.3968620002269745 -0.10265418142080307
0.6676068305969238 0.42085716128349304 -0.10932464897632599
0.6510759592056274 0.34825214743614197 -0.04244426265358925
0.7132043242454529 0.3224942088127136 -0.08066298067569733
0.7183985114097595 0.4043606221675873 -0.08260167390108109
0.6913319230079651 0.41439035534858704 -0.07650211453437805
0.6899623274803162 0.34372618794441223 -0.034844208508729935
0.7412088513374329 0.3213724195957184 -0.07192498445510864
0.7419756650924683 0.39146652817726135 -0.06333096325397491
0.7192627787590027 0.40789076685905457 -0.05029774457216263
0.7254493832588196 0.3465723991394043 -0.03256973996758461
0.7596938610076904 0.33175128698349 -0.05555395036935806
0.7574236989021301 0.3806378245353699 -0.05113363638520241
0.7381893992424011 0.39645615220069885 -0.04307655990123749
0.702071487903595 0.56657475233078 2.538146759434312e-07
0.6943633556365967 0.5605589747428894 -0.05787148326635361
0.6599869728088379 0.5510138273239136 -0.09772662818431854
0.6031039953231812 0.5665479302406311 -0.12939438223838806
0.552304744720459 0.5920733213424683 -0.15746085345745087
0.6616508960723877 0.410305917263031 -0.08907077461481094
0.6956216096878052 0.36911481618881226 -0.11537516862154007
0.6881895065307617 0.42018333077430725 -0.11721435189247131
0.6711066365242004 0.440973699092865 -0.11399005353450775
0.6921728849411011 0.3964216411113739 -0.07032687216997147
0.7301655411720276 0.3586932420730591 -0.10424000769853592
0.7165188789367676 0.42399513721466064 -0.10701703280210495
0.6908557415008545 0.4405454695224762 -0.10238536447286606
0.7237886786460876 0.3920432925224304 -0.053471826016902924
0.7532343864440918 0.35357028245925903 -0.07842298597097397
0.7395951747894287 0.4097893536090851 -0.07241039723157883
0.7163360118865967 0.4276899993419647 -0.06322254985570908
0.7466769814491272 0.3864225447177887 -0.040305476635694504
0.7664898633956909 0.35936447978019714 -0.05239050090312958
0.7525084018707275 0.40106433629989624 -0.04677519202232361
0.730722963809967 0.42329278588294983 -0.04084217548370361
