Dominik_image_five_65.jpg
0.6829260587692261 0.7707738876342773 2.4561856548643846e-07
0.6351220011711121 0.7350251078605652 -0.013034345582127571
0.5980110764503479 0.6758612990379333 -0.02152296155691147
0.5697678923606873 0.6316848993301392 -0.03049260936677456
0.5418827533721924 0.5993573665618896 -0.03999720886349678
0.6311503648757935 0.5781502723693848 -0.007867018692195415
0.6104302406311035 0.5106338858604431 -0.023060033097863197
0.5963833332061768 0.47003763914108276 -0.037222787737846375
0.5852264165878296 0.4320276379585266 -0.04815491661429405
0.6612722873687744 0.5697302222251892 -0.015015031211078167
0.6544060707092285 0.48666805028915405 -0.027139760553836823
0.6471177339553833 0.43564552068710327 -0.0398002527654171
0.6396791338920593 0.3912978768348694 -0.049841638654470444
0.689129650592804 0.580542266368866 -0.025040464475750923
0.6900244355201721 0.5077157616615295 -0.038166943937540054
0.6849660277366638 0.46077829599380493 -0.048826105892658234
0.6782109141349792 0.4177739918231964 -0.05732731893658638
0.7150388956069946 0.6063987016677856 -0.03665192052721977
0.7280051112174988 0.5536467432975769 -0.04832843318581581
0.7328759431838989 0.5157582759857178 -0.053992487490177155
0.7346059679985046 0.47776585817337036 -0.058635227382183075
