Dominik_image_five_1.jpg
0.6298940181732178 0.7741129398345947 3.900292426806118e-07
0.5740864872932434 0.7602359056472778 -0.020254474133253098
0.523624837398529 0.7159326076507568 -0.032824791967868805
0.48175933957099915 0.686847984790802 -0.044667985290288925
0.4439001679420471 0.6788618564605713 -0.05737939104437828
0.5617743134498596 0.5852426290512085 -0.01662449724972248
0.5379778146743774 0.5092703104019165 -0.02980034612119198
0.52462238073349 0.4610598683357239 -0.04295483976602554
0.5147806406021118 0.42026281356811523 -0.053827960044145584
0.5944175720214844 0.5701544880867004 -0.021588589996099472
0.5799157619476318 0.48147153854370117 -0.03258493170142174
0.5704013109207153 0.4253852367401123 -0.04574534669518471
0.5625293850898743 0.3807586431503296 -0.05634690448641777
0.627785861492157 0.5747644305229187 -0.029603280127048492
0.6237019300460815 0.49177438020706177 -0.04294182360172272
0.6189447045326233 0.438983291387558 -0.05703581124544144
0.6139900088310242 0.39396989345550537 -0.06814746558666229
0.6599801182746887 0.5950482487678528 -0.03961457312107086
0.6775850057601929 0.534795880317688 -0.05195906013250351
0.6892491579055786 0.49324673414230347 -0.05978190526366234
0.6981328725814819 0.4548991918563843 -0.06616207957267761
