Dominik_image_two_65.jpg
0.6724562644958496 0.5115696787834167 -9.003832701637293e-08
0.6179724931716919 0.44267022609710693 -0.0005444242269732058
0.5424425005912781 0.39108502864837646 -0.016237938776612282
0.48631471395492554 0.33643901348114014 -0.029722509905695915
0.45425304770469666 0.27958106994628906 -0.04470648989081383
0.5039637684822083 0.42963236570358276 -0.05978241562843323
0.41775602102279663 0.5153388381004333 -0.09119094163179398
0.36866939067840576 0.5668825507164001 -0.11199222505092621
0.33328911662101746 0.6109435558319092 -0.12363923341035843
0.5209835171699524 0.5003536343574524 -0.0657796710729599
0.44956380128860474 0.5616939067840576 -0.0867600366473198
0.47876256704330444 0.5448700785636902 -0.08050133287906647
0.5194085836410522 0.52013099193573 -0.0750633031129837
0.5411436557769775 0.5686502456665039 -0.06894820183515549
0.4786853492259979 0.6011641025543213 -0.08844505995512009
0.5078117251396179 0.5920693874359131 -0.07196536660194397
0.5442026853561401 0.5740692019462585 -0.0583924725651741
0.5600817203521729 0.6282135248184204 -0.07041441649198532
0.507847011089325 0.6362977027893066 -0.0771716833114624
0.5393230319023132 0.62486332654953 -0.057092707604169846
0.5706748366355896 0.6134230494499207 -0.04124685004353523
