Dominik_image_two_37.jpg
0.6728352904319763 0.9697489738464355 -1.814621555240592e-07
0.6332854628562927 0.8826934695243835 -0.04945487156510353
0.6079695224761963 0.7596233487129211 -0.09324921667575836
0.5780709981918335 0.6541383862495422 -0.13703182339668274
0.5406792163848877 0.5689023733139038 -0.17830446362495422
0.7520256042480469 0.668721079826355 -0.07559790462255478
0.8194028735160828 0.581299901008606 -0.1380169540643692
0.8766078948974609 0.5203799605369568 -0.16784299910068512
0.9308860898017883 0.4781394302845001 -0.18366383016109467
0.8126596808433533 0.7062199711799622 -0.07323241233825684
0.8107488751411438 0.7844130992889404 -0.13693459331989288
0.733403742313385 0.8378349542617798 -0.12956112623214722
0.7154425382614136 0.8144811987876892 -0.11211798340082169
0.8524203896522522 0.7766572833061218 -0.07844829559326172
0.8360036611557007 0.8717876076698303 -0.14391472935676575
0.76297926902771 0.8965471982955933 -0.12160418182611465
0.7475703954696655 0.8598880171775818 -0.09402002394199371
0.8791148662567139 0.8555364608764648 -0.08804289251565933
0.8669836521148682 0.9263679385185242 -0.12822288274765015
0.8084695935249329 0.9402241706848145 -0.11393365263938904
0.7879636287689209 0.9128563404083252 -0.09444350749254227
