Dominik_image_spock_72.jpg
0.6375707983970642 0.7853118181228638 1.4253737390390597e-07
0.6125088930130005 0.7300139665603638 0.014810282737016678
0.5956200957298279 0.6733439564704895 0.017034117132425308
0.5840818881988525 0.6279774308204651 0.015307583846151829
0.5706758499145508 0.5951331853866577 0.011928766034543514
0.6140077710151672 0.6323138475418091 -0.003428140887990594
0.5840713977813721 0.5728211402893066 -0.016065554693341255
0.5653910040855408 0.5330645442008972 -0.02376544661819935
0.5508208274841309 0.49761009216308594 -0.029513899236917496
0.6156997084617615 0.6386476159095764 -0.01992075704038143
0.5811764001846313 0.5653500556945801 -0.034989915788173676
0.5616409182548523 0.5179309248924255 -0.044867001473903656
0.5456320643424988 0.47761958837509155 -0.05247519910335541
0.6107990741729736 0.6568722724914551 -0.03519807010889053
0.5738277435302734 0.5958914756774902 -0.049975212663412094
0.551111102104187 0.5590803027153015 -0.059104472398757935
0.5346823930740356 0.5271556973457336 -0.06579108536243439
0.598563551902771 0.6820623874664307 -0.04885449633002281
0.5756919980049133 0.6377483010292053 -0.06372445076704025
0.5615027546882629 0.6071138381958008 -0.07293115556240082
0.549541711807251 0.5769517421722412 -0.07996875047683716
