Dominik_image_spock_50.jpg
0.6499548554420471 0.6940299272537231 1.3848872981725435e-07
0.6066984534263611 0.6905329823493958 -0.013311379589140415
0.5624572038650513 0.6696556210517883 -0.022250812500715256
0.5239596962928772 0.6633815765380859 -0.031852759420871735
0.49491167068481445 0.6706798672676086 -0.04212073236703873
0.5678107738494873 0.5651124119758606 -0.007655599154531956
0.5440862774848938 0.5111312866210938 -0.018333345651626587
0.531166136264801 0.47862040996551514 -0.02961602434515953
0.5196298956871033 0.44692111015319824 -0.03938770294189453
0.586528480052948 0.5455741286277771 -0.01242422591894865
0.5608773827552795 0.4825112819671631 -0.02067968249320984
0.544731616973877 0.44496023654937744 -0.02966340072453022
0.530687689781189 0.41361498832702637 -0.03779885917901993
0.6104995608329773 0.5418652892112732 -0.01981126330792904
0.6009504795074463 0.47769784927368164 -0.028526553884148598
0.5985509753227234 0.4387668967247009 -0.03476212918758392
0.5956370234489441 0.405115008354187 -0.04023392125964165
0.6359589099884033 0.5498302578926086 -0.02916381135582924
0.6293368339538574 0.49826541543006897 -0.036038316786289215
0.6249291300773621 0.4644644856452942 -0.03805334493517876
0.6204667687416077 0.4321267008781433 -0.040631067007780075
