Dominik_image_zero_84.jpg
0.33293795585632324 0.8897612690925598 -3.8395448598294024e-08
0.3445214033126831 0.7917488217353821 -0.013793090358376503
0.3106946647167206 0.7192332744598389 -0.018421495333313942
0.26454055309295654 0.6826046109199524 -0.018448416143655777
0.2280581146478653 0.6953779458999634 -0.017460055649280548
0.23467594385147095 0.7607935070991516 -0.02272788994014263
0.23659862577915192 0.7042524218559265 -0.026867324486374855
0.2663310170173645 0.7213866710662842 -0.03191543370485306
0.27488240599632263 0.746436357498169 -0.036662980914115906
0.2133215069770813 0.805879533290863 -0.01668664626777172
0.2238706797361374 0.7436031103134155 -0.0152988750487566
0.2490556389093399 0.7524352669715881 -0.018304381519556046
0.256906658411026 0.7759642004966736 -0.023132139816880226
0.21026431024074554 0.8438259959220886 -0.009446877986192703
0.2214786261320114 0.7853500247001648 -0.005260245408862829
0.2417212575674057 0.7909157872200012 -0.0022608009167015553
0.2491990029811859 0.8118313550949097 -0.0036686889361590147
0.21363404393196106 0.8752991557121277 -0.003068909514695406
0.221587672829628 0.8222759962081909 0.0013150048907846212
0.23963816463947296 0.8294615745544434 0.007019356824457645
0.24775587022304535 0.8480398058891296 0.00978553295135498
