Dominik_image_five_97.jpg
0.8207687139511108 0.7820897102355957 5.452660616356297e-07
0.8723506927490234 0.669434666633606 -0.006490808911621571
0.8972156643867493 0.5602210164070129 -0.0208829827606678
0.9315299987792969 0.47428280115127563 -0.035234805196523666
0.9716718196868896 0.4237445592880249 -0.05194387212395668
0.7936488389968872 0.4685628116130829 -0.04620334506034851
0.7465717792510986 0.32845112681388855 -0.06672533601522446
0.714345395565033 0.2446187287569046 -0.07707169651985168
0.6901101469993591 0.17678681015968323 -0.0860760360956192
0.7367086410522461 0.4980652630329132 -0.05850064009428024
0.6728540658950806 0.3584910035133362 -0.08684054017066956
0.6282429695129395 0.2632579803466797 -0.10538394004106522
0.5958752036094666 0.19038036465644836 -0.11896950751543045
0.6905278563499451 0.5496636033058167 -0.06827158480882645
0.6236423850059509 0.4301658272743225 -0.09626106172800064
0.5817672610282898 0.34913188219070435 -0.11964647471904755
0.5507563352584839 0.28738266229629517 -0.13516798615455627
0.657123863697052 0.613010823726654 -0.07637718319892883
0.5837382078170776 0.5497689247131348 -0.10946250706911087
0.533447265625 0.5141006708145142 -0.13022680580615997
0.4881541430950165 0.48191672563552856 -0.1417829692363739
