Dominik_image_five_75.jpg
0.6855510473251343 0.7566810846328735 4.572900706989458e-07
0.6364757418632507 0.7407137155532837 -0.01843947358429432
0.5876250267028809 0.7082124352455139 -0.03105449117720127
0.5433275103569031 0.6939293146133423 -0.043581847101449966
0.5061972141265869 0.6992021799087524 -0.05698535963892937
0.6187390685081482 0.5824683904647827 -0.01412967313081026
0.5944022536277771 0.5132798552513123 -0.025426918640732765
0.5809651017189026 0.46984171867370605 -0.03651395067572594
0.571027398109436 0.43214619159698486 -0.04593309387564659
0.6483570337295532 0.5677788257598877 -0.019102681428194046
0.638251006603241 0.4850686490535736 -0.027932368218898773
0.6322111487388611 0.4325779974460602 -0.03817499056458473
0.6284211874008179 0.3904746174812317 -0.047150418162345886
0.6787261366844177 0.5705152750015259 -0.027272282168269157
0.6777504682540894 0.49490511417388916 -0.039510585367679596
0.6750022172927856 0.44848355650901794 -0.051515258848667145
0.6721493601799011 0.40924689173698425 -0.06117716431617737
0.7087443470954895 0.5871056318283081 -0.03741411119699478
0.7281064987182617 0.5325062274932861 -0.04962271451950073
0.7420056462287903 0.49532172083854675 -0.05669916048645973
0.7532812356948853 0.4617193341255188 -0.062456946820020676
