Dominik_image_four_22.jpg
0.7627220153808594 0.6369412541389465 4.87365241497173e-07
0.7625828981399536 0.5553320050239563 0.010126844979822636
0.7518317103385925 0.4826659858226776 0.0054825665429234505
0.7601251602172852 0.41314369440078735 -0.000691153050865978
0.7798002362251282 0.3643139600753784 -0.010190842673182487
0.6802857518196106 0.4508529305458069 -0.01847000978887081
0.609862208366394 0.3907296359539032 -0.026468932628631592
0.571511447429657 0.3612906336784363 -0.028802860528230667
0.5409336090087891 0.3373381495475769 -0.029414964839816093
0.6586499214172363 0.48586151003837585 -0.029643677175045013
0.5757113099098206 0.4329400658607483 -0.04167318716645241
0.5266697406768799 0.4021139144897461 -0.047779377549886703
0.49131232500076294 0.3764244318008423 -0.05083032697439194
0.6455268263816833 0.5363717675209045 -0.03710915148258209
0.5647504329681396 0.5044780969619751 -0.05692045018076897
0.5198308229446411 0.4883558452129364 -0.06925991922616959
0.4893503785133362 0.47465744614601135 -0.07460049539804459
0.6416041851043701 0.589487612247467 -0.04057035595178604
0.5986616611480713 0.5658248662948608 -0.051778774708509445
0.6164804100990295 0.573785662651062 -0.04695412144064903
0.6378051042556763 0.5822070240974426 -0.041316546499729156
