Dominik_image_one_54.jpg
0.7546881437301636 0.7431738376617432 -5.201760018280766e-07
0.7212144732475281 0.6715579628944397 -0.03330722078680992
0.7037515640258789 0.5728359222412109 -0.049239546060562134
0.6749188303947449 0.5057337880134583 -0.06337349861860275
0.6372037529945374 0.47022947669029236 -0.07238626480102539
0.7857571244239807 0.5156683325767517 -0.015403821133077145
0.829301118850708 0.5131235718727112 -0.048831529915332794
0.7948299050331116 0.5589218735694885 -0.06405363976955414
0.7720338702201843 0.5693910121917725 -0.07041213661432266
0.8230811953544617 0.5545740723609924 -0.012421081773936749
0.8604120016098022 0.5543584823608398 -0.05012048780918121
0.8101551532745361 0.6045384407043457 -0.056846313178539276
0.7896355986595154 0.6023232936859131 -0.05375441908836365
0.8522922992706299 0.5966358780860901 -0.016140509396791458
0.8812010288238525 0.5990594029426575 -0.05719511955976486
0.8289117813110352 0.6439847350120544 -0.0518607422709465
0.8046084046363831 0.643001914024353 -0.03852687031030655
0.8751803040504456 0.6390984654426575 -0.02192818932235241
0.892471194267273 0.6363404989242554 -0.04518149793148041
0.8523173928260803 0.6676815152168274 -0.03842952847480774
0.8292165398597717 0.6676540374755859 -0.02806953154504299
