Dominik_image_three_92.jpg
0.6815689206123352 0.6775741577148438 3.2470080668645096e-07
0.6463595032691956 0.6538696885108948 -0.0077879298478364944
0.6118702292442322 0.6223210096359253 -0.015108226798474789
0.5784879326820374 0.611700177192688 -0.02555748075246811
0.5510812997817993 0.6179840564727783 -0.036120813339948654
0.6238940358161926 0.5553708076477051 -0.002847097348421812
0.6051190495491028 0.5044257640838623 -0.014319365844130516
0.5955904126167297 0.4765376150608063 -0.020467238500714302
0.5885002613067627 0.45012760162353516 -0.0236857570707798
0.6454066038131714 0.5487276911735535 -0.009320992976427078
0.6338671445846558 0.48375990986824036 -0.023247210308909416
0.626461923122406 0.4472081959247589 -0.030681196600198746
0.6216406226158142 0.415377676486969 -0.03333473578095436
0.6679030656814575 0.553006649017334 -0.01759537123143673
0.6461598873138428 0.5415162444114685 -0.03840900585055351
0.6413309574127197 0.583049476146698 -0.040597498416900635
0.644376277923584 0.6105745434761047 -0.035158757120370865
0.688904881477356 0.5654494762420654 -0.02637423761188984
0.6674021482467651 0.5652331709861755 -0.037822723388671875
0.660098135471344 0.59814453125 -0.034165117889642715
0.661382257938385 0.620221734046936 -0.028340179473161697
