Dominik_image_five_47.jpg
0.5388374924659729 0.7410857677459717 5.490531407303934e-07
0.4692818224430084 0.7265419960021973 -0.016794513911008835
0.4058835506439209 0.7163930535316467 -0.02933698520064354
0.35475921630859375 0.7186771631240845 -0.044013358652591705
0.3116872310638428 0.7320926189422607 -0.0588134303689003
0.403752863407135 0.5747084617614746 0.007427924778312445
0.3586380183696747 0.5274430513381958 -0.0008644607733003795
0.32678791880607605 0.4926864504814148 -0.014305449090898037
0.2982572913169861 0.45869138836860657 -0.02621958591043949
0.4256969094276428 0.5421387553215027 0.0010898272739723325
0.3897305727005005 0.47566837072372437 -0.0024047368206083775
0.3647667467594147 0.43364179134368896 -0.012346898205578327
0.3422168493270874 0.39595144987106323 -0.021483156830072403
0.45275405049324036 0.5283722281455994 -0.01008255872875452
0.42308542132377625 0.4626173675060272 -0.0158404428511858
0.4012429714202881 0.41852760314941406 -0.02593480795621872
0.3799077868461609 0.3778105676174164 -0.03464742749929428
0.4836602509021759 0.5306628346443176 -0.024289004504680634
0.4782896041870117 0.4665313959121704 -0.028602013364434242
0.47340983152389526 0.42151719331741333 -0.03174680843949318
0.4671914279460907 0.3767590820789337 -0.03514162078499794
