Dominik_image_four_57.jpg
0.813887357711792 0.7170056700706482 6.432168220271706e-07
0.8329781293869019 0.6216437220573425 0.0026428664568811655
0.8381228446960449 0.5370587110519409 -0.005678426008671522
0.8624845147132874 0.46018683910369873 -0.014025384560227394
0.8930673599243164 0.40951189398765564 -0.025004703551530838
0.7490345239639282 0.4912765324115753 -0.0223479513078928
0.6818680763244629 0.4038167893886566 -0.030497465282678604
0.6431661248207092 0.3594074845314026 -0.033443111926317215
0.6120493412017822 0.3235680162906647 -0.03439944237470627
0.7157496809959412 0.5287519693374634 -0.03006378933787346
0.6349208950996399 0.4441544711589813 -0.04552329704165459
0.587752103805542 0.3955009877681732 -0.05357604846358299
0.5534235239028931 0.3571978807449341 -0.05666983127593994
0.6900340914726257 0.5802139043807983 -0.03415217623114586
0.6134124398231506 0.513651430606842 -0.05320637673139572
0.5721168518066406 0.47530677914619446 -0.06272871047258377
0.542701005935669 0.4457800090312958 -0.06539750844240189
0.6753010153770447 0.6363536715507507 -0.035382892936468124
0.635809063911438 0.5789816975593567 -0.0440177395939827
0.6529631614685059 0.5886967778205872 -0.03456667810678482
0.672386646270752 0.6034114956855774 -0.02467803843319416
