Dominik_image_four_64.jpg
0.834263265132904 0.7123597860336304 6.415467055376212e-07
0.8557594418525696 0.6174794435501099 0.008752252906560898
0.8644047379493713 0.5307875871658325 0.0036740610376000404
0.8909177184104919 0.4506405293941498 -0.0016732387011870742
0.9219105243682861 0.40029582381248474 -0.008949660696089268
0.7739342451095581 0.4839021563529968 -0.014961949549615383
0.7045583724975586 0.3970627784729004 -0.01964700035750866
0.6651436686515808 0.35710975527763367 -0.018639327958226204
0.6340416669845581 0.324905663728714 -0.0159264225512743
0.7394677996635437 0.5196503400802612 -0.023149726912379265
0.6601262092590332 0.4343644082546234 -0.03904510289430618
0.6127690672874451 0.3864085376262665 -0.04435894638299942
0.5790586471557617 0.3495050072669983 -0.04365173727273941
0.7121616005897522 0.5709400177001953 -0.027137620374560356
0.6386642456054688 0.5057182312011719 -0.048198774456977844
0.5966619253158569 0.46979308128356934 -0.05642358958721161
0.5671736001968384 0.4424953758716583 -0.05559700354933739
0.6970043182373047 0.6262152791023254 -0.02707664668560028
0.6591410636901855 0.5676266551017761 -0.030721021816134453
0.6768457293510437 0.5851300954818726 -0.015929900109767914
0.6978186368942261 0.6066299676895142 -0.0019302370492368937
