Dominik_image_one_24.jpg
0.6553923487663269 0.5749025344848633 -1.524492709847891e-08
0.6369180083274841 0.49458107352256775 0.0053109945729374886
0.6137621998786926 0.41119933128356934 -0.005883833393454552
0.6174458265304565 0.3445386290550232 -0.018107900395989418
0.6401941776275635 0.2961604595184326 -0.03216306120157242
0.5726493000984192 0.4145508408546448 -0.02747255191206932
0.5031493306159973 0.4342954456806183 -0.03284403309226036
0.5195223093032837 0.45524197816848755 -0.03173278272151947
0.5422734618186951 0.4538806676864624 -0.03125106170773506
0.5703827738761902 0.4598572552204132 -0.03659672662615776
0.5011886358261108 0.48021721839904785 -0.036336611956357956
0.5218170285224915 0.49234330654144287 -0.02838309109210968
0.5452916026115417 0.49148431420326233 -0.026328902691602707
0.5701444745063782 0.5096052885055542 -0.043072640895843506
0.5137946605682373 0.5214202404022217 -0.03968296945095062
0.5337638854980469 0.5282245874404907 -0.028155839070677757
0.555616557598114 0.5259393453598022 -0.024227270856499672
0.5709723830223083 0.5561795234680176 -0.04868360608816147
0.5257937908172607 0.5543316602706909 -0.045765772461891174
0.5448282957077026 0.5572172999382019 -0.035071589052677155
0.5647808909416199 0.5569462180137634 -0.028133338317275047
