Dominik_image_zero_86.jpg
0.7782846689224243 0.7331397533416748 -3.7254841345202294e-07
0.7830055356025696 0.6658846139907837 -0.0020025749690830708
0.7672809362411499 0.5779962539672852 -0.009065822698175907
0.7377626299858093 0.5183584094047546 -0.015431439504027367
0.7075309753417969 0.4979867935180664 -0.020238135010004044
0.7741634249687195 0.5405555367469788 -0.025173116475343704
0.6914146542549133 0.5159794092178345 -0.04616619646549225
0.6941831111907959 0.5490239262580872 -0.05341528356075287
0.7144315242767334 0.5595205426216125 -0.05572207644581795
0.760356068611145 0.5756518244743347 -0.03285697102546692
0.6706250905990601 0.5540285706520081 -0.05134802684187889
0.6821728944778442 0.5831151604652405 -0.04724360629916191
0.7060894966125488 0.590610682964325 -0.043339669704437256
0.7417500019073486 0.61464923620224 -0.04095926880836487
0.661765456199646 0.5942643284797668 -0.057996634393930435
0.675191342830658 0.6207564473152161 -0.04588915407657623
0.6987895965576172 0.6275895833969116 -0.03595316410064697
0.7214494347572327 0.655927300453186 -0.04905332252383232
0.6618388295173645 0.6355374455451965 -0.061665527522563934
0.6741865277290344 0.6566550731658936 -0.05527764558792114
0.6957575082778931 0.6648060083389282 -0.04824360832571983
