Dominik_image_five_58.jpg
0.7139526605606079 0.8363386988639832 3.783271154134127e-07
0.7541482448577881 0.7605066895484924 0.003569559659808874
0.7749824523925781 0.685878336429596 -0.0029797330498695374
0.789154589176178 0.6197558641433716 -0.009410146623849869
0.8006678819656372 0.5725098848342896 -0.017274459823966026
0.7276394963264465 0.6352890133857727 -0.03302446007728577
0.7132982015609741 0.5309646129608154 -0.04790365323424339
0.7014714479446411 0.4690170884132385 -0.053111445158720016
0.6916254162788391 0.4221537709236145 -0.05610235035419464
0.6899576187133789 0.6497064232826233 -0.04250103235244751
0.6581745743751526 0.5403252243995667 -0.0630522146821022
0.6377941966056824 0.4734070599079132 -0.07261354476213455
0.6236327290534973 0.4241101145744324 -0.0784057155251503
0.6554925441741943 0.6758080124855042 -0.04886108264327049
0.6185321807861328 0.5805199146270752 -0.06660950183868408
0.5964109897613525 0.519611120223999 -0.07567378133535385
0.5819243788719177 0.47426486015319824 -0.08052916824817657
0.6269193887710571 0.7104927897453308 -0.05305635184049606
0.5843532681465149 0.6432550549507141 -0.06894367933273315
0.5587586760520935 0.6050310134887695 -0.07527758181095123
0.5379999279975891 0.5709580779075623 -0.07752051204442978
