Dominik_image_four_10.jpg
0.7501142621040344 0.6725719571113586 4.5351222865974705e-07
0.6873775720596313 0.6906309127807617 -0.02007797174155712
0.6163228154182434 0.6601645946502686 -0.027478616684675217
0.5621484518051147 0.6607913374900818 -0.03187784552574158
0.519764244556427 0.6740323901176453 -0.03832680732011795
0.6269439458847046 0.510637104511261 -0.02292422577738762
0.5868366956710815 0.4372435212135315 -0.03505926579236984
0.5602140426635742 0.38939380645751953 -0.04491627961397171
0.5360790491104126 0.34513694047927856 -0.05486332252621651
0.6629665493965149 0.47645053267478943 -0.03025928884744644
0.6323786973953247 0.38293176889419556 -0.04174008220434189
0.61087566614151 0.31895944476127625 -0.05503810569643974
0.592199981212616 0.2625112235546112 -0.06600095331668854
0.7036070823669434 0.47228509187698364 -0.03996075317263603
0.6996359825134277 0.3943384289741516 -0.06685911864042282
0.6913254857063293 0.34249693155288696 -0.09259994328022003
0.6825145483016968 0.3000594973564148 -0.11061619967222214
0.7427603602409363 0.49034708738327026 -0.04982609301805496
0.7414607405662537 0.4868738055229187 -0.0860234722495079
0.7463545799255371 0.5398963093757629 -0.10141976922750473
0.750279426574707 0.5859857201576233 -0.1107858344912529
0.6990718245506287 0.7261210680007935 8.450672339677112e-08
0.640710175037384 0.7211736440658569 0.0024905086029320955
0.5783135294914246 0.6879528760910034 0.008503272198140621
0.5298221707344055 0.677884042263031 0.010782386176288128
0.5036282539367676 0.6966586112976074 0.011522567830979824
0.5822611451148987 0.5610300302505493 0.01809939742088318
0.5525840520858765 0.4779816269874573 0.014871836639940739
0.5354024171829224 0.4288395047187805 0.004493902437388897
0.5178452730178833 0.38399654626846313 -0.006301827263087034
0.590441107749939 0.5468900799751282 0.008994052186608315
0.5572267770767212 0.45964136719703674 0.009086591191589832
0.5322360396385193 0.4030294418334961 0.0041451710276305676
0.5143125653266907 0.3605601191520691 -0.0022134315222501755
0.6059563159942627 0.5471740961074829 -0.003026429330930114
0.5701245069503784 0.45812150835990906 -0.008178136311471462
0.5456687211990356 0.40006324648857117 -0.013277250342071056
0.5331611633300781 0.35479044914245605 -0.018046144396066666
0.6218564510345459 0.558290421962738 -0.015862297266721725
0.5937948226928711 0.4944276809692383 -0.024750633165240288
0.5814161896705627 0.4619482755661011 -0.02730632945895195
0.5778341889381409 0.43625399470329285 -0.030474688857793808
