Dominik_image_zero_51.jpg
0.7593631744384766 0.7052928805351257 -4.0452425764669897e-07
0.7196378111839294 0.6159945726394653 -0.013359792530536652
0.7023205161094666 0.5372223258018494 -0.028635399416089058
0.6906082630157471 0.4804239869117737 -0.04069708287715912
0.6916131973266602 0.47097882628440857 -0.048351556062698364
0.773362934589386 0.4802304804325104 -0.04239415004849434
0.6917985081672668 0.5031978487968445 -0.06207285821437836
0.6916482448577881 0.5458050966262817 -0.06555242091417313
0.7106074690818787 0.5525335073471069 -0.06740702688694
0.7908509373664856 0.5169244408607483 -0.04843739792704582
0.6953145265579224 0.549341082572937 -0.06705637276172638
0.7028089165687561 0.5796913504600525 -0.06176149472594261
0.7233349680900574 0.5812021493911743 -0.058838002383708954
0.7959854602813721 0.5648898482322693 -0.055020082741975784
0.7074691653251648 0.5943966507911682 -0.06916649639606476
0.7168384194374084 0.6154632568359375 -0.056556880474090576
0.7373926639556885 0.6149412393569946 -0.048905279487371445
0.7935136556625366 0.6171481609344482 -0.06341477483510971
0.725152850151062 0.6379446983337402 -0.07356277108192444
0.7298516631126404 0.6490409970283508 -0.06953306496143341
0.7469592094421387 0.6451573371887207 -0.06554866582155228
