Dominik_image_two_19.jpg
0.7285791039466858 0.7391881346702576 -1.0843805142712881e-07
0.6916194558143616 0.6335421204566956 -0.01251521147787571
0.6718986630439758 0.5272137522697449 -0.027406876906752586
0.6327579021453857 0.46134114265441895 -0.04866481199860573
0.584160327911377 0.4303521513938904 -0.07241059094667435
0.7821148633956909 0.4564949870109558 -0.010009987279772758
0.8388316035270691 0.36419087648391724 -0.04329517483711243
0.8803665637969971 0.31132960319519043 -0.06764539331197739
0.9178633093833923 0.2678527534008026 -0.08430774509906769
0.822171688079834 0.4937951862812042 -0.02231885865330696
0.7904636263847351 0.4423232674598694 -0.07786881923675537
0.7408058643341064 0.5016517043113708 -0.09759464859962463
0.7148773074150085 0.5574829578399658 -0.0983726903796196
0.8486154079437256 0.5424811840057373 -0.03740961477160454
0.8033130168914795 0.5119977593421936 -0.08855719119310379
0.756282389163971 0.5675687789916992 -0.08730047196149826
0.7308675646781921 0.6132345795631409 -0.07119327783584595
0.8701119422912598 0.5931634306907654 -0.05317719653248787
0.8292120099067688 0.5673149824142456 -0.08409282565116882
0.7885718941688538 0.5968948602676392 -0.07834187895059586
0.7653908729553223 0.6230074167251587 -0.06403063237667084
