Dominik_image_two_23.jpg
0.48339328169822693 0.7492457032203674 -2.5353099886160635e-07
0.437229722738266 0.662265419960022 -0.01572241075336933
0.4158695936203003 0.5636052489280701 -0.03258596360683441
0.380082368850708 0.5011290311813354 -0.05422993749380112
0.33652186393737793 0.4622159004211426 -0.07828701287508011
0.5210906267166138 0.47737058997154236 -0.01854296401143074
0.5561121702194214 0.38923653960227966 -0.04545752331614494
0.5840678215026855 0.33270692825317383 -0.06601335108280182
0.610871434211731 0.28283077478408813 -0.08322229981422424
0.5652142763137817 0.5029623508453369 -0.030283750966191292
0.4947805404663086 0.48348814249038696 -0.074795663356781
0.4611818492412567 0.5555738210678101 -0.08627205342054367
0.45983338356018066 0.6037836670875549 -0.08574504405260086
0.5896403789520264 0.5522415637969971 -0.04459616169333458
0.5064122080802917 0.5451879501342773 -0.08187124878168106
0.4778555631637573 0.6079007983207703 -0.06934364885091782
0.47623205184936523 0.6452568173408508 -0.05292317271232605
0.6015248894691467 0.6082950234413147 -0.06191038712859154
0.5303464531898499 0.6064795255661011 -0.08489561080932617
0.5037746429443359 0.6426780223846436 -0.07450289279222488
0.5018874406814575 0.6642365455627441 -0.060554128140211105
