Dominik_image_two_71.jpg
0.6930501461029053 0.9327355027198792 2.767368414424709e-07
0.7307686805725098 0.8233560919761658 -0.007711084093898535
0.7524363398551941 0.7120530605316162 -0.02874761074781418
0.7954357862472534 0.6265531778335571 -0.04792346805334091
0.8461632132530212 0.578927755355835 -0.06936945021152496
0.6737799644470215 0.6828364729881287 -0.060864850878715515
0.5922293066978455 0.5709121227264404 -0.07958009839057922
0.5464845895767212 0.5151735544204712 -0.08730132132768631
0.5059604644775391 0.4737238883972168 -0.09193704277276993
0.6219896674156189 0.7204816937446594 -0.06302468478679657
0.5756975412368774 0.6280406713485718 -0.07204806059598923
0.5994559526443481 0.6530977487564087 -0.05772748589515686
0.623489260673523 0.6907886266708374 -0.04931728541851044
0.5801447629928589 0.7686068415641785 -0.06233777478337288
0.5572843551635742 0.678352415561676 -0.06878872960805893
0.5739632248878479 0.7051107287406921 -0.04763210564851761
0.5894505381584167 0.7431148290634155 -0.03457842767238617
0.5465216636657715 0.8119696974754333 -0.06144614890217781
0.5342072248458862 0.7242244482040405 -0.05902973189949989
0.5534000396728516 0.7493767142295837 -0.03691117838025093
0.5657572150230408 0.7860352396965027 -0.021914131939411163
