Dominik_image_two_92.jpg
0.5521913170814514 0.7513768076896667 -1.613248485909935e-07
0.5351154804229736 0.683051586151123 -0.01345163956284523
0.5393242835998535 0.6025144457817078 -0.024381574243307114
0.5302646160125732 0.5463635325431824 -0.037263862788677216
0.511594295501709 0.5034250020980835 -0.05106480047106743
0.6253650188446045 0.5794168710708618 -0.018520258367061615
0.6736766695976257 0.554986834526062 -0.039606839418411255
0.709540843963623 0.5394339561462402 -0.0547708123922348
0.7424285411834717 0.5294673442840576 -0.06644755601882935
0.6550585031509399 0.6152153015136719 -0.0242752842605114
0.6164451241493225 0.6247376799583435 -0.05012227222323418
0.5817650556564331 0.6417475342750549 -0.05617554113268852
0.5764353275299072 0.6466548442840576 -0.056931812316179276
0.6643861532211304 0.6646661758422852 -0.03216144070029259
0.6144291162490845 0.6712122559547424 -0.053272537887096405
0.5894189476966858 0.6818567514419556 -0.04471654072403908
0.5921599268913269 0.6801970601081848 -0.03590364009141922
0.6640587449073792 0.7117846608161926 -0.042325034737586975
0.6208990216255188 0.712931752204895 -0.055598121136426926
0.6016710996627808 0.7156552672386169 -0.04840841889381409
0.6058251857757568 0.7103874683380127 -0.039571646600961685
