Dominik_image_one_37.jpg
0.7786113023757935 0.8031415939331055 -3.3475149052719644e-07
0.7478188276290894 0.6932410001754761 -0.02542184107005596
0.740451991558075 0.5857366919517517 -0.053105514496564865
0.7614104747772217 0.5125113129615784 -0.07311759889125824
0.7882598042488098 0.4574018120765686 -0.09412497282028198
0.7616707682609558 0.6730663776397705 -0.11544651538133621
0.6723829507827759 0.6790168285369873 -0.15263491868972778
0.6917374730110168 0.6721050143241882 -0.16683386266231537
0.7211565971374512 0.6520876884460449 -0.17522817850112915
0.7719486355781555 0.7419356107711792 -0.11743033677339554
0.6590372920036316 0.7405791282653809 -0.14733722805976868
0.6890864968299866 0.7168018817901611 -0.14202000200748444
0.722808837890625 0.7021315693855286 -0.1448044776916504
0.7736631631851196 0.7991955280303955 -0.11703301221132278
0.6679185628890991 0.7901702523231506 -0.1437900960445404
0.6927351951599121 0.7688692808151245 -0.12794481217861176
0.7274670600891113 0.7597479820251465 -0.12016098946332932
0.7669291496276855 0.847483217716217 -0.1182362511754036
0.6881639957427979 0.8344628214836121 -0.14244943857192993
0.7099363803863525 0.8136368989944458 -0.13978099822998047
0.7447119355201721 0.8040972352027893 -0.13894793391227722
0.7410212159156799 0.7644289135932922 -2.633431677168119e-07
0.736599326133728 0.6970277428627014 -0.04322636127471924
0.7393096089363098 0.6252826452255249 -0.07855623960494995
0.7526398301124573 0.5689621567726135 -0.10341789573431015
0.7832098603248596 0.5045364499092102 -0.12428134679794312
0.7700790762901306 0.6702069044113159 -0.11891305446624756
0.6645293831825256 0.6636190414428711 -0.14185355603694916
0.6729079484939575 0.6648968458175659 -0.1352827399969101
0.7063003182411194 0.6649289131164551 -0.13029038906097412
0.7747331857681274 0.7423236966133118 -0.1120181530714035
0.6574141979217529 0.7336618304252625 -0.12461189925670624
0.675554096698761 0.7223159670829773 -0.100113146007061
0.7102808952331543 0.710559606552124 -0.0871041938662529
0.7745147347450256 0.8061016201972961 -0.10378683358430862
0.6642865538597107 0.7882767915725708 -0.11544819921255112
0.6826485395431519 0.7741352319717407 -0.07730992883443832
0.7146407961845398 0.7646557688713074 -0.05434255674481392
0.7715162634849548 0.8605452179908752 -0.10099732130765915
0.6911371946334839 0.8395645618438721 -0.1200719103217125
0.7039744257926941 0.8241242170333862 -0.1071978434920311
0.7321893572807312 0.8175331354141235 -0.0955074355006218
