Dominik_image_five_57.jpg
0.714216947555542 0.8332038521766663 3.684773162149213e-07
0.7543634176254272 0.7583032250404358 0.0023857541382312775
0.7751618027687073 0.6834971904754639 -0.00468941917642951
0.7886015772819519 0.6180639266967773 -0.011670427396893501
0.8000929951667786 0.5712132453918457 -0.02022593282163143
0.7274885773658752 0.6340474486351013 -0.03458807244896889
0.7134613394737244 0.5287414193153381 -0.05011335760354996
0.7026371359825134 0.46656519174575806 -0.05578913539648056
0.6934524774551392 0.4190000891685486 -0.05915801599621773
0.6897236704826355 0.648044764995575 -0.044028639793395996
0.6592127680778503 0.538270115852356 -0.0646921917796135
0.6392689347267151 0.4704734981060028 -0.07481653243303299
0.6246073246002197 0.42027825117111206 -0.08125749230384827
0.6552920937538147 0.6741845011711121 -0.05046893656253815
0.618385910987854 0.5792304277420044 -0.06839945912361145
0.5969025492668152 0.5181845426559448 -0.0782482698559761
0.5825425982475281 0.4730536937713623 -0.08393904566764832
0.6267881393432617 0.7089662551879883 -0.054895054548978806
0.5842917561531067 0.6423242688179016 -0.07123423367738724
0.5587351322174072 0.6039721369743347 -0.07831522822380066
0.537844181060791 0.5703126192092896 -0.08133938163518906
