Dominik_image_five_39.jpg
0.7090546488761902 0.693231463432312 1.7237459815078182e-07
0.7086164951324463 0.625081479549408 0.014760160818696022
0.6962021589279175 0.5700629949569702 0.014058023691177368
0.6854686737060547 0.5357486009597778 0.00983408186584711
0.6790801286697388 0.5160179138183594 0.0036945128813385963
0.6822601556777954 0.5195329189300537 -0.010525558143854141
0.6482182145118713 0.44654184579849243 -0.022006705403327942
0.6297674775123596 0.40544694662094116 -0.02796993777155876
0.6146348118782043 0.37247008085250854 -0.03187130391597748
0.6675291657447815 0.5370296239852905 -0.025775212794542313
0.6252409219741821 0.4565540552139282 -0.035971373319625854
0.6002278327941895 0.40958285331726074 -0.041485995054244995
0.5795233845710754 0.37259989976882935 -0.04659050330519676
0.6504027843475342 0.5650059580802917 -0.039249591529369354
0.6019664406776428 0.4970878064632416 -0.04953252151608467
0.5743623971939087 0.4567188620567322 -0.05839274823665619
0.5543404817581177 0.42445945739746094 -0.06543567031621933
0.6332894563674927 0.599225640296936 -0.05058853328227997
0.5858274102210999 0.558776319026947 -0.06310500204563141
0.5564931631088257 0.5361959338188171 -0.07122068107128143
0.5313197374343872 0.5150784254074097 -0.07676677405834198
