Dominik_image_three_10.jpg
0.60765141248703 0.6621452569961548 2.846317102012108e-07
0.6087466478347778 0.6256477236747742 -0.00018218919285573065
0.604767918586731 0.5819434523582458 -0.004800762049853802
0.6067875623703003 0.546732485294342 -0.010659576393663883
0.6173326373100281 0.521673321723938 -0.01664862595498562
0.5757256746292114 0.5583517551422119 -0.015519469045102596
0.5411514043807983 0.5111532807350159 -0.024278197437524796
0.518761396408081 0.48615172505378723 -0.025916878134012222
0.502329409122467 0.46672093868255615 -0.026242347434163094
0.5630917549133301 0.5716513395309448 -0.020199386402964592
0.514942467212677 0.544161856174469 -0.031186189502477646
0.48579123616218567 0.5293622016906738 -0.0351334773004055
0.46524956822395325 0.5159448385238647 -0.03621665760874748
0.5532402396202087 0.594005823135376 -0.023487083613872528
0.5240769386291504 0.6106783151626587 -0.03152811899781227
0.5361645221710205 0.6230329871177673 -0.02891860529780388
0.5504520535469055 0.625012218952179 -0.024398863315582275
0.5452250242233276 0.6204251646995544 -0.026988767087459564
0.5306634902954102 0.6396638751029968 -0.03121599741280079
0.5445800423622131 0.6478159427642822 -0.028039848431944847
0.5571002960205078 0.6461395621299744 -0.02348640188574791
