Dominik_image_five_8.jpg
0.6451225280761719 0.7101995944976807 3.757681099614274e-07
0.6848511695861816 0.6527871489524841 -0.002610635245218873
0.7088873386383057 0.598406195640564 -0.01239633560180664
0.7303506135940552 0.5466828942298889 -0.021626096218824387
0.7538844347000122 0.5146352648735046 -0.03208188712596893
0.6534157395362854 0.5423430800437927 -0.028687870129942894
0.6421682238578796 0.4566776752471924 -0.03999338671565056
0.6334071755409241 0.407717227935791 -0.04476732388138771
0.6265439391136169 0.3691693842411041 -0.04845071956515312
0.6192050576210022 0.5522743463516235 -0.03495560958981514
0.5945717692375183 0.46213915944099426 -0.0510094054043293
0.5777016878128052 0.4071199297904968 -0.060145195573568344
0.5658050775527954 0.3668804168701172 -0.06650254130363464
0.590461254119873 0.5747851729393005 -0.03913601115345955
0.5618178248405457 0.4970751404762268 -0.05415612831711769
0.5456345081329346 0.4469910264015198 -0.06422976404428482
0.5344418287277222 0.41003260016441345 -0.07053698599338531
0.5690289735794067 0.6037281155586243 -0.041966762393713
0.532088577747345 0.5528651475906372 -0.05649901553988457
0.5097370147705078 0.5230247378349304 -0.0637320876121521
0.4896584451198578 0.4957110285758972 -0.06744252890348434
0.6342318654060364 0.686478853225708 4.135308131480997e-07
0.6734655499458313 0.6484892964363098 -0.014743762090802193
0.6868945360183716 0.6069040894508362 -0.023400578647851944
0.6870639324188232 0.5676547288894653 -0.02813786454498768
0.6850781440734863 0.5379188656806946 -0.032783426344394684
0.6510633826255798 0.5515415668487549 -0.030892131850123405
0.6437881588935852 0.49489501118659973 -0.04255186766386032
0.6358551383018494 0.45255905389785767 -0.048975903540849686
0.6290243864059448 0.4208366274833679 -0.05317767336964607
0.616904616355896 0.55990070104599 -0.028156088665127754
0.6035184264183044 0.5025532245635986 -0.03877342492341995
0.5910075306892395 0.45954054594039917 -0.04421567916870117
0.5816910862922668 0.4257529675960541 -0.04855814203619957
0.5861549973487854 0.5779710412025452 -0.025794509798288345
0.5694471597671509 0.5249941945075989 -0.038529880344867706
0.5568916201591492 0.4840259552001953 -0.048525769263505936
0.5481293797492981 0.4540199637413025 -0.054609160870313644
0.5608615279197693 0.6028680801391602 -0.023404445499181747
0.5324748754501343 0.5577247738838196 -0.03871050477027893
0.512481153011322 0.5278427600860596 -0.049050137400627136
0.49728772044181824 0.5030486583709717 -0.054909735918045044
