Dominik_image_five_32.jpg
0.729310929775238 0.747071385383606 3.970783950535406e-07
0.6724461913108826 0.7324763536453247 -0.02282501757144928
0.6205450296401978 0.6946800947189331 -0.03650325536727905
0.5805649161338806 0.663498044013977 -0.04926054924726486
0.5442910194396973 0.6434682607650757 -0.06209872290492058
0.639194905757904 0.557774543762207 -0.018662845715880394
0.6061289310455322 0.48768341541290283 -0.03578811511397362
0.5874731540679932 0.4421462416648865 -0.0511285625398159
0.5729044079780579 0.40013813972473145 -0.06322748959064484
0.6716984510421753 0.5361559391021729 -0.02352548949420452
0.6530342102050781 0.44663119316101074 -0.03788211569190025
0.6416811943054199 0.387692391872406 -0.052273523062467575
0.6320621371269226 0.3383892774581909 -0.06354442238807678
0.7064863443374634 0.5370806455612183 -0.03213876113295555
0.6993042826652527 0.4561495780944824 -0.0505191944539547
0.6934646964073181 0.40318894386291504 -0.06588782370090485
0.6863255500793457 0.35711896419525146 -0.07693113386631012
0.7426085472106934 0.5551946759223938 -0.04291092976927757
0.7588146924972534 0.491946816444397 -0.06079499050974846
0.7708044648170471 0.448695570230484 -0.07057137787342072
0.7797215580940247 0.40862417221069336 -0.07741520553827286
