Dominik_image_one_14.jpg
0.7355858087539673 0.6909754872322083 -4.043063768222055e-07
0.7001203298568726 0.6347277760505676 -0.029282934963703156
0.6734031438827515 0.5571363568305969 -0.043897151947021484
0.6399828791618347 0.508194625377655 -0.057335879653692245
0.603949785232544 0.49239426851272583 -0.06596065312623978
0.7398441433906555 0.5001534819602966 -0.010554980486631393
0.7773112058639526 0.4801715016365051 -0.039776988327503204
0.7507753372192383 0.5262566804885864 -0.05300220102071762
0.7327688932418823 0.539126455783844 -0.0585353821516037
0.7721265554428101 0.5286349654197693 -0.00823276024311781
0.8039793372154236 0.5138592720031738 -0.041510339826345444
0.7661771178245544 0.5638542175292969 -0.04740782082080841
0.7503318190574646 0.564106285572052 -0.04463477432727814
0.7977977991104126 0.5583232045173645 -0.01227226760238409
0.8225846886634827 0.5477752685546875 -0.0467652790248394
0.7836009860038757 0.5929933786392212 -0.041490260511636734
0.7648881077766418 0.5955009460449219 -0.02973708137869835
0.8193067908287048 0.5888594388961792 -0.018501698970794678
0.832990825176239 0.5799936652183533 -0.0367250069975853
0.8028697967529297 0.6123390793800354 -0.030219215899705887
0.7847753763198853 0.616521954536438 -0.021173609420657158
