Dominik_image_four_37.jpg
0.7571455836296082 0.6140500903129578 1.4216192312233034e-07
0.7472042441368103 0.536099910736084 0.03214142099022865
0.7299759387969971 0.4823482632637024 0.04004114121198654
0.7273383736610413 0.4383794069290161 0.042195066809654236
0.7417076826095581 0.40144139528274536 0.04216055944561958
0.6841892600059509 0.448721706867218 0.010704134590923786
0.6298068165779114 0.4072512984275818 0.008063163608312607
0.5958220958709717 0.3918890655040741 0.00927734561264515
0.5695514678955078 0.3835134506225586 0.010438285768032074
0.6744823455810547 0.46889445185661316 -0.008081034757196903
0.60593181848526 0.4311814308166504 -0.01632648892700672
0.5648229122161865 0.41535770893096924 -0.01814635843038559
0.5366040468215942 0.4017007350921631 -0.01913469098508358
0.666488528251648 0.5038710832595825 -0.02286975271999836
0.5974559783935547 0.4871309697628021 -0.030967701226472855
0.5616521835327148 0.48225170373916626 -0.03160448372364044
0.5380513668060303 0.4742208421230316 -0.031810496002435684
0.6631913185119629 0.5431724190711975 -0.033703211694955826
0.6240782737731934 0.5429124236106873 -0.0356556661427021
0.6330177187919617 0.5457327365875244 -0.029940366744995117
0.6467347741127014 0.544922947883606 -0.025794802233576775
