Dominik_image_five_94.jpg
0.6777565479278564 0.6187519431114197 3.91776609376393e-07
0.7047079205513 0.5843474268913269 -0.013528327457606792
0.7157244682312012 0.5444901585578918 -0.023508550599217415
0.7259211540222168 0.5121361613273621 -0.031302742660045624
0.7382487654685974 0.49103230237960815 -0.039517488330602646
0.6704843044281006 0.4926956593990326 -0.02642917074263096
0.6504455804824829 0.43880122900009155 -0.03775385022163391
0.6374847292900085 0.40173405408859253 -0.04578712210059166
0.6256727576255798 0.3724786341190338 -0.051622141152620316
0.6460742950439453 0.5042524337768555 -0.02727162092924118
0.6228976845741272 0.44961869716644287 -0.03745689243078232
0.6048359870910645 0.40822774171829224 -0.045627135783433914
0.5905418992042542 0.3756577670574188 -0.05127999559044838
0.625556468963623 0.5259128212928772 -0.02820635959506035
0.6000633239746094 0.47257760167121887 -0.04075471684336662
0.5801053643226624 0.4338285028934479 -0.05309539660811424
0.5649380683898926 0.40203291177749634 -0.06077360361814499
0.6104163527488708 0.5553237795829773 -0.029221627861261368
0.5791271924972534 0.528353214263916 -0.04522515460848808
0.5554941892623901 0.5121119618415833 -0.05495510250329971
0.5364150404930115 0.496734619140625 -0.05965664982795715
