Dominik_image_three_17.jpg
0.6643217206001282 0.7048747539520264 3.362565905717929e-07
0.6299388408660889 0.6962515115737915 -0.011562308296561241
0.5891076922416687 0.6709271669387817 -0.01949964463710785
0.5533438920974731 0.6639917492866516 -0.028847485780715942
0.523206889629364 0.6674149036407471 -0.03827638924121857
0.5928208827972412 0.5918851494789124 -0.011503622867166996
0.5751489400863647 0.5391179919242859 -0.02384057454764843
0.5650629997253418 0.5073930621147156 -0.030684301629662514
0.5561961531639099 0.47846105694770813 -0.034738682210445404
0.6158120036125183 0.5813854336738586 -0.016522491350769997
0.6048435568809509 0.5238745212554932 -0.031014854088425636
0.5980112552642822 0.48743879795074463 -0.039146412163972855
0.5923280715942383 0.45679134130477905 -0.04224926978349686
0.6415940523147583 0.5842652916908264 -0.02300919219851494
0.6373379230499268 0.5798051953315735 -0.04463417828083038
0.6347354054450989 0.6244465708732605 -0.047932036221027374
0.6335733532905579 0.655332624912262 -0.043369948863983154
0.6662405729293823 0.5958815217018127 -0.03002958558499813
0.6610885858535767 0.5991491079330444 -0.04573051258921623
0.6559816598892212 0.6336919069290161 -0.044656429439783096
0.6529213786125183 0.65714031457901 -0.039754513651132584
