Dominik_image_two_98.jpg
0.6893496513366699 0.7637054324150085 -1.4759230282379576e-07
0.7060732841491699 0.6844205260276794 -0.005068609956651926
0.7046024203300476 0.5935486555099487 -0.016591448336839676
0.7070755958557129 0.5259424448013306 -0.028411896899342537
0.72481769323349 0.4766690135002136 -0.04099634289741516
0.6839176416397095 0.5988793969154358 -0.02335852012038231
0.6139848232269287 0.5475949048995972 -0.043972477316856384
0.5673882365226746 0.5201997756958008 -0.06325482577085495
0.527350664138794 0.497910737991333 -0.07716667652130127
0.6612758636474609 0.6354523301124573 -0.028333861380815506
0.5929052233695984 0.593039333820343 -0.038358643651008606
0.6163650751113892 0.6129738092422485 -0.03897552564740181
0.6439258456230164 0.6314086318016052 -0.044778138399124146
0.6407334804534912 0.6733055114746094 -0.03373919054865837
0.5791998505592346 0.6273720860481262 -0.040783174335956573
0.6031914353370667 0.647055447101593 -0.025601616129279137
0.6280154585838318 0.6633349061012268 -0.018944531679153442
0.624582052230835 0.7058531045913696 -0.04045417532324791
0.5765557289123535 0.6615557074546814 -0.04683467745780945
0.5953751802444458 0.678209662437439 -0.03453589603304863
0.6165084838867188 0.6950262188911438 -0.026643412187695503
