Dominik_image_four_77.jpg
0.5108448266983032 0.8884577751159668 6.03909938945435e-07
0.5162683725357056 0.7801313400268555 -0.010316487401723862
0.5060257315635681 0.6969751119613647 -0.024398209527134895
0.5105987191200256 0.6116839051246643 -0.03399462625384331
0.527645468711853 0.5488663911819458 -0.044724561274051666
0.3946796953678131 0.7084554433822632 -0.04781515896320343
0.30318212509155273 0.6466262936592102 -0.05138443782925606
0.2616933584213257 0.6199469566345215 -0.04894868656992912
0.23068886995315552 0.6006126403808594 -0.04643149673938751
0.3639492988586426 0.7771170139312744 -0.04414711892604828
0.25613927841186523 0.7262743711471558 -0.042938075959682465
0.2064087688922882 0.7013205289840698 -0.03821507468819618
0.17186394333839417 0.6815474629402161 -0.03574343025684357
0.35458943247795105 0.8475626707077026 -0.03671862930059433
0.27358901500701904 0.805621862411499 -0.03462224826216698
0.23395341634750366 0.7746327519416809 -0.03895394504070282
0.2113729864358902 0.7514232397079468 -0.0440075658261776
0.3632611036300659 0.902646541595459 -0.028829529881477356
0.33538714051246643 0.8578238487243652 -0.02178424969315529
0.3418732285499573 0.8304916024208069 -0.015144162811338902
0.35403576493263245 0.8113697171211243 -0.011190030723810196
