Dominik_image_five_85.jpg
0.6683346033096313 0.6169447898864746 1.1115458420363211e-07
0.6743690371513367 0.5811477899551392 0.005514470860362053
0.6697895526885986 0.5530648827552795 0.004870457574725151
0.6612379550933838 0.5377665162086487 0.002340621780604124
0.6528633832931519 0.5305126905441284 -0.0012439264683052897
0.6578354239463806 0.5210382342338562 -0.004047845955938101
0.6433809995651245 0.4806877374649048 -0.010047887451946735
0.6340051889419556 0.45637843012809753 -0.013890646398067474
0.6262302994728088 0.4361500144004822 -0.016609402373433113
0.6453417539596558 0.5256490707397461 -0.01151314377784729
0.6277136206626892 0.4795207381248474 -0.01678958348929882
0.6168399453163147 0.4491608738899231 -0.020718010142445564
0.6080052852630615 0.4234757125377655 -0.024099992588162422
0.6330597996711731 0.5380128622055054 -0.018378956243395805
0.6149158477783203 0.4954177737236023 -0.023660391569137573
0.6045540571212769 0.46831583976745605 -0.02956709824502468
0.5968777537345886 0.44590339064598083 -0.03411596640944481
0.6219817399978638 0.5554043054580688 -0.02440573461353779
0.6016536951065063 0.5300027132034302 -0.030588513240218163
0.5882216691970825 0.5138349533081055 -0.03464176505804062
0.5763840079307556 0.49969130754470825 -0.03742679953575134
