Dominik_image_zero_42.jpg
0.7721501588821411 0.7798464894294739 -4.956368684361223e-07
0.7275298833847046 0.6843096613883972 -0.02968703769147396
0.7097604274749756 0.5920882225036621 -0.050698619335889816
0.7014480233192444 0.5333908796310425 -0.06659439206123352
0.7044803500175476 0.5490972399711609 -0.07737506181001663
0.7961101531982422 0.5470845103263855 -0.04375908523797989
0.7077048420906067 0.581501305103302 -0.06855166703462601
0.6996144652366638 0.6252772808074951 -0.08103494346141815
0.7189887166023254 0.6276838779449463 -0.09028113633394241
0.818445086479187 0.5953810214996338 -0.044792015105485916
0.7154255509376526 0.6288655400276184 -0.06582118570804596
0.7161570191383362 0.6602376699447632 -0.06644388288259506
0.7371566295623779 0.6591939330101013 -0.0677340105175972
0.8252176642417908 0.6555567383766174 -0.0486319474875927
0.728755533695221 0.6856765747070312 -0.06794559955596924
0.7318119406700134 0.7052175402641296 -0.05879861116409302
0.7524348497390747 0.703249454498291 -0.05210316181182861
0.8212145566940308 0.7168318033218384 -0.056136321276426315
0.7492112517356873 0.7359884977340698 -0.06998533755540848
0.7531366348266602 0.7436008453369141 -0.06675250828266144
0.773125171661377 0.7371433973312378 -0.06241723895072937
