Dominik_image_zero_47.jpg
0.7734060883522034 0.75966477394104 -2.2403541777293867e-07
0.731681764125824 0.6674423813819885 -0.01195185910910368
0.7191147208213806 0.588409960269928 -0.027571937069296837
0.7086623311042786 0.5352957844734192 -0.04017219692468643
0.6961840391159058 0.5126693844795227 -0.04856550693511963
0.7837952971458435 0.5246595144271851 -0.04286052659153938
0.6971752643585205 0.547493577003479 -0.05871553719043732
0.6932569742202759 0.594447910785675 -0.0604742132127285
0.7140252590179443 0.6101383566856384 -0.06288385391235352
0.8026359677314758 0.5657788515090942 -0.05062263831496239
0.7024781107902527 0.5952579379081726 -0.06267739087343216
0.7077220678329468 0.6348548531532288 -0.05420542508363724
0.729938268661499 0.6445913910865784 -0.05055321380496025
0.8071478009223938 0.6216583847999573 -0.05845044553279877
0.7148752212524414 0.6510509252548218 -0.06501296162605286
0.7223998308181763 0.6746165156364441 -0.045743126422166824
0.7433257699012756 0.6762034893035889 -0.036041852086782455
0.8028331398963928 0.682437539100647 -0.068651482462883
0.7321375608444214 0.6975376605987549 -0.07726038247346878
0.7375344634056091 0.7067772150039673 -0.06985805183649063
0.7582958340644836 0.70184725522995 -0.06343890726566315
