Dominik_image_four_51.jpg
0.7407172918319702 0.5919760465621948 -3.62076164606151e-08
0.7069417238235474 0.5208742022514343 0.008836831897497177
0.6782928705215454 0.43904298543930054 0.0024409317411482334
0.673667311668396 0.3721807897090912 -0.0059636253863573074
0.6827977895736694 0.3200528025627136 -0.01845012605190277
0.6708135008811951 0.40410012006759644 -0.04085688665509224
0.6087455749511719 0.35158735513687134 -0.06422460824251175
0.5695025324821472 0.3214278221130371 -0.07848747819662094
0.5346627235412598 0.29726892709732056 -0.08927716314792633
0.6817783117294312 0.431050568819046 -0.059729959815740585
0.6058356165885925 0.38386979699134827 -0.08494576066732407
0.5588796138763428 0.35167843103408813 -0.10197614878416061
0.5198262929916382 0.32677212357521057 -0.11710674315690994
0.6900633573532104 0.4749225080013275 -0.07501903921365738
0.6082404255867004 0.44915148615837097 -0.1032460406422615
0.5564512610435486 0.4362775683403015 -0.12090805172920227
0.5159159898757935 0.42641887068748474 -0.13428106904029846
0.6930314898490906 0.5288598537445068 -0.0870060920715332
0.6399398446083069 0.5241089463233948 -0.1101299598813057
0.6289829611778259 0.5263239145278931 -0.11905457079410553
0.6247684955596924 0.5250418186187744 -0.1268172413110733
