Dominik_image_two_2.jpg
0.6532976031303406 0.7798482179641724 -3.004477093782043e-07
0.5981402397155762 0.697788655757904 -0.028762146830558777
0.5539278388023376 0.6058841347694397 -0.05441078916192055
0.5079728960990906 0.5431615710258484 -0.08282801508903503
0.46696561574935913 0.5014395713806152 -0.1133086159825325
0.6467263698577881 0.48471805453300476 -0.04325050488114357
0.6738426089286804 0.3678118586540222 -0.07464752346277237
0.6984164118766785 0.30211347341537476 -0.09504389017820358
0.7223180532455444 0.2503395974636078 -0.11010069400072098
0.6950424909591675 0.5046608448028564 -0.04918578267097473
0.6368276476860046 0.4800320863723755 -0.0991656705737114
0.6046961545944214 0.5532479882240295 -0.11248795688152313
0.5970054268836975 0.6084502935409546 -0.11182063072919846
0.7323865294456482 0.5463583469390869 -0.057577840983867645
0.6615264415740967 0.5533024668693542 -0.09880096465349197
0.6339938640594482 0.6233797669410706 -0.09187515825033188
0.6291477680206299 0.6692120432853699 -0.07802575081586838
0.763388991355896 0.600233256816864 -0.06969254463911057
0.7053425908088684 0.596466064453125 -0.0931185856461525
0.6733803749084473 0.6398001909255981 -0.08389472961425781
0.6661717891693115 0.6706829071044922 -0.07002232223749161
