Dominik_image_zero_30.jpg
0.6287883520126343 0.869206964969635 -2.674357517662429e-07
0.5920843482017517 0.8024600744247437 -0.0015493419487029314
0.5750527381896973 0.7322635054588318 -0.00725465128198266
0.560552716255188 0.6815518140792847 -0.012755903415381908
0.54471355676651 0.6546183824539185 -0.015607756562530994
0.6116265654563904 0.6713718175888062 -0.01090150885283947
0.5401191115379333 0.6786717176437378 -0.021622229367494583
0.5415491461753845 0.7144176363945007 -0.024725627154111862
0.5616031885147095 0.7233171463012695 -0.026745883747935295
0.6204391717910767 0.6978904604911804 -0.01842932030558586
0.5388102531433105 0.7155576944351196 -0.025838308036327362
0.5480136871337891 0.7461305856704712 -0.0221258457750082
0.5689582228660583 0.7491663694381714 -0.020978683605790138
0.6206132769584656 0.7347427010536194 -0.026635607704520226
0.5462834239006042 0.7556056380271912 -0.030752692371606827
0.556632399559021 0.7814717292785645 -0.022000787779688835
0.5760862827301025 0.7816951274871826 -0.01868920400738716
0.6179121732711792 0.7774151563644409 -0.035943653434515
0.5589140057563782 0.7963138222694397 -0.03934042528271675
0.5670755505561829 0.8145466446876526 -0.03593821078538895
0.5840716361999512 0.8149443864822388 -0.0335686057806015
