Dominik_image_zero_88.jpg
0.8372690677642822 0.7257166504859924 -3.843716740448144e-07
0.8444485664367676 0.6527759432792664 -5.101535134599544e-05
0.83148592710495 0.5642985105514526 -0.00799788162112236
0.8050692677497864 0.5000627636909485 -0.01596374809741974
0.7813772559165955 0.4746679961681366 -0.02129596844315529
0.8563829064369202 0.5173166394233704 -0.023036986589431763
0.7700369358062744 0.4875374436378479 -0.044808968901634216
0.7698718905448914 0.5246471166610718 -0.050974372774362564
0.7900277376174927 0.5341300368309021 -0.05296100676059723
0.8446726202964783 0.5478636026382446 -0.032401371747255325
0.7490028738975525 0.522406280040741 -0.0539991557598114
0.7585722208023071 0.5561124682426453 -0.04976295307278633
0.7817378044128418 0.5634968876838684 -0.045712266117334366
0.8252480030059814 0.5840464234352112 -0.042358096688985825
0.7392725944519043 0.5622045397758484 -0.05997869744896889
0.7506622076034546 0.5945836901664734 -0.0478382483124733
0.773871123790741 0.6010295748710632 -0.038616470992565155
0.8038052916526794 0.6228805184364319 -0.052480295300483704
0.7382172346115112 0.6084646582603455 -0.0647340640425682
0.7478422522544861 0.6324095129966736 -0.06091178208589554
0.7689176797866821 0.6363928318023682 -0.0564873032271862
