Dominik_image_one_52.jpg
0.7527263760566711 0.7431445121765137 -5.084674512545462e-07
0.720073938369751 0.6696285605430603 -0.030848288908600807
0.7028900980949402 0.5728532075881958 -0.046946845948696136
0.6732736825942993 0.5067334771156311 -0.06194692105054855
0.635784924030304 0.47048357129096985 -0.0723612904548645
0.7844489216804504 0.5132686495780945 -0.014196681790053844
0.8226345777511597 0.5096563696861267 -0.04775940999388695
0.7902862429618835 0.5570992231369019 -0.06439608335494995
0.7693707942962646 0.5723451375961304 -0.07179908454418182
0.8222044706344604 0.5504227876663208 -0.012864649295806885
0.8564238548278809 0.5473203659057617 -0.050289709120988846
0.8071650862693787 0.5984304547309875 -0.05829345062375069
0.78604656457901 0.6021744012832642 -0.056140799075365067
0.8514918088912964 0.5923711657524109 -0.017883431166410446
0.8784181475639343 0.5933623909950256 -0.058168042451143265
0.82648104429245 0.63921058177948 -0.0535045862197876
0.8015981912612915 0.6432867050170898 -0.04064743220806122
0.8743689060211182 0.6360653042793274 -0.02484266832470894
0.8903462290763855 0.6328088045120239 -0.04729267209768295
0.8497952222824097 0.6637939810752869 -0.04029202461242676
0.8262289762496948 0.6659578084945679 -0.029803818091750145
