Dominik_image_two_66.jpg
0.7157486081123352 0.6959108710289001 2.129152250063271e-07
0.691747784614563 0.5823357105255127 -0.014748914167284966
0.649154543876648 0.49180129170417786 -0.03148781880736351
0.6188719272613525 0.39664191007614136 -0.04360046237707138
0.6139419674873352 0.3197448253631592 -0.05696268379688263
0.5856096744537354 0.5269408822059631 -0.05860644951462746
0.47986695170402527 0.5281279683113098 -0.06781353801488876
0.42481663823127747 0.5275629162788391 -0.06724602729082108
0.3826461434364319 0.5314680933952332 -0.0663003996014595
0.5674991011619568 0.5975774526596069 -0.05254816263914108
0.4955939054489136 0.5748118162155151 -0.051698409020900726
0.5186293721199036 0.5702857375144958 -0.0349271185696125
0.5547157526016235 0.5748321413993835 -0.025175996124744415
0.5616211891174316 0.6685017347335815 -0.04439452663064003
0.5069699287414551 0.6274091005325317 -0.04124252870678902
0.5332463979721069 0.6317206621170044 -0.026900291442871094
0.5636969804763794 0.6467325687408447 -0.02002527192234993
0.5580308437347412 0.7280825972557068 -0.03671659156680107
0.5178684592247009 0.6817498207092285 -0.026811989024281502
0.5441576838493347 0.68256014585495 -0.013006982393562794
0.5695856809616089 0.6977683305740356 -0.005547710228711367
