Dominik_image_three_73.jpg
0.5831800103187561 0.9881887435913086 8.91383081125241e-07
0.5747767686843872 0.8987651467323303 -0.024350758641958237
0.5509005188941956 0.8176504969596863 -0.042146045714616776
0.54354327917099 0.7317520976066589 -0.05370733514428139
0.5562711954116821 0.6651018261909485 -0.06347325444221497
0.47303709387779236 0.854478120803833 -0.06177183613181114
0.39146751165390015 0.7863488793373108 -0.07405620813369751
0.3491508364677429 0.751680850982666 -0.07476826757192612
0.3186444044113159 0.7229467630386353 -0.07187490910291672
0.4492468535900116 0.9133422374725342 -0.05012897029519081
0.35747236013412476 0.8613461852073669 -0.061675481498241425
0.30947819352149963 0.8262842893600464 -0.0598442368209362
0.2800607979297638 0.7986641526222229 -0.05566383898258209
0.44147247076034546 0.9608691930770874 -0.0354234017431736
0.4074805676937103 0.8949735164642334 -0.03825877234339714
0.4319336414337158 0.8893916606903076 -0.027446933090686798
0.4578424394130707 0.8981080055236816 -0.015509146265685558
0.44109678268432617 0.993434488773346 -0.022893520072102547
0.4263607859611511 0.940851628780365 -0.01705530844628811
0.4481219947338104 0.9381678104400635 -0.004746425896883011
0.46858853101730347 0.9445736408233643 0.0074892668053507805
