Dominik_image_four_73.jpg
0.7404293417930603 0.5349065661430359 2.318929261946323e-07
0.7373489737510681 0.44681471586227417 0.02513560838997364
0.7229162454605103 0.37663689255714417 0.028128603473305702
0.7275945544242859 0.3131192624568939 0.025738200172781944
0.7484406232833862 0.26707541942596436 0.0206940695643425
0.6588086485862732 0.33570992946624756 0.005711389239877462
0.5933356285095215 0.28788891434669495 0.0020585462916642427
0.5543120503425598 0.2704339027404785 0.00037107118987478316
0.5237388014793396 0.2595343589782715 -0.001345980097539723
0.6408936977386475 0.3617992401123047 -0.012356702238321304
0.5617849230766296 0.3098621964454651 -0.02184581384062767
0.5122146606445312 0.2806873023509979 -0.029724005609750748
0.47706329822540283 0.2568408250808716 -0.03644528239965439
0.6271513104438782 0.4058951735496521 -0.026321902871131897
0.5476053953170776 0.3850913345813751 -0.03507954627275467
0.5049165487289429 0.37831729650497437 -0.03935468569397926
0.4773358106613159 0.3670371174812317 -0.0433097779750824
0.6200278997421265 0.4560910165309906 -0.03698940947651863
0.5737947225570679 0.45073187351226807 -0.039685968309640884
0.5892707705497742 0.4600416421890259 -0.03275949880480766
0.6088925004005432 0.4626460075378418 -0.028393324464559555
