Dominik_image_spock_55.jpg
0.6435450315475464 0.6928036212921143 2.8726097411890805e-07
0.6002593040466309 0.6890029907226562 -0.015422342345118523
0.5582101941108704 0.6699537038803101 -0.02635335922241211
0.5222389698028564 0.6624303460121155 -0.03724491968750954
0.4928340017795563 0.6658155918121338 -0.04868094623088837
0.564559280872345 0.5685773491859436 -0.013394197449088097
0.5400872230529785 0.5138899087905884 -0.026028024032711983
0.5274690985679626 0.48018014430999756 -0.03815260902047157
0.5151286125183105 0.44744741916656494 -0.04811597242951393
0.5837569236755371 0.5489968061447144 -0.017910897731781006
0.5585426688194275 0.4881330132484436 -0.02908494509756565
0.5421238541603088 0.4496926963329315 -0.04032297059893608
0.5269930362701416 0.41581428050994873 -0.0496470108628273
0.6070302128791809 0.5457575917243958 -0.024730395525693893
0.59771329164505 0.48383843898773193 -0.03611568734049797
0.5944669246673584 0.44385701417922974 -0.0436522476375103
0.589620053768158 0.4098582863807678 -0.04965066537261009
0.6314104199409485 0.5545448660850525 -0.033388279378414154
0.6257558465003967 0.505892276763916 -0.04220067709684372
0.6215206384658813 0.47436732053756714 -0.04483652859926224
0.6160831451416016 0.44547557830810547 -0.047493260353803635
