Dominik_image_three_18.jpg
0.7155150175094604 0.7088671922683716 4.685215344579774e-07
0.6796801090240479 0.7088841199874878 -0.015335806645452976
0.6372571587562561 0.6948847770690918 -0.029272012412548065
0.5960394144058228 0.6984705328941345 -0.04359028488397598
0.560579240322113 0.704167366027832 -0.05835646390914917
0.6501402258872986 0.5888767838478088 -0.02748638391494751
0.6281066536903381 0.5259258151054382 -0.042290449142456055
0.6150763034820557 0.4880817234516144 -0.04998724162578583
0.6063644289970398 0.45283329486846924 -0.055553704500198364
0.6746605038642883 0.575409471988678 -0.0334867425262928
0.6691423654556274 0.5096138119697571 -0.04848746955394745
0.6670719981193542 0.46696412563323975 -0.05680808424949646
0.6681773662567139 0.4306628406047821 -0.061310358345508575
0.6994437575340271 0.5838201642036438 -0.04019276425242424
0.6994286179542542 0.5807960033416748 -0.06121033802628517
0.6938797235488892 0.622376024723053 -0.06647032499313354
0.691765546798706 0.6515897512435913 -0.06539799273014069
0.7214929461479187 0.6055402159690857 -0.04772667959332466
0.721467912197113 0.6203174591064453 -0.06948808580636978
0.7202810645103455 0.6537894606590271 -0.07255411148071289
0.7199159860610962 0.679568350315094 -0.0703500434756279
