Dominik_image_one_88.jpg
0.770700991153717 0.6698325276374817 -7.396193382191996e-07
0.7133274674415588 0.6756219267845154 -0.04149610921740532
0.6382644772529602 0.6254818439483643 -0.05540306493639946
0.5883991718292236 0.594079852104187 -0.05951280891895294
0.5427007675170898 0.5800803303718567 -0.05821988731622696
0.6893141269683838 0.5364799499511719 -0.06186654791235924
0.7061028480529785 0.6415948867797852 -0.07933838665485382
0.7070118188858032 0.6594145894050598 -0.0846957340836525
0.6993803381919861 0.6356869339942932 -0.09089206159114838
0.7429517507553101 0.5149335265159607 -0.051815614104270935
0.7589294910430908 0.6587615013122559 -0.06580788642168045
0.747870147228241 0.653168261051178 -0.06478575617074966
0.7347008585929871 0.6228259205818176 -0.06802604347467422
0.792638897895813 0.5207290649414062 -0.04379506781697273
0.799706757068634 0.6501766443252563 -0.06378700584173203
0.7864357829093933 0.648571789264679 -0.054898470640182495
0.7745910882949829 0.6183026432991028 -0.04891103506088257
0.8322112560272217 0.5392144322395325 -0.04003292694687843
0.8360186219215393 0.6254591345787048 -0.06511284410953522
0.8256303071975708 0.632927417755127 -0.06760048121213913
0.8181992769241333 0.6167230606079102 -0.06632555276155472
