Dominik_image_spock_88.jpg
0.7269437909126282 0.7221481204032898 2.480238663338241e-07
0.6890059113502502 0.7112615704536438 -0.012177040800452232
0.6513540148735046 0.6869450807571411 -0.020532574504613876
0.6183746457099915 0.6766797304153442 -0.0289723202586174
0.591541588306427 0.677099883556366 -0.03771866485476494
0.664354681968689 0.6015247702598572 -0.00925214309245348
0.6477221250534058 0.5498871207237244 -0.01952623575925827
0.6401625275611877 0.5187026262283325 -0.02960309199988842
0.6326383352279663 0.4890158176422119 -0.03792863339185715
0.6825865507125854 0.5880900025367737 -0.013280671089887619
0.6653614640235901 0.5327216982841492 -0.02176295593380928
0.6545745730400085 0.49846139550209045 -0.03057786636054516
0.6440173387527466 0.468583345413208 -0.0380529910326004
0.703844428062439 0.5885776877403259 -0.019320867955684662
0.6998741626739502 0.5336089134216309 -0.028236791491508484
0.7001977562904358 0.4999195337295532 -0.033669255673885345
0.6982218027114868 0.4716912508010864 -0.03811989352107048
0.7256837487220764 0.5997205972671509 -0.02691621333360672
0.7237096428871155 0.5564102530479431 -0.03398042172193527
0.7224746942520142 0.5290143489837646 -0.035532835870981216
0.7199907302856445 0.5043746829032898 -0.037187881767749786
