Dominik_image_zero_99.jpg
0.6037533283233643 0.9019113779067993 -7.239910360112845e-07
0.5739915370941162 0.8164440393447876 -0.027209019288420677
0.5795277953147888 0.7159349918365479 -0.03996475413441658
0.5943968892097473 0.6518292427062988 -0.05155804753303528
0.6297733187675476 0.6367272138595581 -0.055996786803007126
0.6766774654388428 0.6750547885894775 -0.008618124760687351
0.639622151851654 0.6511325240135193 -0.03911565616726875
0.6104921698570251 0.7090545892715454 -0.055556520819664
0.6211163997650146 0.7255868911743164 -0.06644473224878311
0.7093725204467773 0.7052565813064575 -0.011296496726572514
0.6561833024024963 0.6950925588607788 -0.0431969091296196
0.6223435401916504 0.7534799575805664 -0.046578653156757355
0.6403845548629761 0.7629810571670532 -0.043249621987342834
0.7257443070411682 0.7554806470870972 -0.020734261721372604
0.6696239113807678 0.7528080940246582 -0.05065489560365677
0.6356151103973389 0.7969947457313538 -0.037292253226041794
0.6559263467788696 0.8019943833351135 -0.02320893295109272
0.7317256331443787 0.8093135356903076 -0.034456636756658554
0.6769557595252991 0.8090846538543701 -0.05093802139163017
0.6499708294868469 0.8331127762794495 -0.04391859471797943
0.665634274482727 0.8387656211853027 -0.0354720875620842
0.5933985710144043 0.9404937028884888 -3.0068352430134837e-07
0.5687486529350281 0.8324258327484131 -0.017883475869894028
0.5752227902412415 0.7307263612747192 -0.023496311157941818
0.5904691815376282 0.6628214716911316 -0.029000774025917053
0.6231928467750549 0.6406883597373962 -0.02805580571293831
0.659217357635498 0.7089616060256958 0.011243732646107674
0.6233929395675659 0.6770033836364746 -0.010192286223173141
0.6076512932777405 0.7264873385429382 -0.02589535526931286
0.6225296854972839 0.7381482124328613 -0.03707531467080116
0.6903765797615051 0.7318214178085327 0.010473952628672123
0.6429569721221924 0.7113552689552307 -0.009012160822749138
0.6217015385627747 0.7619196772575378 -0.013039236888289452
0.6426152586936951 0.7685365080833435 -0.013134709559381008
0.7083379626274109 0.773933470249176 0.0037844174075871706
0.6624524593353271 0.7596952319145203 -0.014250232838094234
0.636847198009491 0.7985565662384033 -0.0025169579312205315
0.653458297252655 0.8056550025939941 0.007679598405957222
0.7161712646484375 0.8195049166679382 -0.006557823158800602
0.6718804240226746 0.8127977848052979 -0.017210153862833977
0.6483637690544128 0.8346770405769348 -0.011747610755264759
0.6610904932022095 0.8422182202339172 -0.005369187332689762
