Dominik_image_zero_62.jpg
0.515974760055542 0.5164888501167297 -3.8208386854421406e-07
0.4722083508968353 0.4637416899204254 -0.00017990391643252224
0.44016844034194946 0.39990657567977905 -0.0074704354628920555
0.41338202357292175 0.3541390299797058 -0.015327449887990952
0.389060378074646 0.3283960819244385 -0.020114831626415253
0.46491414308547974 0.3205818235874176 -0.0139145003631711
0.3868502974510193 0.34935232996940613 -0.03464661166071892
0.400236576795578 0.3832477033138275 -0.044370658695697784
0.42226070165634155 0.3815682828426361 -0.04963298887014389
0.47332483530044556 0.3384954631328583 -0.023745695129036903
0.3872721791267395 0.3832781910896301 -0.04185562953352928
0.40555113554000854 0.41320836544036865 -0.04106869548559189
0.4276410937309265 0.40794721245765686 -0.04067544266581535
0.4758213460445404 0.37091031670570374 -0.03470257297158241
0.3982061445713043 0.4172317087650299 -0.047289665788412094
0.4166267514228821 0.4450027346611023 -0.03640536218881607
0.43713292479515076 0.43901488184928894 -0.03027479164302349
0.4753396511077881 0.41153088212013245 -0.04675472155213356
0.4179432690143585 0.45601212978363037 -0.056212231516838074
0.43263351917266846 0.47474879026412964 -0.052864816039800644
0.4511244297027588 0.4656088650226593 -0.0497528538107872
