Dominik_image_three_59.jpg
0.7923581600189209 0.952089786529541 1.056079668160237e-06
0.7902562022209167 0.8539650440216064 -0.0431455597281456
0.782045304775238 0.7745540738105774 -0.09164170920848846
0.7834048867225647 0.7013869285583496 -0.12269305437803268
0.7909039258956909 0.6334124207496643 -0.15280911326408386
0.7431032657623291 0.8141313195228577 -0.17844875156879425
0.6836212873458862 0.7420164346694946 -0.2283189296722412
0.6376187205314636 0.6940999031066895 -0.252391517162323
0.6057026386260986 0.6584151387214661 -0.2652427852153778
0.7184846997261047 0.878346860408783 -0.15819314122200012
0.6335541605949402 0.8180723190307617 -0.21135573089122772
0.5776441693305969 0.7741002440452576 -0.2226533591747284
0.5355427265167236 0.7362303137779236 -0.22990445792675018
0.6997873783111572 0.9266287088394165 -0.12753386795520782
0.6433252096176147 0.8447957038879395 -0.14168690145015717
0.6270017027854919 0.8118367791175842 -0.11406957358121872
0.614849328994751 0.7916357517242432 -0.09756872057914734
0.6850502490997314 0.9593190550804138 -0.09932416677474976
0.6550377011299133 0.8900249600410461 -0.09358573704957962
0.6628807783126831 0.8745447993278503 -0.0671258345246315
0.670182466506958 0.8662663698196411 -0.04973924160003662
