Dominik_image_five_10.jpg
0.699111819267273 0.5645309686660767 3.301581159576017e-07
0.7382644414901733 0.5111867189407349 -0.0028106898535043
0.7612757086753845 0.45360785722732544 -0.01071582455188036
0.7805024981498718 0.40157240629196167 -0.019029345363378525
0.8032240271568298 0.37098899483680725 -0.028551531955599785
0.7074031233787537 0.3859471380710602 -0.020678995177149773
0.6903747916221619 0.3023034930229187 -0.031671855598688126
0.6804832220077515 0.25340068340301514 -0.037960801273584366
0.6733026504516602 0.21447883546352386 -0.04291601851582527
0.673690676689148 0.39439427852630615 -0.02828252874314785
0.6456915140151978 0.304638534784317 -0.04244198650121689
0.6275007128715515 0.24698011577129364 -0.05225006118416786
0.6143995523452759 0.20323410630226135 -0.05935432389378548
0.6437488794326782 0.417023628950119 -0.03486252576112747
0.6126936078071594 0.3369902968406677 -0.04949812591075897
0.5939956903457642 0.2851799726486206 -0.061210960149765015
0.5811687707901001 0.24634020030498505 -0.06869075447320938
0.6184975504875183 0.44895148277282715 -0.040482938289642334
0.5801502466201782 0.39717525243759155 -0.055668748915195465
0.5556638240814209 0.36648237705230713 -0.06406386941671371
0.5346158146858215 0.3394201695919037 -0.06854841858148575
