Dominik_image_zero_98.jpg
0.550026535987854 0.9654448628425598 -5.427415885606024e-07
0.523044764995575 0.8868089914321899 -0.030368201434612274
0.527919352054596 0.7945955395698547 -0.04285532981157303
0.541799783706665 0.7288088202476501 -0.05278343707323074
0.5762082934379578 0.714119017124176 -0.05512304604053497
0.628874659538269 0.7545560002326965 -0.008673353120684624
0.5832644701004028 0.7345991134643555 -0.035099104046821594
0.5567491054534912 0.7872136831283569 -0.048203762620687485
0.5680185556411743 0.8053069710731506 -0.05619752034544945
0.657738447189331 0.7887672781944275 -0.006878730375319719
0.5956653952598572 0.7817707061767578 -0.03373870626091957
0.5661296248435974 0.8325780034065247 -0.036078233271837234
0.5856766104698181 0.8435372114181519 -0.032164301723241806
0.6678553223609924 0.8388984799385071 -0.011757776141166687
0.6055853366851807 0.8399672508239746 -0.03890284150838852
0.5764907002449036 0.8748011589050293 -0.028006119653582573
0.5965139269828796 0.8795325756072998 -0.015108617953956127
0.6676045656204224 0.8906146287918091 -0.02079215832054615
0.6126834750175476 0.8928448557853699 -0.037206146866083145
0.590239405632019 0.911890983581543 -0.0323452353477478
0.6050353646278381 0.9170120358467102 -0.02425461634993553
