Dominik_image_spock_57.jpg
0.667460560798645 0.7027307152748108 3.0874747380948975e-07
0.6236511468887329 0.6977510452270508 -0.01551827508956194
0.5787876844406128 0.6774715781211853 -0.027020828798413277
0.5396031141281128 0.6695783138275146 -0.03844444453716278
0.5075514912605286 0.6725048422813416 -0.05037984251976013
0.5847868323326111 0.5728694200515747 -0.0142496507614851
0.5593855977058411 0.5162259340286255 -0.027420412749052048
0.5461000204086304 0.4816390872001648 -0.04008832201361656
0.5330652594566345 0.44770365953445435 -0.05051175877451897
0.6041387319564819 0.5538582801818848 -0.018909167498350143
0.577025294303894 0.49146202206611633 -0.030417658388614655
0.5600771903991699 0.4523792862892151 -0.04195532947778702
0.5440779328346252 0.4179800748825073 -0.05150104686617851
0.6285284161567688 0.5515347123146057 -0.02580314502120018
0.6181343793869019 0.4876289367675781 -0.03769436106085777
0.6145047545433044 0.4463276267051697 -0.04574398323893547
0.6088625192642212 0.4112854301929474 -0.052048210054636
0.6541857719421387 0.5614543557167053 -0.03444860875606537
0.647973895072937 0.5109049677848816 -0.04413723573088646
0.6435527801513672 0.4778411388397217 -0.04744868353009224
0.637931227684021 0.4473165273666382 -0.05043898522853851
