Dominik_image_three_57.jpg
0.8456315994262695 0.8270364999771118 2.4007408683246467e-07
0.8362142443656921 0.73192298412323 0.022733280435204506
0.8089204430580139 0.6339204907417297 0.02407829836010933
0.7883386611938477 0.5510287880897522 0.02160898968577385
0.7961629033088684 0.49186861515045166 0.018869800493121147
0.7784566879272461 0.6112637519836426 -0.02221713215112686
0.705377459526062 0.5196603536605835 -0.03868887946009636
0.6622363924980164 0.46710383892059326 -0.04592384025454521
0.6309099793434143 0.42717182636260986 -0.049518849700689316
0.7534083127975464 0.6501501202583313 -0.0364764928817749
0.6564835906028748 0.5769876837730408 -0.05778038129210472
0.605324387550354 0.5309731364250183 -0.06387542933225632
0.5679093599319458 0.4961799383163452 -0.06679455190896988
0.7285621166229248 0.6968299150466919 -0.04443003237247467
0.6645878553390503 0.6497728228569031 -0.05222209542989731
0.6834469437599182 0.6623321175575256 -0.031027905642986298
0.7016733884811401 0.6825227737426758 -0.012585758231580257
0.7101143598556519 0.7476237416267395 -0.05100990831851959
0.675497829914093 0.697163462638855 -0.04739714041352272
0.6973779201507568 0.7072153687477112 -0.02552325278520584
0.71519935131073 0.7256109714508057 -0.006318909116089344
