Dominik_image_one_39.jpg
0.736766517162323 0.7298672795295715 -2.977945428028761e-07
0.7159099578857422 0.6439805030822754 -0.04315263405442238
0.7170069813728333 0.5530380010604858 -0.06489787995815277
0.7352029085159302 0.4857421815395355 -0.0770910233259201
0.7622309923171997 0.42587560415267944 -0.08563213050365448
0.7447022199630737 0.6059525609016418 -0.08079662173986435
0.6350081562995911 0.6218792796134949 -0.10733560472726822
0.6454970836639404 0.6300822496414185 -0.11111678183078766
0.6760000586509705 0.6234354376792908 -0.11049022525548935
0.7522584199905396 0.6718995571136475 -0.07210595160722733
0.6278939843177795 0.6835680603981018 -0.09412318468093872
0.6535855531692505 0.6769140362739563 -0.08670565485954285
0.6858359575271606 0.6698755025863647 -0.08331567794084549
0.7527267932891846 0.7321299910545349 -0.06576146185398102
0.6385603547096252 0.7356913685798645 -0.08942895382642746
0.6626951694488525 0.723188579082489 -0.07354318350553513
0.6931462287902832 0.7138580083847046 -0.06099526584148407
0.7464678287506104 0.7884448766708374 -0.06382761150598526
0.6669400930404663 0.7837296724319458 -0.08460795879364014
0.6816267371177673 0.767680823802948 -0.08148357272148132
0.7063976526260376 0.7587898373603821 -0.07636667042970657
