Dominik_image_zero_48.jpg
0.7604818344116211 0.7072553634643555 -2.7426150950304873e-07
0.720937192440033 0.6085905432701111 -6.169098014652263e-06
0.7022920250892639 0.5334341526031494 -0.018022023141384125
0.6868199706077576 0.47723114490509033 -0.03561859577894211
0.6826473474502563 0.4670971632003784 -0.04990467429161072
0.7652791142463684 0.4792517423629761 -0.047795917838811874
0.6865134239196777 0.4980514645576477 -0.06398729234933853
0.686223030090332 0.5392535328865051 -0.06155235320329666
0.7063503265380859 0.5458685159683228 -0.06045510619878769
0.7820206880569458 0.5142908692359924 -0.063357412815094
0.6897218227386475 0.5414777994155884 -0.07516276836395264
0.6968268156051636 0.5742914080619812 -0.060444749891757965
0.7199933528900146 0.5767984390258789 -0.053203314542770386
0.7875345349311829 0.5616540908813477 -0.07764438539743423
0.7024961709976196 0.5887317061424255 -0.08125881105661392
0.7108331918716431 0.6112971305847168 -0.057777270674705505
0.7322319149971008 0.6122511029243469 -0.047049082815647125
0.7879181504249573 0.6138125658035278 -0.09350438416004181
0.7205291986465454 0.6310619711875916 -0.09695525467395782
0.7242847084999084 0.6426693201065063 -0.08689433336257935
0.7413688898086548 0.6420760154724121 -0.08077540993690491
