Dominik_image_zero_97.jpg
0.5026715397834778 0.9448549747467041 -7.478891461687454e-07
0.47551560401916504 0.8667311072349548 -0.02468404360115528
0.48117896914482117 0.7765588760375977 -0.03649056330323219
0.4939337372779846 0.7190706133842468 -0.047392405569553375
0.5205879211425781 0.6972519159317017 -0.05269753187894821
0.5811548829078674 0.7256142497062683 -0.005799711681902409
0.5348525643348694 0.7136454582214355 -0.039299916476011276
0.5051125884056091 0.7612528800964355 -0.06055102497339249
0.5067456364631653 0.7835223078727722 -0.07161121070384979
0.6084696650505066 0.7603498697280884 -0.008744293823838234
0.5475338101387024 0.7590695023536682 -0.03859946131706238
0.51490318775177 0.8069736957550049 -0.04506581276655197
0.5228191018104553 0.8218697309494019 -0.043440889567136765
0.6206567883491516 0.8114590644836426 -0.018220553174614906
0.556663990020752 0.8168458342552185 -0.04770306125283241
0.5252833962440491 0.8533746600151062 -0.04005265608429909
0.5366035103797913 0.8615924119949341 -0.028506187722086906
0.622551441192627 0.8659230470657349 -0.03133268281817436
0.5668228268623352 0.8693418502807617 -0.04685918241739273
0.5404578447341919 0.8902403712272644 -0.04038640856742859
0.5483194589614868 0.8971589803695679 -0.030804356560111046
