Dominik_image_spock_82.jpg
0.7056483626365662 0.7002599239349365 2.949819304376433e-07
0.6648193001747131 0.6937048435211182 -0.015473836101591587
0.6232863664627075 0.6746554374694824 -0.025889551267027855
0.5869576930999756 0.6666091084480286 -0.035960372537374496
0.5589685440063477 0.6719886064529419 -0.04622673615813255
0.6304454207420349 0.5818552374839783 -0.012685107998549938
0.6089067459106445 0.53093421459198 -0.024117659777402878
0.5984498858451843 0.4997309446334839 -0.035053275525569916
0.5881366729736328 0.4687853455543518 -0.04399853199720383
0.6486952304840088 0.5648865699768066 -0.015522243455052376
0.6253582835197449 0.5096566081047058 -0.025345148518681526
0.611412525177002 0.4750938415527344 -0.03497811034321785
0.5980916023254395 0.4436996877193451 -0.04305658116936684
0.6716555953025818 0.5629158616065979 -0.020535878837108612
0.6655821204185486 0.5078207850456238 -0.031135989353060722
0.6642532348632812 0.47239047288894653 -0.03745393455028534
0.6609627604484558 0.44230979681015015 -0.04220898449420929
0.6952236890792847 0.5718898177146912 -0.027324726805090904
0.6906370520591736 0.5268883109092712 -0.03553992882370949
0.6881424188613892 0.49803876876831055 -0.03755555674433708
0.684968888759613 0.4706106185913086 -0.039435505867004395
