Dominik_image_one_62.jpg
0.7596445679664612 0.4935629963874817 -3.9851840938354144e-07
0.7353499531745911 0.3926018178462982 -0.0033927338663488626
0.7312573790550232 0.29816755652427673 -0.02087591588497162
0.7432433366775513 0.22545835375785828 -0.03648104518651962
0.7657235264778137 0.17126066982746124 -0.05065056309103966
0.750667929649353 0.2840442359447479 -0.06105474755167961
0.6637029647827148 0.29868075251579285 -0.0811009407043457
0.670685350894928 0.3291160464286804 -0.07962798327207565
0.6962515711784363 0.32555049657821655 -0.07720326632261276
0.7561803460121155 0.3311050534248352 -0.07162918150424957
0.657251238822937 0.3482300043106079 -0.08624207228422165
0.675215482711792 0.36511409282684326 -0.07356557250022888
0.6994600892066956 0.3653377890586853 -0.06875613331794739
0.7547377347946167 0.38327938318252563 -0.08062820136547089
0.6651445627212524 0.39472150802612305 -0.09037923812866211
0.6822910904884338 0.4078691601753235 -0.07481074333190918
0.7087730169296265 0.40675824880599976 -0.06916563957929611
0.7500510215759277 0.43439123034477234 -0.08974555134773254
0.678740918636322 0.43457239866256714 -0.09619958698749542
0.6922601461410522 0.438388466835022 -0.09114299714565277
0.7178423404693604 0.43738603591918945 -0.08949296176433563
