Dominik_image_zero_96.jpg
0.3229207694530487 0.9334516525268555 -2.8006991215079324e-07
0.3183995485305786 0.8592787981033325 -0.00092316948575899
0.2891698181629181 0.7772583961486816 -0.0065694451332092285
0.24904483556747437 0.7289673089981079 -0.01046469621360302
0.21116667985916138 0.7305402755737305 -0.013784031383693218
0.26741909980773926 0.7574998736381531 -0.03130791336297989
0.1887458711862564 0.7702274322509766 -0.04613407701253891
0.20323166251182556 0.7952705025672913 -0.04890019819140434
0.22517243027687073 0.7981299161911011 -0.048506952822208405
0.2538752257823944 0.8031656742095947 -0.03736674785614014
0.1735498160123825 0.810750424861908 -0.04747271165251732
0.1899457573890686 0.8329344391822815 -0.041520874947309494
0.2118282914161682 0.8356615900993347 -0.038041893392801285
0.23887023329734802 0.8539056181907654 -0.04228966310620308
0.16806729137897491 0.86092209815979 -0.05057866498827934
0.18711711466312408 0.8794575929641724 -0.03780069574713707
0.20989398658275604 0.8807852268218994 -0.029925033450126648
0.22378891706466675 0.9084649085998535 -0.04685025289654732
0.17355674505233765 0.9097540378570557 -0.0532756969332695
0.19154395163059235 0.9234640598297119 -0.04431779682636261
0.21154315769672394 0.924041748046875 -0.0368381142616272
