Dominik_image_two_29.jpg
0.5417084693908691 0.7629597187042236 -4.4445008029470046e-07
0.5044074058532715 0.6638274788856506 -0.01001233235001564
0.5039746165275574 0.5692213177680969 -0.01940317638218403
0.5102400779724121 0.5026794075965881 -0.03211311995983124
0.5051491856575012 0.44743746519088745 -0.04465955123305321
0.585846483707428 0.5162801742553711 -0.025900069624185562
0.6257085204124451 0.4322643578052521 -0.05613003671169281
0.650381326675415 0.37550801038742065 -0.07613545656204224
0.6704974174499512 0.3261858820915222 -0.09257438033819199
0.6268208622932434 0.5512120723724365 -0.03718886896967888
0.5389384627342224 0.533499538898468 -0.08296798169612885
0.5051414966583252 0.5905055403709412 -0.09043704718351364
0.5068952441215515 0.6278465390205383 -0.08842356503009796
0.6440604329109192 0.6054979562759399 -0.05080661550164223
0.5535203218460083 0.595844566822052 -0.0879855528473854
0.53301602602005 0.6415503621101379 -0.07505228370428085
0.5411568880081177 0.6684908866882324 -0.059547003358602524
0.6488771438598633 0.6644735932350159 -0.0669064074754715
0.5774264335632324 0.658329427242279 -0.09442529082298279
0.555669367313385 0.676788866519928 -0.09014975279569626
0.5603048205375671 0.6878403425216675 -0.08044156432151794
