Dominik_image_spock_20.jpg
0.6873190999031067 0.6701589822769165 3.758030686640268e-07
0.638922393321991 0.6534860730171204 -0.01877788081765175
0.5920031666755676 0.6252140402793884 -0.03318221494555473
0.5481976270675659 0.6146610975265503 -0.04699678346514702
0.5124514698982239 0.6211833953857422 -0.06180606782436371
0.6121000051498413 0.5114837884902954 -0.02235267497599125
0.5909756422042847 0.44362521171569824 -0.03873780369758606
0.5811331272125244 0.4020315706729889 -0.05363554507493973
0.5713600516319275 0.36075785756111145 -0.06574590504169464
0.6360353827476501 0.49416404962539673 -0.02703447826206684
0.614501416683197 0.4191143214702606 -0.043488483875989914
0.6008079051971436 0.37146252393722534 -0.05906353145837784
0.5879663228988647 0.3261907696723938 -0.07135216146707535
0.6643071174621582 0.4982573390007019 -0.03356568515300751
0.6691399812698364 0.4275830388069153 -0.051953818649053574
0.6760061979293823 0.3816322982311249 -0.06408722698688507
0.6786624789237976 0.34228140115737915 -0.07206949591636658
0.6915401220321655 0.5170860886573792 -0.04153120890259743
0.6970404982566833 0.46121740341186523 -0.055434465408325195
0.7006812691688538 0.4257460832595825 -0.060265082865953445
0.7030919790267944 0.3911593556404114 -0.06401865929365158
0.6856098771095276 0.6758738160133362 4.410724159242818e-07
0.6334630846977234 0.6652956008911133 -0.019558625295758247
0.5813659429550171 0.63254314661026 -0.03247067704796791
0.5359622836112976 0.6202923655509949 -0.04523798078298569
0.49951645731925964 0.6247546076774597 -0.058479148894548416
0.6031463146209717 0.5140811204910278 -0.015182352624833584
0.5859878659248352 0.44599756598472595 -0.030847951769828796
0.5757280588150024 0.40097475051879883 -0.046304550021886826
0.5666612982749939 0.36118030548095703 -0.05854951962828636
0.6247945427894592 0.4973788261413574 -0.018875904381275177
0.6057794690132141 0.4210166335105896 -0.03179038316011429
0.5928195714950562 0.3710711598396301 -0.04431156441569328
0.5822524428367615 0.3293415904045105 -0.054381996393203735
0.6503520011901855 0.4975939095020294 -0.025690753012895584
0.6356180310249329 0.4221242070198059 -0.03804897144436836
0.625289797782898 0.3778097629547119 -0.0467110201716423
0.6172506809234619 0.34061601758003235 -0.05386846885085106
0.6776857376098633 0.5126408338546753 -0.0349799320101738
0.6778113842010498 0.45063847303390503 -0.04434103146195412
0.6801620721817017 0.4118669629096985 -0.047522854059934616
0.6818174719810486 0.37729308009147644 -0.050690703094005585
