Dominik_image_spock_26.jpg
0.6343337297439575 0.6830953359603882 5.204917101764295e-07
0.5826321244239807 0.6757659316062927 -0.024487320333719254
0.5314669013023376 0.6527285575866699 -0.04395771771669388
0.48355621099472046 0.6454976797103882 -0.06176479160785675
0.4451007544994354 0.6594284176826477 -0.08039823919534683
0.5533342957496643 0.5173917412757874 -0.031043920665979385
0.5306387543678284 0.4455958604812622 -0.04724257066845894
0.5196046233177185 0.4008999764919281 -0.06169397383928299
0.5081143379211426 0.35587823390960693 -0.07413516938686371
0.5796645283699036 0.4942655563354492 -0.03462323173880577
0.5541366934776306 0.4148494303226471 -0.05165642872452736
0.5403361916542053 0.3638658821582794 -0.06727823615074158
0.5278894901275635 0.31406426429748535 -0.080034539103508
0.6099401116371155 0.49779370427131653 -0.04001462459564209
0.6162804961204529 0.42197418212890625 -0.05829080194234848
0.624239981174469 0.3713383078575134 -0.07118147611618042
0.6286166906356812 0.3275038003921509 -0.08041445165872574
0.6387676000595093 0.516949474811554 -0.04724942892789841
0.6453254222869873 0.457399845123291 -0.060345347970724106
0.6478662490844727 0.4185102880001068 -0.06528331339359283
0.6480018496513367 0.380082905292511 -0.0698356032371521
