Dominik_image_three_90.jpg
0.7101861238479614 0.7312345504760742 5.34872640400863e-07
0.6667079925537109 0.7051106095314026 -0.011811179108917713
0.6170658469200134 0.6599883437156677 -0.02107909694314003
0.5703173279762268 0.6510409712791443 -0.03368174657225609
0.5333740711212158 0.659162163734436 -0.0467861033976078
0.6405253410339355 0.5592026710510254 -0.010368900373578072
0.6178975701332092 0.4856255352497101 -0.025204110890626907
0.6038968563079834 0.4433845281600952 -0.032185979187488556
0.5937128663063049 0.40633541345596313 -0.03584210202097893
0.6726111173629761 0.5491660833358765 -0.018599193543195724
0.6578467488288879 0.4658925533294678 -0.0365755520761013
0.6480557918548584 0.41438737511634827 -0.047746069729328156
0.641316831111908 0.3702472448348999 -0.051511820405721664
0.7048430442810059 0.5560567378997803 -0.028423357754945755
0.6705597043037415 0.5572488903999329 -0.05535892769694328
0.6639296412467957 0.6129380464553833 -0.06077451631426811
0.6668916344642639 0.6509659886360168 -0.05506334826350212
0.7300399541854858 0.5751122832298279 -0.038976192474365234
0.6955877542495728 0.6037884950637817 -0.05688873678445816
0.686916708946228 0.6487943530082703 -0.055870767682790756
0.6898950338363647 0.6779260635375977 -0.049670975655317307
