Dominik_image_two_7.jpg
0.7967689633369446 0.7413048148155212 -3.959671346365212e-07
0.8011651039123535 0.6363292336463928 0.014695108868181705
0.7678019404411316 0.5402308106422424 0.00915988627821207
0.7143747210502625 0.5009233951568604 0.0013070876011624932
0.6708643436431885 0.4977312684059143 -0.008626032620668411
0.7710537314414978 0.4633825421333313 -0.02620757557451725
0.6941543817520142 0.37993019819259644 -0.0479719452559948
0.6445391774177551 0.3370480537414551 -0.06100068613886833
0.6054649949073792 0.2989134192466736 -0.0715467557311058
0.7509469985961914 0.5017493963241577 -0.04330700263381004
0.6441712379455566 0.46777623891830444 -0.06374533474445343
0.6552245616912842 0.5155882239341736 -0.05850055813789368
0.6854627728462219 0.537091851234436 -0.05518972501158714
0.7257551550865173 0.5532287955284119 -0.05781649425625801
0.6305272579193115 0.5328568816184998 -0.06935149431228638
0.6463207602500916 0.5734153389930725 -0.04946098476648331
0.6765517592430115 0.5838485956192017 -0.03795362263917923
0.6999412178993225 0.6077114343643188 -0.07168214023113251
0.6340345144271851 0.5938522815704346 -0.07666967064142227
0.6514064073562622 0.6246044635772705 -0.061668574810028076
0.6770721077919006 0.6330142021179199 -0.051445964723825455
0.8039436340332031 0.8165217638015747 -2.54132885402214e-07
0.799268901348114 0.6794409155845642 0.0466160848736763
0.7639776468276978 0.5747948884963989 0.062047652900218964
0.7204923629760742 0.5240715742111206 0.06985601037740707
0.6790459752082825 0.5063328146934509 0.07559198141098022
0.7599368691444397 0.4874282777309418 0.027286332100629807
0.6896277666091919 0.4130193293094635 0.023911023512482643
0.6508315801620483 0.36338016390800476 0.013241319917142391
0.616722583770752 0.3174155652523041 0.0019555159378796816
0.7396257519721985 0.5207979679107666 0.002681775251403451
0.6358388662338257 0.4783451557159424 0.011107470840215683
0.6494244933128357 0.5206153988838196 0.018514465540647507
0.680500864982605 0.5363337993621826 0.018063107505440712
0.7146702408790588 0.5662699341773987 -0.017793899402022362
0.6211538314819336 0.5305355191230774 -0.0037517917808145285
0.6402863264083862 0.5739074349403381 0.01637476496398449
0.6715980172157288 0.5842323303222656 0.02206476777791977
0.6928153038024902 0.6200428605079651 -0.035655174404382706
0.6249992251396179 0.5886050462722778 -0.022799301892518997
0.6425726413726807 0.6216681599617004 -0.002652279334142804
0.6696139574050903 0.6332484483718872 0.008309155702590942
