Dominik_image_three_48.jpg
0.7167659997940063 0.7655279040336609 5.02360194332141e-07
0.7136722207069397 0.6693545579910278 0.026610776782035828
0.7026059031486511 0.5803784132003784 0.027366885915398598
0.6958481669425964 0.5006759762763977 0.023103997111320496
0.7125575542449951 0.4497143030166626 0.02017820253968239
0.6539649963378906 0.554076075553894 -0.01700638048350811
0.5817887783050537 0.46395236253738403 -0.02872302010655403
0.5382719039916992 0.4185473620891571 -0.031415876001119614
0.5071189999580383 0.3840603828430176 -0.03288163244724274
0.6248293519020081 0.5917408466339111 -0.03156411275267601
0.5356161594390869 0.5208074450492859 -0.05823717266321182
0.48144009709358215 0.4780629277229309 -0.07079135626554489
0.44714370369911194 0.45115500688552856 -0.07657516002655029
0.5990514159202576 0.6428676843643188 -0.03771910071372986
0.5532667636871338 0.6061281561851501 -0.038783907890319824
0.5743431448936462 0.6177197098731995 -0.014114836230874062
0.5944712162017822 0.6358590126037598 0.006126951426267624
0.5828412175178528 0.6961320042610168 -0.0427788645029068
0.5646629333496094 0.6659765243530273 -0.028633257374167442
0.5890863537788391 0.6751409769058228 -0.003128849435597658
0.6051903367042542 0.6889669895172119 0.018338309600949287
