Dominik_image_five_16.jpg
0.37060216069221497 0.8122767210006714 6.815741357968363e-07
0.41438597440719604 0.7404738664627075 -0.028468918055295944
0.43968451023101807 0.666115403175354 -0.047248728573322296
0.4649416506290436 0.597179114818573 -0.05999594181776047
0.4918672442436218 0.5519198179244995 -0.07200081646442413
0.3523715138435364 0.6123703718185425 -0.04628807678818703
0.3470567464828491 0.5068714618682861 -0.058944813907146454
0.34212324023246765 0.44716405868530273 -0.06649021059274673
0.3369494676589966 0.4008607566356659 -0.07180500030517578
0.3101499080657959 0.6293627619743347 -0.03872928023338318
0.28686895966529846 0.5222313404083252 -0.05085126310586929
0.2737876772880554 0.45632582902908325 -0.058125462383031845
0.26401105523109436 0.40939053893089294 -0.06345732510089874
0.2828938066959381 0.655579686164856 -0.03134125843644142
0.2567847967147827 0.5633878111839294 -0.04045126959681511
0.24536831676959991 0.5052944421768188 -0.04910223186016083
0.23699933290481567 0.46140605211257935 -0.055498234927654266
0.271057665348053 0.6841370463371277 -0.0255848690867424
0.24386899173259735 0.6245524287223816 -0.03434315323829651
0.2285693734884262 0.5876907706260681 -0.039944250136613846
0.2164161056280136 0.5556128025054932 -0.04302971065044403
