Dominik_image_zero_60.jpg
0.5014262199401855 0.5106392502784729 -3.980215410592791e-07
0.46368736028671265 0.46274834871292114 0.0012347048614174128
0.42818835377693176 0.39978453516960144 -0.004772447049617767
0.3957771360874176 0.3574123978614807 -0.011478381231427193
0.37024736404418945 0.3295738697052002 -0.015230126678943634
0.4496057629585266 0.3195164203643799 -0.012097625061869621
0.3701170086860657 0.34559333324432373 -0.0316721610724926
0.3826792240142822 0.38061100244522095 -0.03892170637845993
0.4044983983039856 0.37913545966148376 -0.04278971627354622
0.4572559595108032 0.3361052870750427 -0.02254294976592064
0.3704606890678406 0.3800148367881775 -0.04064951837062836
0.3891737759113312 0.4112440347671509 -0.03904564678668976
0.4107068181037903 0.40399572253227234 -0.03813167288899422
0.458916038274765 0.36988741159439087 -0.03411128744482994
0.37919485569000244 0.4143519401550293 -0.048029616475105286
0.3985769748687744 0.44590356945991516 -0.037124842405319214
0.41973650455474854 0.4390958249568939 -0.030794259160757065
0.45883458852767944 0.41285327076911926 -0.04629899188876152
0.3986480236053467 0.45787617564201355 -0.05965978652238846
0.4143858253955841 0.478418231010437 -0.058127790689468384
0.43475964665412903 0.4679035246372223 -0.055791061371564865
