Henrik_image_two_39.jpg
0.5503042936325073 0.7516899704933167 -6.951588460424318e-08
0.526977002620697 0.6498805284500122 0.013030103407800198
0.532163679599762 0.5831172466278076 0.00020188225607853383
0.5274237990379333 0.517204225063324 -0.017016390338540077
0.5125623345375061 0.46947404742240906 -0.037655677646398544
0.6186618804931641 0.5338445901870728 -0.026119189336895943
0.691394567489624 0.46360087394714355 -0.037582237273454666
0.7369294166564941 0.42540299892425537 -0.04536682739853859
0.774948000907898 0.4017283618450165 -0.05103909596800804
0.6598440408706665 0.5716558694839478 -0.036423347890377045
0.6953197121620178 0.5558351874351501 -0.03170540928840637
0.6746833920478821 0.5760056972503662 -0.019785229116678238
0.6505070924758911 0.595666766166687 -0.015852343291044235
0.6849617958068848 0.6295945048332214 -0.04318705201148987
0.6950835585594177 0.6182714700698853 -0.02677467279136181
0.6783453822135925 0.6350685358047485 -0.007886105217039585
0.65678870677948 0.651590883731842 -0.00344992452301085
0.6986954808235168 0.6875178217887878 -0.04997895658016205
0.6995701193809509 0.6803662776947021 -0.029209475964307785
0.6802106499671936 0.6922948360443115 -0.0090470677241683
0.6598318815231323 0.7042015194892883 0.00172777334228158
