Henrik_image_two_74.jpg
0.6336120367050171 0.9479390382766724 -1.8668438883651106e-07
0.5680150985717773 0.9095425009727478 -0.01496246550232172
0.5208706855773926 0.8406956791877747 -0.022205112501978874
0.48739388585090637 0.794769823551178 -0.0316549614071846
0.4586275815963745 0.7587618231773376 -0.040250200778245926
0.5517271757125854 0.7382945418357849 -0.009640815667808056
0.5485231280326843 0.6706059575080872 -0.029129106551408768
0.5473445057868958 0.6229974627494812 -0.040846485644578934
0.5489218235015869 0.5835952162742615 -0.05021541565656662
0.5959058403968811 0.7263902425765991 -0.015941262245178223
0.5620249509811401 0.7777758836746216 -0.047517117112874985
0.5548802018165588 0.8430811166763306 -0.05258861929178238
0.5639585852622986 0.862530529499054 -0.04933643713593483
0.6369190216064453 0.7488611340522766 -0.025719743221998215
0.6021264791488647 0.8162477612495422 -0.053422167897224426
0.5934876203536987 0.8695560097694397 -0.043145403265953064
0.6012769937515259 0.8727392554283142 -0.030087750405073166
0.6729494333267212 0.7863774299621582 -0.038244590163230896
0.6411557793617249 0.840095579624176 -0.053830333054065704
0.6265522837638855 0.8776804804801941 -0.04564227908849716
0.6292364597320557 0.8783103227615356 -0.03499247878789902
