Henrik_image_one_63.jpg
0.30732572078704834 0.7253439426422119 -2.255228963576883e-07
0.3305884003639221 0.6277669668197632 -0.009681954979896545
0.3705110251903534 0.5168114304542542 -0.026722153648734093
0.38308799266815186 0.4319354295730591 -0.04256417602300644
0.35827508568763733 0.3760402798652649 -0.05460278317332268
0.38199976086616516 0.5303560495376587 -0.050146862864494324
0.4795852303504944 0.5277483463287354 -0.07759407162666321
0.46490639448165894 0.5543636679649353 -0.08696151524782181
0.43594008684158325 0.5610461235046387 -0.09053418040275574
0.3880729377269745 0.5958222150802612 -0.05937637388706207
0.49646586179733276 0.5934053063392639 -0.07816127687692642
0.4739531874656677 0.607491672039032 -0.0736762061715126
0.4382236897945404 0.6103381514549255 -0.07206796109676361
0.39772894978523254 0.6624756455421448 -0.06801781058311462
0.4904038906097412 0.6644712090492249 -0.0792153850197792
0.4660401940345764 0.6699592471122742 -0.06456013023853302
0.43379348516464233 0.6658750176429749 -0.0571928434073925
0.4076867997646332 0.7243127226829529 -0.07716730237007141
0.47764095664024353 0.7200570106506348 -0.07658051699399948
0.4526805281639099 0.723976194858551 -0.06110253185033798
0.42117422819137573 0.7208750247955322 -0.05288565903902054
