Henrik_image_spock_82.jpg
0.3464036285877228 0.746819257736206 1.8365695098054857e-07
0.3788661062717438 0.6898781657218933 0.017214283347129822
0.39739149808883667 0.6322594285011292 0.020241642370820045
0.4022100567817688 0.5804626941680908 0.01985251158475876
0.3977102041244507 0.5353953838348389 0.01933610811829567
0.3834537863731384 0.5891677141189575 -0.00502098398283124
0.3881955146789551 0.5021779537200928 -0.014285476878285408
0.3861313760280609 0.4474557638168335 -0.018822165206074715
0.3863317668437958 0.40145641565322876 -0.023226197808980942
0.37310463190078735 0.5852330327033997 -0.018751665949821472
0.36839962005615234 0.4934723973274231 -0.041353192180395126
0.36519238352775574 0.43520158529281616 -0.05376766249537468
0.3622604012489319 0.3841208815574646 -0.06096918135881424
0.3675251603126526 0.5959131121635437 -0.02892502024769783
0.3896699547767639 0.523151695728302 -0.04695075377821922
0.4098716080188751 0.47760486602783203 -0.05232952535152435
0.42553043365478516 0.4403928816318512 -0.05404891446232796
0.3674604892730713 0.6142262816429138 -0.036484554409980774
0.3900874853134155 0.5591761469841003 -0.05006784573197365
0.4038642644882202 0.5255153775215149 -0.05339384824037552
0.4151029884815216 0.49371784925460815 -0.05461905524134636
