Henrik_image_three_69.jpg
0.7432248592376709 0.7630341053009033 4.3732640619964513e-07
0.7577599287033081 0.6907795071601868 0.009082714095711708
0.7664688229560852 0.6175644993782043 0.0041886623948812485
0.7713572382926941 0.556513249874115 -0.0037171440199017525
0.7950237989425659 0.5226864814758301 -0.012691425159573555
0.7415039539337158 0.5835738182067871 -0.021181141957640648
0.7181252241134644 0.4927874207496643 -0.038865718990564346
0.7025758028030396 0.43347594141960144 -0.048292577266693115
0.690276563167572 0.3884499669075012 -0.053867463022470474
0.713906466960907 0.5986950397491455 -0.0313086099922657
0.6534333229064941 0.518700897693634 -0.04913106933236122
0.613731324672699 0.4700273871421814 -0.05643828958272934
0.5864482522010803 0.43420350551605225 -0.06094443425536156
0.6851972937583923 0.6261709928512573 -0.03806506097316742
0.6253237724304199 0.5863829851150513 -0.0472722128033638
0.6344503164291382 0.6120678186416626 -0.03391588106751442
0.6521687507629395 0.6306115388870239 -0.021684251725673676
0.6597923636436462 0.6593639850616455 -0.04452003911137581
0.6179516911506653 0.6356030702590942 -0.04725295305252075
0.6296849250793457 0.6567939519882202 -0.03397982940077782
0.6479014754295349 0.6688200235366821 -0.020953966304659843
