Henrik_image_four_62.jpg
0.49728649854660034 0.6684156656265259 6.741678362232051e-07
0.4879448711872101 0.5898566842079163 0.0099883321672678
0.48528653383255005 0.5174785256385803 0.002720640040934086
0.4838256537914276 0.4563429355621338 -0.004908105358481407
0.4629824161529541 0.41658464074134827 -0.01338876225054264
0.5177270770072937 0.4681795537471771 -0.04813356325030327
0.5746004581451416 0.37295547127723694 -0.0713609904050827
0.6075115203857422 0.31396666169166565 -0.07835230976343155
0.6306620836257935 0.26807036995887756 -0.08069312572479248
0.5424115061759949 0.4959491193294525 -0.06363482773303986
0.6249443292617798 0.3974400758743286 -0.0960371196269989
0.6747438907623291 0.34383532404899597 -0.10538453608751297
0.7096477150917053 0.3079921007156372 -0.10815054178237915
0.5704804062843323 0.5388771295547485 -0.07346680015325546
0.6612452864646912 0.49798330664634705 -0.09826923161745071
0.6920909285545349 0.490094929933548 -0.09782110899686813
0.7114933729171753 0.483578085899353 -0.0930052176117897
0.5934197902679443 0.5856807231903076 -0.08046084642410278
0.640047550201416 0.5778597593307495 -0.08775178343057632
0.6315598487854004 0.5938713550567627 -0.078343465924263
0.6208673715591431 0.6014111042022705 -0.07018731534481049
