Henrik_image_two_82.jpg
0.5204975008964539 0.9208770990371704 -1.1394211441029256e-07
0.5170300602912903 0.8345734477043152 0.0026400068309158087
0.48818933963775635 0.7305151224136353 -0.004327228292822838
0.4704053997993469 0.6498818397521973 -0.00860934890806675
0.4701007604598999 0.5878129601478577 -0.015833918005228043
0.4816839396953583 0.7073548436164856 -0.052705079317092896
0.42429018020629883 0.6253558397293091 -0.07909533381462097
0.38910961151123047 0.5777741074562073 -0.09382519125938416
0.35986560583114624 0.5343198180198669 -0.10482512414455414
0.4670874774456024 0.7511130571365356 -0.06316062808036804
0.3558814525604248 0.7094271183013916 -0.08823414891958237
0.37185347080230713 0.7503975033760071 -0.08353685587644577
0.4049423038959503 0.7739485502243042 -0.07820478081703186
0.445378839969635 0.8094927668571472 -0.07077774405479431
0.3414429724216461 0.7788483500480652 -0.09147113561630249
0.3638692796230316 0.811457097530365 -0.07274232804775238
0.3975793719291687 0.8259201645851135 -0.05740705505013466
0.4239167273044586 0.8714399337768555 -0.07718601077795029
0.3446415066719055 0.8441060185432434 -0.09425663203001022
0.3656313717365265 0.8646097183227539 -0.08240543305873871
0.39430373907089233 0.8733482956886292 -0.07077398151159286
