Henrik_image_five_42.jpg
0.6505705118179321 0.4935252070426941 2.897203899010492e-07
0.5927883386611938 0.49462348222732544 -0.022261669859290123
0.533189058303833 0.46004152297973633 -0.03342273831367493
0.4904455244541168 0.4240615963935852 -0.04337044060230255
0.45493775606155396 0.41696619987487793 -0.054079290479421616
0.5458599328994751 0.34262770414352417 -0.024049753323197365
0.5097067356109619 0.2764308452606201 -0.042309969663619995
0.4857276678085327 0.23624159395694733 -0.05675750598311424
0.4666752219200134 0.20007863640785217 -0.06821925193071365
0.5746017098426819 0.31370362639427185 -0.028885727748274803
0.5455438494682312 0.22678053379058838 -0.045344848185777664
0.5260545611381531 0.17248065769672394 -0.058974489569664
0.5108013153076172 0.12657073140144348 -0.0696963295340538
0.6076740026473999 0.3027629256248474 -0.03687020391225815
0.5881565809249878 0.21568801999092102 -0.05532419681549072
0.5746740102767944 0.16200605034828186 -0.06818265467882156
0.5629385709762573 0.1158498227596283 -0.07796479016542435
0.644095242023468 0.3055533468723297 -0.046908311545848846
0.6452516913414001 0.23723235726356506 -0.06385786831378937
0.644654393196106 0.1896398365497589 -0.07190661877393723
0.6424283981323242 0.14625433087348938 -0.07818514853715897
