Henrik_image_three_9.jpg
0.2689679265022278 0.8632039427757263 4.37803038266793e-07
0.32747137546539307 0.8051116466522217 -0.020897258073091507
0.36502137780189514 0.7204463481903076 -0.028984373435378075
0.3993874788284302 0.6620243191719055 -0.04080254212021828
0.43757206201553345 0.6395586133003235 -0.0518139973282814
0.29651811718940735 0.6365570425987244 -0.018008247017860413
0.2974376678466797 0.5414684414863586 -0.04282791540026665
0.2974211573600769 0.4869163930416107 -0.0554497204720974
0.29599297046661377 0.43783146142959595 -0.062374718487262726
0.25313183665275574 0.649006187915802 -0.02623998001217842
0.233757883310318 0.5543874502182007 -0.06349305808544159
0.22114014625549316 0.4893237352371216 -0.08424708247184753
0.20881372690200806 0.4349226653575897 -0.09239750355482101
0.21964481472969055 0.6841530203819275 -0.03674983233213425
0.21593083441257477 0.6734632849693298 -0.08605094999074936
0.24434180557727814 0.7315833568572998 -0.09423752874135971
0.2645561695098877 0.7747313380241394 -0.0841807872056961
0.19248996675014496 0.7310562133789062 -0.04867295175790787
0.19379928708076477 0.7330308556556702 -0.08303362131118774
0.22259247303009033 0.7713534832000732 -0.08389532566070557
0.2446344494819641 0.8012319803237915 -0.07510004192590714
