Henrik_image_four_64.jpg
0.4117329716682434 0.7334257364273071 5.145766408531927e-07
0.39941808581352234 0.6478829383850098 0.013267084956169128
0.3972303867340088 0.5676206350326538 0.008023921400308609
0.39490699768066406 0.5123327374458313 0.002095516538247466
0.37224245071411133 0.4714835286140442 -0.0038595350924879313
0.40304961800575256 0.5407094955444336 -0.04282552748918533
0.44905248284339905 0.43850159645080566 -0.06326086819171906
0.4728187620639801 0.3811075985431671 -0.0663527101278305
0.48833200335502625 0.33469077944755554 -0.065108522772789
0.42578184604644775 0.5700498223304749 -0.0582893006503582
0.4932161569595337 0.4672873020172119 -0.08726433664560318
0.5356661081314087 0.4070587754249573 -0.09372002631425858
0.5666719079017639 0.3662164807319641 -0.09461072832345963
0.4573153257369995 0.611456036567688 -0.06865496188402176
0.5444092750549316 0.5624525547027588 -0.08796095848083496
0.5876683592796326 0.5377951860427856 -0.08985889703035355
0.6199798583984375 0.5141066908836365 -0.08855901658535004
0.48310619592666626 0.6570183038711548 -0.07608100026845932
0.5421271324157715 0.6373876333236694 -0.07638630270957947
0.5503259897232056 0.635796844959259 -0.06743108481168747
0.5577860474586487 0.6292340755462646 -0.06149694323539734
