Henrik_image_five_2.jpg
0.38648247718811035 0.6455932855606079 7.375562631750654e-07
0.4525270462036133 0.6535378694534302 -0.04558591544628143
0.5080894827842712 0.6426693201065063 -0.07459250092506409
0.5570070743560791 0.6374475359916687 -0.09962397813796997
0.5968270301818848 0.6481908559799194 -0.12486942857503891
0.4809357821941376 0.4652090072631836 -0.0572403222322464
0.5210903882980347 0.3826425075531006 -0.085103340446949
0.5422738194465637 0.32811570167541504 -0.10490039736032486
0.5582824945449829 0.2813410460948944 -0.12011402100324631
0.43908771872520447 0.43680045008659363 -0.05607837438583374
0.45726755261421204 0.33214619755744934 -0.08316434174776077
0.4716366231441498 0.26175785064697266 -0.10335742682218552
0.48140349984169006 0.20513774454593658 -0.11753920465707779
0.3963658809661865 0.4385073482990265 -0.058927983045578
0.3876838982105255 0.33461740612983704 -0.0888209417462349
0.38949424028396606 0.26373884081840515 -0.11403118073940277
0.39212527871131897 0.20678351819515228 -0.12992599606513977
0.3576919138431549 0.46462252736091614 -0.06504999846220016
0.3243263363838196 0.3944391906261444 -0.09621743857860565
0.30448153614997864 0.344597190618515 -0.11578426510095596
0.2908291518688202 0.2989465892314911 -0.12731051445007324
