Henrik_image_two_47.jpg
0.34963345527648926 0.8407076597213745 -8.216016311735075e-08
0.33713647723197937 0.7631632089614868 0.018548427149653435
0.34161174297332764 0.6917496919631958 0.017209351062774658
0.3439802825450897 0.6456648111343384 0.010130389593541622
0.33731716871261597 0.6138796210289001 0.0021446668542921543
0.3638543486595154 0.6275947093963623 -0.007928391918540001
0.4073631465435028 0.5525844097137451 -0.018306467682123184
0.4314826726913452 0.5079977512359619 -0.023750340566039085
0.45053455233573914 0.47313305735588074 -0.028450313955545425
0.37915611267089844 0.6418706178665161 -0.02603883482515812
0.4603464901447296 0.6403550505638123 -0.03790846839547157
0.4580787420272827 0.6791462898254395 -0.035077959299087524
0.4407089054584503 0.6940374374389648 -0.03261745348572731
0.40048420429229736 0.6752452254295349 -0.0415010079741478
0.46879416704177856 0.6862954497337341 -0.04571571946144104
0.4584294557571411 0.7179945707321167 -0.033314190804958344
0.4400043785572052 0.724189817905426 -0.026918036863207817
0.4218008518218994 0.7143018841743469 -0.056336790323257446
0.4711683988571167 0.7283989191055298 -0.05178685113787651
0.4583050012588501 0.7547743320465088 -0.038422469049692154
0.43951714038848877 0.7601085901260376 -0.02989584393799305
