Henrik_image_five_95.jpg
0.8188999891281128 0.6639567613601685 4.393220081055915e-07
0.7557871341705322 0.6542144417762756 -0.025022299960255623
0.6994068026542664 0.6262593269348145 -0.04316891357302666
0.6517581939697266 0.6110725402832031 -0.05989482253789902
0.6099967956542969 0.6122716069221497 -0.07823768258094788
0.7394254803657532 0.4907990097999573 -0.03378399461507797
0.7116658687591553 0.41690775752067566 -0.053711697459220886
0.6973553895950317 0.3671114444732666 -0.06998966634273529
0.6872355937957764 0.32431676983833313 -0.08293689787387848
0.7793137431144714 0.47001874446868896 -0.03894548490643501
0.7670385241508484 0.37704429030418396 -0.05616786330938339
0.7597894072532654 0.3149601221084595 -0.07227305322885513
0.7546225190162659 0.26385849714279175 -0.08570796251296997
0.8191621899604797 0.472842276096344 -0.04702659323811531
0.8187592029571533 0.38313359022140503 -0.06925515830516815
0.8143475651741028 0.32589906454086304 -0.08812863379716873
0.8096018433570862 0.27712711691856384 -0.10225169360637665
0.8586690425872803 0.4946138262748718 -0.056719668209552765
0.8870572447776794 0.43108969926834106 -0.0797702744603157
0.9043206572532654 0.38594937324523926 -0.09287911653518677
0.9175977110862732 0.34360891580581665 -0.10231263935565948
