Henrik_image_five_92.jpg
0.7161418795585632 0.6530137658119202 4.1110899928753497e-07
0.6574323773384094 0.6453729867935181 -0.019759483635425568
0.6041158437728882 0.6092249155044556 -0.03168398514389992
0.5647480487823486 0.5776086449623108 -0.04248940944671631
0.5297151207923889 0.5671173930168152 -0.05413486808538437
0.628726601600647 0.49484169483184814 -0.023795921355485916
0.6013303995132446 0.42955923080444336 -0.040076129138469696
0.5843925476074219 0.3863549828529358 -0.053294576704502106
0.5710409283638 0.34914422035217285 -0.06387253850698471
0.6616771221160889 0.47359633445739746 -0.02909446693956852
0.6466553807258606 0.3885250687599182 -0.044207923114299774
0.6367652416229248 0.33124327659606934 -0.058537743985652924
0.6289164423942566 0.2831810712814331 -0.06953052431344986
0.6970992088317871 0.473283052444458 -0.03696058318018913
0.6909883618354797 0.3882775902748108 -0.05715116113424301
0.686816930770874 0.3319712281227112 -0.07490499317646027
0.6830395460128784 0.2835467457771301 -0.08739230036735535
0.7341150045394897 0.48953765630722046 -0.04586721956729889
0.7566266655921936 0.42495450377464294 -0.06671346724033356
0.7699822187423706 0.3791423439979553 -0.07916208356618881
0.7803429365158081 0.3380764424800873 -0.08765018731355667
