Henrik_image_spock_15.jpg
0.7512540221214294 0.6708976030349731 3.513131332510966e-07
0.6972064971923828 0.6590761542320251 -0.026485292240977287
0.6488569378852844 0.6274083852767944 -0.04553797096014023
0.607652485370636 0.5997554063796997 -0.062083374708890915
0.5694146752357483 0.5889950394630432 -0.07942188531160355
0.6820545792579651 0.5197268128395081 -0.03748444840312004
0.6648716330528259 0.4466414451599121 -0.05732165649533272
0.65556401014328 0.4019918441772461 -0.07248220592737198
0.6471261978149414 0.359710693359375 -0.08455561101436615
0.714654266834259 0.49948447942733765 -0.03952538222074509
0.695162832736969 0.4195834994316101 -0.05987367779016495
0.680505096912384 0.36919867992401123 -0.07635929435491562
0.6665760278701782 0.32089293003082275 -0.08945052325725555
0.7472441792488098 0.5009550452232361 -0.04367971792817116
0.7514911890029907 0.420771986246109 -0.06543919444084167
0.7511799931526184 0.3657454550266266 -0.08054916560649872
0.7477138042449951 0.3200092315673828 -0.09103130549192429
0.778174102306366 0.516036868095398 -0.04935428500175476
0.7848042845726013 0.4511345624923706 -0.06738388538360596
0.7848385572433472 0.40722715854644775 -0.07607754319906235
0.7809938788414001 0.36654144525527954 -0.08263818174600601
