Henrik_image_spock_31.jpg
0.6453894376754761 0.7560291886329651 7.786143783050647e-07
0.6583458185195923 0.6744413375854492 0.00010671377822291106
0.6653268933296204 0.6129878759384155 -0.007114724721759558
0.6827135682106018 0.5670580267906189 -0.01591893844306469
0.7055523991584778 0.5413669943809509 -0.02541794255375862
0.6074265837669373 0.582036554813385 -0.005224532447755337
0.5868521332740784 0.510780930519104 -0.013595526106655598
0.5741908550262451 0.4655746817588806 -0.021327219903469086
0.5621890425682068 0.4238400459289551 -0.02724977396428585
0.581041693687439 0.5939929485321045 -0.012761392630636692
0.5657141804695129 0.5168232321739197 -0.020061030983924866
0.5537140369415283 0.4628566801548004 -0.029122600331902504
0.5450037121772766 0.4177764654159546 -0.03548823669552803
0.5585448145866394 0.6163219213485718 -0.019955134019255638
0.529040515422821 0.5584889054298401 -0.026992758736014366
0.5064959526062012 0.5160603523254395 -0.0369480662047863
0.4910995066165924 0.4800945520401001 -0.043340135365724564
0.5423637628555298 0.6463868618011475 -0.026838896796107292
0.5159374475479126 0.59651780128479 -0.03327247500419617
0.4998520016670227 0.5633249878883362 -0.03728455305099487
0.4875999689102173 0.5325345396995544 -0.03891134634613991
