Henrik_image_one_41.jpg
0.26700979471206665 0.634996771812439 -3.6940346603842045e-07
0.3370819389820099 0.645449697971344 -0.04160682111978531
0.40782618522644043 0.6138219237327576 -0.06551221758127213
0.46276968717575073 0.5822227001190186 -0.08299658447504044
0.5109767913818359 0.547520101070404 -0.09890768676996231
0.3585955500602722 0.4874923527240753 -0.07194831222295761
0.3469657897949219 0.6228740811347961 -0.10541807115077972
0.35000139474868774 0.6507245302200317 -0.12679000198841095
0.3553359806537628 0.6308666467666626 -0.14259600639343262
0.2965906858444214 0.4739531874656677 -0.06729200482368469
0.2935396730899811 0.6272058486938477 -0.08960579335689545
0.3063894510269165 0.6505614519119263 -0.09537607431411743
0.3133264482021332 0.6266067028045654 -0.10534793138504028
0.2441335916519165 0.48742204904556274 -0.0650535449385643
0.24219748377799988 0.62875896692276 -0.08495171368122101
0.2583530843257904 0.6556362509727478 -0.07831030339002609
0.26646506786346436 0.6351085305213928 -0.07748792320489883
0.19852125644683838 0.5137266516685486 -0.06799781322479248
0.2009652853012085 0.6227893829345703 -0.0849582850933075
0.21576572954654694 0.6511526107788086 -0.08351030200719833
0.22286777198314667 0.6424274444580078 -0.08289336413145065
