Henrik_image_five_16.jpg
0.5712512731552124 0.8147091269493103 5.377336833589652e-07
0.6276336908340454 0.8124977946281433 -0.025399640202522278
0.6769382953643799 0.791205883026123 -0.04363264515995979
0.719262957572937 0.7774177193641663 -0.061584681272506714
0.7584617137908936 0.7785384654998779 -0.07987137883901596
0.6508792638778687 0.653351902961731 -0.030517281964421272
0.6824270486831665 0.5835655331611633 -0.0525653213262558
0.701854407787323 0.5415756106376648 -0.06799057871103287
0.7188226580619812 0.5058866143226624 -0.07835915684700012
0.6230829954147339 0.6354698538780212 -0.033366695046424866
0.6481248736381531 0.5512247681617737 -0.051519930362701416
0.6662617921829224 0.4998512268066406 -0.06397199630737305
0.6811333298683167 0.45643115043640137 -0.07251259684562683
0.5927671194076538 0.6374121308326721 -0.0392819307744503
0.6004126667976379 0.5549489259719849 -0.0570780374109745
0.6058049201965332 0.5034927725791931 -0.07013241946697235
0.6127691268920898 0.45761287212371826 -0.07852781563997269
0.561667263507843 0.65709388256073 -0.0475824736058712
0.5475074648857117 0.598148763179779 -0.0639263242483139
0.5391127467155457 0.559367835521698 -0.07176991552114487
0.5348460078239441 0.5210888981819153 -0.07630068808794022
