Henrik_image_spock_20.jpg
0.6860925555229187 0.5903099775314331 3.2427359997200256e-07
0.6333768963813782 0.5822690725326538 -0.022578317672014236
0.5882999897003174 0.5569246411323547 -0.040140848606824875
0.5527458786964417 0.5309946537017822 -0.05579785257577896
0.5215635895729065 0.5201333165168762 -0.0718284621834755
0.6086075901985168 0.4422200918197632 -0.03284071385860443
0.5851946473121643 0.3734480142593384 -0.05210306867957115
0.5731263160705566 0.33214280009269714 -0.06725732982158661
0.5630072355270386 0.29214173555374146 -0.07868852466344833
0.6369520425796509 0.42115509510040283 -0.036092691123485565
0.6118188500404358 0.34552085399627686 -0.055944621562957764
0.5956016778945923 0.29675960540771484 -0.07142648100852966
0.5816426277160645 0.2523391544818878 -0.08288625627756119
0.6678619384765625 0.4199014902114868 -0.04114988446235657
0.6649234294891357 0.3403094708919525 -0.06145727261900902
0.6622375845909119 0.28760847449302673 -0.07397563010454178
0.6580547094345093 0.2443326860666275 -0.08197067677974701
0.6986371278762817 0.4319055378437042 -0.04757599160075188
0.6985183954238892 0.3679206967353821 -0.0639895498752594
0.694189190864563 0.32542791962623596 -0.07033570855855942
0.6883788704872131 0.28628045320510864 -0.07442396134138107
