Henrik_image_zero_58.jpg
0.38776302337646484 0.7783017754554749 -2.415304152236786e-07
0.44267183542251587 0.789567232131958 -0.03617427125573158
0.5122087597846985 0.7339900732040405 -0.05019296333193779
0.5564814805984497 0.6745365262031555 -0.061737414449453354
0.5626699328422546 0.6121692061424255 -0.06508620828390121
0.5223894715309143 0.6073136329650879 -0.023863203823566437
0.5375407934188843 0.5592116713523865 -0.0620642714202404
0.5192573070526123 0.6244825124740601 -0.07041925191879272
0.5018846392631531 0.6529768705368042 -0.06817043572664261
0.4810452163219452 0.581313967704773 -0.02050444297492504
0.4843975603580475 0.5769308805465698 -0.06202956661581993
0.461334228515625 0.6680577993392944 -0.06343396008014679
0.46137142181396484 0.6667805910110474 -0.05415714159607887
0.4356517791748047 0.5727723836898804 -0.024675119668245316
0.4345245659351349 0.5972750782966614 -0.07126026600599289
0.4205707907676697 0.6787492632865906 -0.06196530908346176
0.4222560524940491 0.6736873388290405 -0.04456029832363129
0.388494610786438 0.5738749504089355 -0.031679555773735046
0.38955363631248474 0.6101652979850769 -0.06272906810045242
0.38812190294265747 0.6691531538963318 -0.058354273438453674
0.3916894793510437 0.6676555275917053 -0.046992745250463486
