Henrik_image_spock_67.jpg
0.372905969619751 0.8470442891120911 5.949376031821885e-07
0.3351627290248871 0.7580654621124268 -0.016117272898554802
0.30852675437927246 0.666508674621582 -0.03958909213542938
0.2725178897380829 0.5940384864807129 -0.059866562485694885
0.23322540521621704 0.5623287558555603 -0.0820387527346611
0.37435537576675415 0.6283653974533081 -0.0718974620103836
0.41177964210510254 0.5117678046226501 -0.09979753941297531
0.4356599450111389 0.44387590885162354 -0.11260439455509186
0.45488980412483215 0.38731229305267334 -0.1201334148645401
0.4190934896469116 0.6488637924194336 -0.07734284549951553
0.4562663435935974 0.5220147371292114 -0.10837506502866745
0.48082712292671204 0.44014793634414673 -0.12179750204086304
0.4990760087966919 0.3749854862689972 -0.1300748884677887
0.4584081470966339 0.6848399639129639 -0.079745352268219
0.5136620402336121 0.5849542021751404 -0.1059894859790802
0.5532788038253784 0.5183913707733154 -0.11627467721700668
0.5801584124565125 0.4700310230255127 -0.12074027955532074
0.4889717102050781 0.723878800868988 -0.08116788417100906
0.5339867472648621 0.640664279460907 -0.09670956432819366
0.5602173209190369 0.5909183621406555 -0.09806594997644424
0.5802665948867798 0.5492417216300964 -0.09776025265455246
