Henrik_image_spock_91.jpg
0.5677133202552795 0.6523011326789856 5.295924552228826e-07
0.5291473865509033 0.5976443886756897 -0.01928699016571045
0.5113108158111572 0.5344802737236023 -0.03546024486422539
0.4967311918735504 0.4788917303085327 -0.04794730618596077
0.471578449010849 0.4484979212284088 -0.061611711978912354
0.5760528445243835 0.4946759343147278 -0.04710168391466141
0.6271198987960815 0.41561976075172424 -0.06589588522911072
0.6540296077728271 0.37113600969314575 -0.0757090374827385
0.674736499786377 0.3350057005882263 -0.08064709603786469
0.6125125288963318 0.5126248002052307 -0.04508613422513008
0.6595363616943359 0.4227488040924072 -0.06117164343595505
0.6873255372047424 0.3681902289390564 -0.0683027058839798
0.7084454894065857 0.3294355869293213 -0.07342572510242462
0.6406195163726807 0.5360372066497803 -0.04241675138473511
0.6899834275245667 0.4748472273349762 -0.057796116918325424
0.7176823616027832 0.4335854947566986 -0.06329303234815598
0.7379148006439209 0.40445736050605774 -0.06535971164703369
0.6593807935714722 0.5623042583465576 -0.040138375014066696
0.7006089091300964 0.5175374746322632 -0.04959002509713173
0.7239726185798645 0.4840764105319977 -0.0498155802488327
0.7435547113418579 0.45731937885284424 -0.04891236871480942
