Henrik_image_five_43.jpg
0.6788421869277954 0.5181506872177124 2.714214417665062e-07
0.6222479343414307 0.5023266077041626 -0.015954501926898956
0.5706622004508972 0.456855446100235 -0.026060709729790688
0.5362868905067444 0.41564521193504333 -0.03602120280265808
0.5061468482017517 0.39833974838256836 -0.04735460877418518
0.5970318913459778 0.3496147394180298 -0.021654225885868073
0.5726723670959473 0.27852487564086914 -0.03976857289671898
0.5567157864570618 0.23453275859355927 -0.054516468197107315
0.5443464517593384 0.1963185966014862 -0.06587982922792435
0.6276798844337463 0.32985571026802063 -0.02952083759009838
0.6147263050079346 0.23505380749702454 -0.04720987379550934
0.6058223247528076 0.1736927032470703 -0.06225086748600006
0.5988007187843323 0.12253028154373169 -0.0734548419713974
0.6592455506324768 0.3290844261646271 -0.03968771919608116
0.6551560163497925 0.23451390862464905 -0.06109954044222832
0.6500089168548584 0.174391970038414 -0.07647006213665009
0.6447837352752686 0.12290723621845245 -0.08687642961740494
0.6927629113197327 0.34451666474342346 -0.05074799433350563
0.7083321213722229 0.27069753408432007 -0.07074764370918274
0.7156385183334351 0.2200152426958084 -0.08024708181619644
0.7201929688453674 0.17474299669265747 -0.08669254928827286
