Henrik_image_zero_79.jpg
0.4605223834514618 0.5590468049049377 -3.573915137167205e-07
0.5115556716918945 0.5658237934112549 -0.03177361190319061
0.5738835334777832 0.5361502766609192 -0.046093858778476715
0.5922211408615112 0.48208847641944885 -0.05695285275578499
0.5735807418823242 0.44997334480285645 -0.06219842657446861
0.5655666589736938 0.4164445996284485 -0.024277707561850548
0.5684874057769775 0.4093267321586609 -0.05617083981633186
0.5536326766014099 0.46457439661026 -0.06933369487524033
0.5450629591941833 0.47393998503685 -0.07477603107690811
0.5281107425689697 0.3888118267059326 -0.020496347919106483
0.5257880687713623 0.40662258863449097 -0.05170857906341553
0.5175400376319885 0.4746522903442383 -0.05502903461456299
0.515987753868103 0.4717147946357727 -0.051522523164749146
0.4882166385650635 0.3829061985015869 -0.02237970381975174
0.4834749698638916 0.4166847765445709 -0.052892569452524185
0.48337522149086 0.47836819291114807 -0.04525168985128403
0.48445600271224976 0.47750478982925415 -0.03445785120129585
0.44777581095695496 0.38678374886512756 -0.027485135942697525
0.4474276602268219 0.4277701675891876 -0.04500100016593933
0.4545992314815521 0.47514551877975464 -0.040845513343811035
0.45944729447364807 0.476542592048645 -0.033783841878175735
