Henrik_image_spock_49.jpg
0.3836694061756134 0.6481947898864746 1.4488080068986164e-07
0.3560883104801178 0.6014134883880615 -0.0010042019421234727
0.3354211747646332 0.5561439990997314 -0.012326737865805626
0.31249579787254333 0.5181851983070374 -0.02485969476401806
0.2889595925807953 0.5011585354804993 -0.0390397273004055
0.37622570991516113 0.5006945729255676 -0.02410992607474327
0.3805699348449707 0.42213162779808044 -0.03699302300810814
0.3815743923187256 0.37922441959381104 -0.043678589165210724
0.38196122646331787 0.34147417545318604 -0.048617731779813766
0.4008456766605377 0.5020517110824585 -0.032553531229496
0.404878169298172 0.41471046209335327 -0.04777305945754051
0.40398818254470825 0.362777441740036 -0.055698931217193604
0.4013904631137848 0.319649875164032 -0.06122113764286041
0.42362233996391296 0.5192124843597412 -0.03958078473806381
0.4483780264854431 0.4440345764160156 -0.05279863253235817
0.46532511711120605 0.40154972672462463 -0.05820140242576599
0.4764331877231598 0.36885684728622437 -0.06116042286157608
0.4442201256752014 0.5438456535339355 -0.045729171484708786
0.4640352129936218 0.4823443293571472 -0.05432356148958206
0.47454777359962463 0.4462909698486328 -0.05462487041950226
0.48324939608573914 0.4142601490020752 -0.054185692220926285
