Henrik_image_spock_66.jpg
0.37610796093940735 0.7791380882263184 5.525403707906662e-07
0.3270297944545746 0.7246711254119873 -0.032108988612890244
0.2948008179664612 0.6571982502937317 -0.06574463099241257
0.25696635246276855 0.5978333950042725 -0.09238844364881516
0.21783111989498138 0.5635248422622681 -0.12194295227527618
0.3630671799182892 0.6068270206451416 -0.10197341442108154
0.39542049169540405 0.4949647784233093 -0.13666054606437683
0.41505277156829834 0.43171989917755127 -0.15358328819274902
0.431353896856308 0.3797340989112854 -0.16359557211399078
0.41071242094039917 0.6289758682250977 -0.10172394663095474
0.44375234842300415 0.511721134185791 -0.13889075815677643
0.4608381986618042 0.43243709206581116 -0.15713724493980408
0.47433367371559143 0.36661046743392944 -0.16884659230709076
0.44948726892471313 0.6653910875320435 -0.09842229634523392
0.5041866302490234 0.5723681449890137 -0.13137416541576385
0.5404466390609741 0.5072792172431946 -0.1470959186553955
0.5665993690490723 0.4578547477722168 -0.15497063100337982
0.47660884261131287 0.7031711935997009 -0.09444308280944824
0.5164710879325867 0.6277896165847778 -0.11812832951545715
0.5396808385848999 0.5806786417961121 -0.12350355088710785
0.5582036972045898 0.541875958442688 -0.12511418759822845
