Henrik_image_spock_28.jpg
0.7167519927024841 0.721720278263092 4.038856502575072e-07
0.7347553372383118 0.66041100025177 0.0006399941048584878
0.7406757473945618 0.6064600944519043 -0.005888653919100761
0.7519044280052185 0.5616567134857178 -0.01397016178816557
0.7713134288787842 0.5378605723381042 -0.02372128888964653
0.689458966255188 0.5677177309989929 -0.015348761342465878
0.6708270311355591 0.49806317687034607 -0.02710440754890442
0.6603625416755676 0.4559481143951416 -0.03424816206097603
0.6524036526679993 0.4198065400123596 -0.039166852831840515
0.6654866933822632 0.579242467880249 -0.02331431396305561
0.6458911895751953 0.5028684735298157 -0.03734583035111427
0.636183500289917 0.45286697149276733 -0.045630861073732376
0.6300802230834961 0.4132217764854431 -0.05074535310268402
0.6449882984161377 0.6028318405151367 -0.030278783291578293
0.6123855113983154 0.5410976409912109 -0.04202062636613846
0.592933714389801 0.4996755123138428 -0.04937054216861725
0.5806323289871216 0.46576523780822754 -0.05364350974559784
0.6284241676330566 0.6350036859512329 -0.036560121923685074
0.6006779670715332 0.5827441811561584 -0.04583089426159859
0.5870769619941711 0.5488020777702332 -0.04921666532754898
0.5770986676216125 0.5179052352905273 -0.050796929746866226
