Henrik_image_two_28.jpg
0.2030944526195526 0.7902877926826477 1.1043153591572263e-07
0.2956581711769104 0.8563330173492432 -0.1092335507273674
0.38219255208969116 0.8683797121047974 -0.1758880913257599
0.47522619366645813 0.899325430393219 -0.22743907570838928
0.5615474581718445 0.9504753351211548 -0.2754109799861908
0.3654053509235382 0.5857669711112976 -0.15907569229602814
0.3683812618255615 0.39218807220458984 -0.24315470457077026
0.3620463013648987 0.26716896891593933 -0.287563294172287
0.35899174213409424 0.1415593922138214 -0.3161601722240448
0.3187628388404846 0.5173224210739136 -0.13287033140659332
0.19655585289001465 0.5563147664070129 -0.20866116881370544
0.18428128957748413 0.7039770483970642 -0.2060074657201767
0.22390703856945038 0.7537981271743774 -0.19663134217262268
0.2511671185493469 0.5011143684387207 -0.11757899075746536
0.1443651020526886 0.5917283296585083 -0.19358813762664795
0.15786707401275635 0.719217836856842 -0.1718589961528778
0.20885759592056274 0.7554759979248047 -0.14578716456890106
0.19440211355686188 0.5092094540596008 -0.11281363666057587
0.11559692025184631 0.5741446018218994 -0.17566093802452087
0.1331983506679535 0.6872161626815796 -0.16710123419761658
0.17542380094528198 0.7417188286781311 -0.14747023582458496
