Henrik_image_four_83.jpg
0.2939368188381195 0.8125213384628296 3.4643099411368894e-07
0.26193979382514954 0.741289496421814 0.0013213100610300899
0.23887279629707336 0.6682312488555908 -0.008582090027630329
0.20481298863887787 0.617261528968811 -0.017023330554366112
0.16986428201198578 0.5920490026473999 -0.026720339432358742
0.27049520611763 0.6269632577896118 -0.04507619887590408
0.2867906987667084 0.5220582485198975 -0.06241029500961304
0.2930026948451996 0.4590679109096527 -0.06871358305215836
0.29583749175071716 0.4088016152381897 -0.07260020822286606
0.30402153730392456 0.6383602023124695 -0.05353030189871788
0.3335384428501129 0.5288316607475281 -0.07147285342216492
0.3477366268634796 0.46211349964141846 -0.07713630050420761
0.3550388216972351 0.4156396687030792 -0.08119528740644455
0.3380972146987915 0.6639677882194519 -0.0582389272749424
0.39415743947029114 0.5887830257415771 -0.07593617588281631
0.41963061690330505 0.5416229963302612 -0.08362456411123276
0.43434858322143555 0.5109571814537048 -0.08871737867593765
0.36636531352996826 0.6964163184165955 -0.06049400940537453
0.38657668232917786 0.6670559048652649 -0.07093106955289841
0.37117883563041687 0.6820968389511108 -0.06870099902153015
0.3576286733150482 0.7015056610107422 -0.06729543209075928
