Henrik_image_zero_29.jpg
0.3291011452674866 0.44112566113471985 -3.330002869006421e-07
0.36311590671539307 0.4531983435153961 -0.023235348984599113
0.40644335746765137 0.42276614904403687 -0.031512267887592316
0.4260784983634949 0.37048009037971497 -0.03680463135242462
0.4302070438861847 0.3299156427383423 -0.03738158941268921
0.40682563185691833 0.35092562437057495 -0.01625983603298664
0.4122752845287323 0.3204384744167328 -0.03796449676156044
0.39847299456596375 0.36379188299179077 -0.04250253736972809
0.39481237530708313 0.37600961327552795 -0.04247809201478958
0.3775145709514618 0.33453989028930664 -0.012891258113086224
0.3830838203430176 0.3139248788356781 -0.03559155389666557
0.37065935134887695 0.37384334206581116 -0.03319721668958664
0.3735100328922272 0.3728845417499542 -0.02647216245532036
0.34856000542640686 0.3275282382965088 -0.013985910452902317
0.3502257168292999 0.3159201443195343 -0.039515476673841476
0.3417954444885254 0.3701508641242981 -0.02806592546403408
0.3446682393550873 0.3681226372718811 -0.014972703531384468
0.31818369030952454 0.3234189450740814 -0.016793685033917427
0.3190932869911194 0.3187967836856842 -0.032104525715112686
0.31704649329185486 0.3586846590042114 -0.024213330820202827
0.31943145394325256 0.3599058985710144 -0.015043728984892368
