Henrik_image_one_36.jpg
0.2522852420806885 0.6198616027832031 -1.3405077936567977e-08
0.3164982795715332 0.5969037413597107 -0.0017453600885346532
0.36828699707984924 0.5466607213020325 -0.002157362410798669
0.4027673304080963 0.5211594104766846 -0.005903016310185194
0.42994821071624756 0.5251075029373169 -0.006972484290599823
0.35180047154426575 0.4651649594306946 0.015980027616024017
0.3820912837982178 0.4510921239852905 0.004183799494057894
0.37028366327285767 0.48295122385025024 -0.0015471667284145951
0.35753074288368225 0.4816606938838959 -0.005473470780998468
0.3208597004413605 0.4419764578342438 0.009064904414117336
0.3537718951702118 0.4377296566963196 -0.002712910994887352
0.34134620428085327 0.48168572783470154 -0.004114620387554169
0.32863688468933105 0.475736141204834 -0.0025998426135629416
0.2869461178779602 0.43113091588020325 -0.0012518663424998522
0.3186701536178589 0.44156861305236816 -0.014184004627168179
0.308475136756897 0.4855165183544159 -0.008086524903774261
0.2955872118473053 0.4789014756679535 -0.0017248227959498763
0.2524874210357666 0.43065500259399414 -0.012435948476195335
0.28085270524024963 0.44487690925598145 -0.017723994329571724
0.2796519994735718 0.479362815618515 -0.010602251626551151
0.2698573172092438 0.4792458415031433 -0.00377290160395205
