Henrik_image_five_67.jpg
0.7157504558563232 0.779636800289154 4.632563843642856e-07
0.6618431806564331 0.7316209673881531 -0.022193418815732002
0.6196048259735107 0.6586620211601257 -0.040414635092020035
0.5811536312103271 0.6097756624221802 -0.057570043951272964
0.5438826084136963 0.5806434750556946 -0.07672828435897827
0.7035254836082458 0.556086003780365 -0.035341955721378326
0.7035498023033142 0.4659910500049591 -0.05519004911184311
0.7035946249961853 0.40704602003097534 -0.0713326707482338
0.7041812539100647 0.3597613573074341 -0.08424364775419235
0.7468684315681458 0.5623707175254822 -0.043597836047410965
0.763079047203064 0.45677322149276733 -0.06343915313482285
0.7752925157546997 0.389146089553833 -0.08131981641054153
0.7867750525474548 0.335906982421875 -0.09504947811365128
0.784665048122406 0.5922307968139648 -0.054207202047109604
0.8115878701210022 0.4930746257305145 -0.08032280206680298
0.8268587589263916 0.42794069647789 -0.10272781550884247
0.839330792427063 0.3752157986164093 -0.11821677535772324
0.8161958456039429 0.639555811882019 -0.06550068408250809
0.8683815002441406 0.5792365074157715 -0.09152352064847946
0.9031549096107483 0.5380083918571472 -0.10662298649549484
0.9315381050109863 0.5004753470420837 -0.1169668659567833
0.7184262275695801 0.8360798954963684 6.854581329207576e-07
0.662629246711731 0.7464274764060974 -0.01627420075237751
0.6213024854660034 0.6654940247535706 -0.027197159826755524
0.5835109353065491 0.6132464408874512 -0.03982929512858391
0.5463724732398987 0.5850925445556641 -0.05392944812774658
0.6985480785369873 0.5702823400497437 -0.004320221487432718
0.7014554142951965 0.48509615659713745 -0.02019757404923439
0.7029674053192139 0.4243455231189728 -0.038980673998594284
0.7053225636482239 0.37262722849845886 -0.053984347730875015
0.7417658567428589 0.5759193897247314 -0.013289999216794968
0.7600765824317932 0.48675864934921265 -0.025604592636227608
0.7711221575737 0.4219132363796234 -0.04520643875002861
0.7811400890350342 0.36703890562057495 -0.06059820577502251
0.778778612613678 0.6016966104507446 -0.02573058009147644
0.8080538511276245 0.521375834941864 -0.04214572161436081
0.8261421322822571 0.4681783616542816 -0.05974952131509781
0.8403496742248535 0.4209209680557251 -0.07300873100757599
0.8080307245254517 0.6495165824890137 -0.039747536182403564
0.8523759841918945 0.6039440035820007 -0.05619944632053375
0.8793337345123291 0.5708650350570679 -0.06416437029838562
0.9013533592224121 0.5394352078437805 -0.06933470815420151
