Henrik_image_four_91.jpg
0.5313757658004761 0.7578372955322266 3.0454657462541945e-07
0.4950799345970154 0.6773090362548828 -0.012294156476855278
0.4838654696941376 0.6049705743789673 -0.03268972411751747
0.4581398367881775 0.5377197861671448 -0.04895913228392601
0.4264794588088989 0.4979296624660492 -0.06773301959037781
0.55921870470047 0.5677855014801025 -0.06345777213573456
0.5995894074440002 0.47073420882225037 -0.08368021994829178
0.6214869618415833 0.41027945280075073 -0.09143403172492981
0.6404377222061157 0.36460310220718384 -0.0957799106836319
0.6047208905220032 0.5951704978942871 -0.06297287344932556
0.6565737724304199 0.49288204312324524 -0.07763423770666122
0.6862453818321228 0.4297080338001251 -0.08155445009469986
0.709060549736023 0.38712120056152344 -0.08461692929267883
0.6328415870666504 0.6386604309082031 -0.05873318389058113
0.6839586496353149 0.5692445635795593 -0.07227034121751785
0.7190582156181335 0.5228783488273621 -0.0829547792673111
0.7442992925643921 0.5009889006614685 -0.09140706807374954
0.6443053483963013 0.6801471710205078 -0.05279111489653587
0.6347561478614807 0.650569498538971 -0.06493981182575226
0.6078459024429321 0.6490867137908936 -0.06679333746433258
0.5901313424110413 0.6657682657241821 -0.06755216419696808
