Henrik_image_five_26.jpg
0.39079591631889343 0.6217604875564575 4.864232892032305e-07
0.3562813103199005 0.5597429275512695 -0.012243585661053658
0.3343261778354645 0.49882304668426514 -0.0269841980189085
0.30849823355674744 0.44918036460876465 -0.04036904498934746
0.27573615312576294 0.42727696895599365 -0.05520119145512581
0.3899320363998413 0.44173669815063477 -0.040166787803173065
0.39866310358047485 0.3488001823425293 -0.05928345024585724
0.4060545563697815 0.2908487021923065 -0.06987547874450684
0.41461002826690674 0.24471613764762878 -0.07677239179611206
0.42842066287994385 0.4514032304286957 -0.04492397978901863
0.4527519941329956 0.3592284917831421 -0.06022651121020317
0.4712255299091339 0.2992050051689148 -0.06959035992622375
0.4886355698108673 0.2537676692008972 -0.07730649411678314
0.45967382192611694 0.47526082396507263 -0.049270354211330414
0.49765288829803467 0.40143534541130066 -0.06608428061008453
0.523521900177002 0.35387200117111206 -0.0777638703584671
0.5445585250854492 0.31799209117889404 -0.08605527132749557
0.48337170481681824 0.5084416270256042 -0.053506068885326385
0.5265380144119263 0.4689006507396698 -0.06952635198831558
0.5534630417823792 0.44362497329711914 -0.07684765756130219
0.5758342146873474 0.420056015253067 -0.08126962929964066
