Henrik_image_five_54.jpg
0.603195309638977 0.49259817600250244 2.3422320793997642e-07
0.5635466575622559 0.5301635265350342 -0.025996889919042587
0.5126880407333374 0.5459774136543274 -0.043250564485788345
0.46996355056762695 0.5560212731361389 -0.05814145877957344
0.4368758201599121 0.5721310377120972 -0.07329646497964859
0.47474098205566406 0.44481977820396423 -0.03300313279032707
0.42224791646003723 0.4164864718914032 -0.052483830600976944
0.3907851278781891 0.397406667470932 -0.06759046763181686
0.3642312288284302 0.37993526458740234 -0.07908887416124344
0.48821577429771423 0.40386858582496643 -0.0351286418735981
0.43392595648765564 0.3580583930015564 -0.05419744551181793
0.3996610641479492 0.3275984227657318 -0.06900317966938019
0.3720076084136963 0.30304017663002014 -0.07969896495342255
0.5118996500968933 0.3757772743701935 -0.03989649564027786
0.46718788146972656 0.3204968273639679 -0.059557609260082245
0.43906843662261963 0.28436529636383057 -0.07326663285493851
0.41518446803092957 0.2550583481788635 -0.0826335921883583
0.5418998599052429 0.35662320256233215 -0.04654093459248543
0.5171507000923157 0.3037099242210388 -0.06363827735185623
0.5002642273902893 0.2674866318702698 -0.07216433435678482
0.4836980104446411 0.23616521060466766 -0.07805408537387848
