Henrik_image_five_22.jpg
0.3672144412994385 0.6754762530326843 3.0398578587664815e-07
0.33849263191223145 0.606644868850708 0.015173590742051601
0.32566747069358826 0.5514050126075745 0.016161207109689713
0.3158803880214691 0.5086020231246948 0.014306757599115372
0.3054739832878113 0.4792521595954895 0.010838102549314499
0.345933735370636 0.4968585669994354 -0.013399596326053143
0.35615479946136475 0.4024181365966797 -0.024783285334706306
0.3672788739204407 0.34892958402633667 -0.028004538267850876
0.3783653974533081 0.3101575970649719 -0.028792614117264748
0.3747880160808563 0.5005044937133789 -0.0276412982493639
0.39556026458740234 0.3934973478317261 -0.037835799157619476
0.41166308522224426 0.3350392282009125 -0.04178457334637642
0.42374494671821594 0.2942996621131897 -0.044168829917907715
0.40711358189582825 0.5170067548751831 -0.039702095091342926
0.43978390097618103 0.4262515902519226 -0.05078248679637909
0.46053892374038696 0.37501418590545654 -0.058253735303878784
0.4749091863632202 0.336871474981308 -0.06317836791276932
0.43902668356895447 0.544146716594696 -0.04945126175880432
0.47838789224624634 0.48937922716140747 -0.0594031997025013
0.5014550685882568 0.45781952142715454 -0.0637141540646553
0.5197495818138123 0.4294959604740143 -0.0658765584230423
