Henrik_image_spock_40.jpg
0.3907981216907501 0.6278073787689209 4.4831966761194053e-07
0.43820297718048096 0.6191442012786865 -0.02304856851696968
0.4799286723136902 0.5932176113128662 -0.03783026710152626
0.5150584578514099 0.5733904838562012 -0.05120939388871193
0.5457369089126587 0.572432279586792 -0.06506197899580002
0.442114919424057 0.48323744535446167 -0.028220420703291893
0.45441970229148865 0.4109128713607788 -0.04393262788653374
0.46107566356658936 0.3667159080505371 -0.055001579225063324
0.4669989347457886 0.3277001976966858 -0.0633644312620163
0.4136759638786316 0.4707064926624298 -0.028367094695568085
0.4309442639350891 0.3926389217376709 -0.042750488966703415
0.44565215706825256 0.34644269943237305 -0.052901748567819595
0.4578579366207123 0.3082983195781708 -0.060180533677339554
0.3861667513847351 0.47418153285980225 -0.030798740684986115
0.3848086893558502 0.398409366607666 -0.045988645404577255
0.3872007131576538 0.3517153263092041 -0.05738823115825653
0.3910454511642456 0.3140904903411865 -0.06454040855169296
0.3622460663318634 0.4889880120754242 -0.03521937131881714
0.35919833183288574 0.4303816258907318 -0.048060186207294464
0.3600096106529236 0.39424920082092285 -0.055385347455739975
0.3637796938419342 0.3624761998653412 -0.06027672812342644
