Henrik_image_four_80.jpg
0.4359998404979706 0.7936768531799316 5.126335054228548e-07
0.3921884298324585 0.7364308834075928 -0.013559440150856972
0.36959829926490784 0.6728706359863281 -0.030394231900572777
0.3381284773349762 0.6244218945503235 -0.04385559633374214
0.30246803164482117 0.6046643257141113 -0.059714216738939285
0.42404261231422424 0.6189762949943542 -0.04997178912162781
0.43981823325157166 0.5269770622253418 -0.06920739263296127
0.4460512697696686 0.4651457667350769 -0.07984428107738495
0.4518287181854248 0.41729867458343506 -0.08645030111074448
0.4640434980392456 0.6294097900390625 -0.05108429118990898
0.49138617515563965 0.5358057618141174 -0.0647173523902893
0.5065869092941284 0.46997880935668945 -0.07121877372264862
0.517354428768158 0.42190462350845337 -0.07597102224826813
0.4955350160598755 0.6583300828933716 -0.050151485949754715
0.5261507034301758 0.5892797708511353 -0.06213708594441414
0.5441901087760925 0.5373053550720215 -0.07168971002101898
0.5568714737892151 0.50398850440979 -0.07911089807748795
0.5154123306274414 0.6947376132011414 -0.048545803874731064
0.5133570432662964 0.6761022806167603 -0.05892536789178848
0.49958792328834534 0.6807695627212524 -0.05988707020878792
0.4908704161643982 0.6935734748840332 -0.060037363320589066
