Henrik_image_five_88.jpg
0.743683934211731 0.7813697457313538 1.5375691475583153e-07
0.6827787160873413 0.7692780494689941 -0.01691688783466816
0.6304181218147278 0.7229939699172974 -0.02524108812212944
0.593003511428833 0.6842846274375916 -0.03349686041474342
0.5558258295059204 0.6640099287033081 -0.04161480441689491
0.6568753719329834 0.6234038472175598 -0.007595651317387819
0.6340138912200928 0.5677512288093567 -0.023520534858107567
0.618720531463623 0.5433185696601868 -0.03833124786615372
0.6009092926979065 0.5257797241210938 -0.04926623776555061
0.6890740394592285 0.6062688231468201 -0.011959015391767025
0.6707637906074524 0.5394678115844727 -0.02621358260512352
0.654859721660614 0.5088879466056824 -0.03942374885082245
0.6367719173431396 0.49003469944000244 -0.049029260873794556
0.7236785888671875 0.6079996228218079 -0.020103495568037033
0.7140559554100037 0.542758584022522 -0.03723293915390968
0.6994897723197937 0.5112956762313843 -0.048512544482946396
0.6796686053276062 0.48932114243507385 -0.05596977472305298
0.7605174779891968 0.6241616606712341 -0.029829086735844612
0.7706368565559387 0.5706982612609863 -0.04613877087831497
0.76674485206604 0.539587140083313 -0.05480688065290451
0.7540373802185059 0.5151727199554443 -0.06060725823044777
