Henrik_image_zero_76.jpg
0.40510571002960205 0.5455777049064636 -3.3330414339616254e-07
0.48863935470581055 0.47360190749168396 -0.002411888912320137
0.5296182632446289 0.4118005931377411 -0.02085793763399124
0.5508155226707458 0.3808688223361969 -0.043540872633457184
0.5633955001831055 0.372009813785553 -0.06127830967307091
0.47572439908981323 0.27945634722709656 -0.025537675246596336
0.5522236824035645 0.3067537248134613 -0.056749869138002396
0.5523310303688049 0.36663854122161865 -0.07116401940584183
0.5302375555038452 0.37943050265312195 -0.08164116740226746
0.45193448662757874 0.2966924011707306 -0.04444515332579613
0.5479584336280823 0.357379287481308 -0.07547096163034439
0.5386825799942017 0.4152400493621826 -0.0799047201871872
0.509551465511322 0.41316258907318115 -0.08352763950824738
0.4353925585746765 0.3391264081001282 -0.06469517201185226
0.5242350101470947 0.40820813179016113 -0.08759452402591705
0.5140257477760315 0.4557437002658844 -0.0790669396519661
0.4854728579521179 0.44637179374694824 -0.07536837458610535
0.4270588755607605 0.3924914598464966 -0.08687347918748856
0.4960106611251831 0.45622533559799194 -0.10091647505760193
0.4877849519252777 0.48850011825561523 -0.09725731611251831
0.4622287452220917 0.4777067005634308 -0.09578151255846024
