Henrik_image_two_68.jpg
0.660548985004425 0.7606194019317627 -5.7746600390373715e-08
0.5846549868583679 0.7504978775978088 -0.015715984627604485
0.5347927212715149 0.6937952041625977 -0.025376226752996445
0.502307116985321 0.6418064832687378 -0.0361630879342556
0.4675895869731903 0.6135753989219666 -0.04788181930780411
0.5623883605003357 0.5978987216949463 -0.020812300965189934
0.5555412173271179 0.5148682594299316 -0.05223293602466583
0.5500370264053345 0.46310144662857056 -0.07509670406579971
0.5468546748161316 0.41368401050567627 -0.08993939310312271
0.6022708415985107 0.5853880643844604 -0.029175767675042152
0.5764175653457642 0.5751162767410278 -0.07250141352415085
0.5766906142234802 0.6499495506286621 -0.08619707077741623
0.5847530364990234 0.690168559551239 -0.08682341873645782
0.6401363611221313 0.5971996188163757 -0.040472593158483505
0.6125349998474121 0.599524736404419 -0.08091413229703903
0.6080477833747864 0.6724911332130432 -0.07856294512748718
0.6110485196113586 0.7065909504890442 -0.06624957919120789
0.6732478141784668 0.6210408210754395 -0.05303039774298668
0.6526334285736084 0.6270958781242371 -0.08080947399139404
0.6384719014167786 0.6758800148963928 -0.0780109241604805
0.6328418850898743 0.6992601156234741 -0.06841407716274261
