Henrik_image_spock_54.jpg
0.40837207436561584 0.5606842637062073 2.3782148161899386e-07
0.3836993873119354 0.5138710737228394 -0.007485370617359877
0.37017300724983215 0.4671708643436432 -0.024042779579758644
0.34997645020484924 0.42532163858413696 -0.04004019871354103
0.32326552271842957 0.4035751223564148 -0.05748240277171135
0.4122873544692993 0.4121123254299164 -0.04388920217752457
0.42281574010849 0.32990190386772156 -0.06463853269815445
0.4300617575645447 0.28412920236587524 -0.07537171989679337
0.435413658618927 0.2434363067150116 -0.0820586159825325
0.4364227056503296 0.4176845848560333 -0.05017639696598053
0.44662564992904663 0.3281036615371704 -0.07518292963504791
0.4533575773239136 0.2747373580932617 -0.08636829257011414
0.4570564031600952 0.2303973138332367 -0.09238236397504807
0.45977240800857544 0.44108712673187256 -0.05405403673648834
0.4906980097293854 0.3782520294189453 -0.07456307113170624
0.5167975425720215 0.34249669313430786 -0.07918386906385422
0.5336644053459167 0.31591373682022095 -0.07938283681869507
0.47966641187667847 0.47115105390548706 -0.05716972425580025
0.5032641887664795 0.4148637354373932 -0.06809714436531067
0.5172061324119568 0.384175181388855 -0.06591814011335373
0.5279158353805542 0.3572777807712555 -0.0627778097987175
