Henrik_image_four_18.jpg
0.6159889698028564 0.9561528563499451 5.732658792112488e-07
0.637103259563446 0.8693951368331909 -0.013267290778458118
0.6350570917129517 0.7797824144363403 -0.02761407382786274
0.6242104768753052 0.7037337422370911 -0.03738262131810188
0.6269891262054443 0.6453757286071777 -0.04919153079390526
0.586388349533081 0.7815924882888794 -0.05311964824795723
0.5351682901382446 0.6946650147438049 -0.06899280101060867
0.5039814710617065 0.64459627866745 -0.0752868503332138
0.4784720838069916 0.6071640253067017 -0.07840536534786224
0.548808217048645 0.8188294768333435 -0.054081108421087265
0.48961398005485535 0.7284719944000244 -0.06823239475488663
0.4524783790111542 0.675931453704834 -0.07454247027635574
0.4214237928390503 0.6371463537216187 -0.07877685874700546
0.517191469669342 0.8599013090133667 -0.05230417102575302
0.4631739854812622 0.7814607620239258 -0.06514600664377213
0.43124961853027344 0.7324560880661011 -0.07388436794281006
0.4059649705886841 0.6997072100639343 -0.08066321164369583
0.49488964676856995 0.9011606574058533 -0.04977133497595787
0.47316545248031616 0.8349137902259827 -0.06044391170144081
0.4807834029197693 0.8130658864974976 -0.06053425371646881
0.4889272153377533 0.801345944404602 -0.059503160417079926
