Henrik_image_zero_100.jpg
0.35804954171180725 0.4437227249145508 -2.1622007295718504e-07
0.399786114692688 0.45093005895614624 -0.02803729474544525
0.44410160183906555 0.4171920418739319 -0.03955065459012985
0.4560408592224121 0.36586353182792664 -0.04796837642788887
0.4416388273239136 0.3356190323829651 -0.05092252418398857
0.4334253668785095 0.33560875058174133 -0.01820855587720871
0.43348705768585205 0.28824669122695923 -0.045753199607133865
0.42027518153190613 0.33340689539909363 -0.05431421101093292
0.417105495929718 0.3610391616821289 -0.05445214733481407
0.4017884135246277 0.3265971839427948 -0.012491817586123943
0.3990771174430847 0.28571200370788574 -0.04255945235490799
0.39098525047302246 0.3482533395290375 -0.04160517081618309
0.39784449338912964 0.36342528462409973 -0.031804896891117096
0.37254035472869873 0.3237975239753723 -0.012162323109805584
0.36740052700042725 0.2953800559043884 -0.04156157374382019
0.3647831678390503 0.34982943534851074 -0.02921297214925289
0.37308651208877563 0.3627793490886688 -0.012068751268088818
0.34366369247436523 0.3252682089805603 -0.014313891530036926
0.3412681221961975 0.30651363730430603 -0.030460717156529427
0.3431970477104187 0.3459891974925995 -0.021804779767990112
0.3499149978160858 0.3595350384712219 -0.009845943190157413
