Henrik_image_four_41.jpg
0.35354387760162354 0.7593414187431335 6.866511625958083e-07
0.38784098625183105 0.688998281955719 -0.02562103606760502
0.4018203020095825 0.6204957365989685 -0.04496201127767563
0.39958906173706055 0.5569025874137878 -0.05817865580320358
0.40052616596221924 0.5033988952636719 -0.07134713977575302
0.3271220624446869 0.6049364805221558 -0.05685706436634064
0.29473015666007996 0.5136515498161316 -0.0750141590833664
0.2735435962677002 0.46182650327682495 -0.08432818204164505
0.2559536397457123 0.42041265964508057 -0.08879402279853821
0.2850755453109741 0.6270489692687988 -0.04890508949756622
0.24712498486042023 0.5339258909225464 -0.06186748296022415
0.22050192952156067 0.4762219786643982 -0.06688583642244339
0.19835910201072693 0.43505218625068665 -0.07009939849376678
0.25529181957244873 0.654784083366394 -0.03947801887989044
0.23257744312286377 0.5774607062339783 -0.045442041009664536
0.2249191552400589 0.5319621562957764 -0.0462694950401783
0.21990910172462463 0.5035505294799805 -0.04763605073094368
0.23657144606113434 0.6829894185066223 -0.03172830492258072
0.2331230193376541 0.627922534942627 -0.03401794284582138
0.2417721450328827 0.6044132709503174 -0.029289474710822105
0.2510594427585602 0.5927926898002625 -0.024744689464569092
