Henrik_image_spock_71.jpg
0.43677619099617004 0.8248395919799805 9.108021714610004e-08
0.4108314514160156 0.7417081594467163 0.009390403516590595
0.39364275336265564 0.6669082045555115 0.01071155071258545
0.37627625465393066 0.6148163080215454 0.009239857085049152
0.35333773493766785 0.5862910151481628 0.007141440641134977
0.43988627195358276 0.6233330368995667 0.001491496805101633
0.46275630593299866 0.5357979536056519 -0.006879010237753391
0.47790488600730896 0.49341991543769836 -0.010885767638683319
0.48888564109802246 0.459270179271698 -0.012549390085041523
0.47026345133781433 0.6346520185470581 -0.008768470957875252
0.4970276653766632 0.5391294956207275 -0.013853350654244423
0.5103638768196106 0.4877926707267761 -0.014439514838159084
0.5196112394332886 0.4479585587978363 -0.01628521829843521
0.49786874651908875 0.6539576053619385 -0.019143451005220413
0.5330657958984375 0.577502965927124 -0.02521074190735817
0.5554578304290771 0.5384094715118408 -0.02587221749126911
0.5709815621376038 0.5061516761779785 -0.026751462370157242
0.5190131068229675 0.6804032921791077 -0.028636159375309944
0.5509073734283447 0.6230719089508057 -0.030971959233283997
0.5659003257751465 0.5916799306869507 -0.02893146313726902
0.5775969624519348 0.5642215013504028 -0.02818683721125126
