Henrik_image_three_96.jpg
0.8028411865234375 0.7842594981193542 5.271292593533872e-07
0.743948221206665 0.7740012407302856 -0.02663850411772728
0.6945985555648804 0.7290144562721252 -0.042388953268527985
0.6633487343788147 0.6870126724243164 -0.057563383132219315
0.6291114091873169 0.6669932007789612 -0.07129272073507309
0.720326840877533 0.627149760723114 -0.029923025518655777
0.6998031139373779 0.5636011958122253 -0.05337360501289368
0.6857768297195435 0.5247225761413574 -0.06663083285093307
0.67549729347229 0.4853138327598572 -0.07579828798770905
0.760901927947998 0.6141216158866882 -0.033635757863521576
0.7683579325675964 0.5525650978088379 -0.06701375544071198
0.7799667119979858 0.5087075233459473 -0.0856686532497406
0.7921167016029358 0.46609631180763245 -0.09397393465042114
0.7991202473640442 0.6222201585769653 -0.039309412240982056
0.8121755123138428 0.6193544864654541 -0.07953336089849472
0.7995514869689941 0.6823422312736511 -0.08161946386098862
0.7868648171424866 0.7216243147850037 -0.0724317729473114
0.8343345522880554 0.6428576707839966 -0.04682961851358414
0.8436432480812073 0.6495857834815979 -0.07810113579034805
0.8287813067436218 0.6984078884124756 -0.07673944532871246
0.8110955357551575 0.7302917242050171 -0.06828366965055466
