Henrik_image_two_7.jpg
0.36995255947113037 0.8466140031814575 1.3854375424671161e-07
0.41923755407333374 0.7996242642402649 -0.013252964243292809
0.45936205983161926 0.7334518432617188 -0.02657480537891388
0.49531716108322144 0.6986232995986938 -0.04136701673269272
0.5315477848052979 0.6912748217582703 -0.05620623007416725
0.39252862334251404 0.6401381492614746 -0.033374328166246414
0.3817065954208374 0.5626844167709351 -0.0547296404838562
0.37524452805519104 0.5108035802841187 -0.06859880685806274
0.36888888478279114 0.46738940477371216 -0.08018600940704346
0.3519393503665924 0.6476823091506958 -0.04143201559782028
0.3802715837955475 0.6438359618186951 -0.07815015316009521
0.4019772410392761 0.706473708152771 -0.08584580570459366
0.40788179636001587 0.7527495622634888 -0.08479905873537064
0.3200097978115082 0.6775173544883728 -0.04983546584844589
0.35538116097450256 0.6938658952713013 -0.08330508321523666
0.3786855638027191 0.749566376209259 -0.07753285020589828
0.3854159414768219 0.7861098647117615 -0.0664762556552887
0.29500919580459595 0.715770959854126 -0.05969875305891037
0.3260442912578583 0.7266019582748413 -0.08243201673030853
0.35213711857795715 0.7627798914909363 -0.07879754900932312
0.36474066972732544 0.7872477769851685 -0.07113531231880188
