Henrik_image_two_23.jpg
0.42539992928504944 0.6446268558502197 1.645535547822874e-07
0.504784107208252 0.6854875683784485 -0.05967186391353607
0.5899672508239746 0.6705845594406128 -0.09845394641160965
0.6612276434898376 0.6677274107933044 -0.1322356015443802
0.7136788368225098 0.6957015991210938 -0.16696086525917053
0.5751683712005615 0.4757699966430664 -0.08547552675008774
0.6074727773666382 0.34197327494621277 -0.1360703557729721
0.6270115971565247 0.2465265393257141 -0.1655205935239792
0.6402245163917542 0.16400790214538574 -0.18657730519771576
0.5256384611129761 0.44015708565711975 -0.07777837663888931
0.5047311782836914 0.44115570187568665 -0.14614972472190857
0.48333385586738586 0.5449483394622803 -0.15503475069999695
0.48420390486717224 0.5991511344909668 -0.14874500036239624
0.47047340869903564 0.43405187129974365 -0.07514471560716629
0.4451882243156433 0.45858505368232727 -0.13924041390419006
0.43991386890411377 0.5524387359619141 -0.12358124554157257
0.45488792657852173 0.5999988317489624 -0.09951255470514297
0.4214707314968109 0.4431350529193878 -0.07794193178415298
0.3996890187263489 0.46193069219589233 -0.12352731078863144
0.39901983737945557 0.5423282384872437 -0.11294735223054886
0.4144880473613739 0.5867593288421631 -0.0944560095667839
