Henrik_image_three_30.jpg
0.37943050265312195 0.8337019085884094 2.9949731583656103e-07
0.34618115425109863 0.7663082480430603 -0.004207361955195665
0.3294188976287842 0.6801005601882935 -0.022619957104325294
0.30063116550445557 0.6122548580169678 -0.04130692034959793
0.2670666575431824 0.5835043787956238 -0.0612601637840271
0.38728973269462585 0.6467814445495605 -0.05280420556664467
0.41707563400268555 0.5401058793067932 -0.07511403411626816
0.43249785900115967 0.48172956705093384 -0.08581575751304626
0.4456506371498108 0.4374080002307892 -0.09151126444339752
0.42756786942481995 0.6719380021095276 -0.05724957957863808
0.48596417903900146 0.5865225791931152 -0.06889364123344421
0.5207991600036621 0.5375456213951111 -0.07013058662414551
0.5467596054077148 0.5083233118057251 -0.07190688699483871
0.4578694999217987 0.7115582227706909 -0.058075591921806335
0.4805184304714203 0.6623080372810364 -0.057131797075271606
0.4618246853351593 0.684362530708313 -0.04407528042793274
0.44510170817375183 0.7140335440635681 -0.0353664830327034
0.47826117277145386 0.7525589466094971 -0.059481341391801834
0.4876449406147003 0.7179219722747803 -0.05243769660592079
0.47172966599464417 0.733229398727417 -0.0360010489821434
0.4602499008178711 0.7580671310424805 -0.02343449369072914
