Henrik_image_spock_78.jpg
0.4414566457271576 0.7445565462112427 5.75995443341526e-07
0.41169607639312744 0.6837161779403687 -0.016121594235301018
0.39835217595100403 0.6175989508628845 -0.03651012107729912
0.38836029171943665 0.5555865168571472 -0.05295100808143616
0.36180344223976135 0.5174546241760254 -0.0709230974316597
0.4405359625816345 0.5797508955001831 -0.06387297809123993
0.4629434049129486 0.48354166746139526 -0.08677401393651962
0.4780881106853485 0.42981410026550293 -0.09740074723958969
0.49195531010627747 0.3827333450317383 -0.10395477712154388
0.4731472432613373 0.593663215637207 -0.06773088127374649
0.49757805466651917 0.4921054244041443 -0.0949680432677269
0.5158452987670898 0.4287574589252472 -0.10918477177619934
0.531792163848877 0.3735446631908417 -0.11836069077253342
0.5028799772262573 0.6237507462501526 -0.06864219903945923
0.5503177642822266 0.5490328073501587 -0.09403961151838303
0.5860503315925598 0.4978598356246948 -0.10632474720478058
0.6124800443649292 0.4560524821281433 -0.11281537264585495
0.5275774598121643 0.6599860787391663 -0.0683000236749649
0.566469669342041 0.5978515148162842 -0.08666495978832245
0.589428186416626 0.5590091347694397 -0.09123759716749191
0.6077553629875183 0.5224581360816956 -0.09314369410276413
