Henrik_image_five_55.jpg
0.6066807508468628 0.4947011172771454 3.3663044973764045e-07
0.5651977062225342 0.529814600944519 -0.02154678665101528
0.514700174331665 0.5428245663642883 -0.0346636064350605
0.47341087460517883 0.5508672595024109 -0.0464899018406868
0.44283294677734375 0.5665133595466614 -0.058879975229501724
0.47988781332969666 0.4458518326282501 -0.02265140600502491
0.430684357881546 0.418876051902771 -0.03925950825214386
0.39998558163642883 0.3995710015296936 -0.05292198807001114
0.3748232126235962 0.3797776997089386 -0.06339116394519806
0.49400779604911804 0.40702277421951294 -0.02633240632712841
0.44270414113998413 0.36024409532546997 -0.04150097444653511
0.4098578691482544 0.3295431137084961 -0.054803334176540375
0.383365660905838 0.3027345538139343 -0.06476166099309921
0.5175075531005859 0.37968212366104126 -0.03292461857199669
0.4748374819755554 0.3260190486907959 -0.05047887936234474
0.44657889008522034 0.2908678650856018 -0.06349454075098038
0.42178091406822205 0.2613963186740875 -0.07258143275976181
0.547893226146698 0.36130964756011963 -0.041227374225854874
0.5266690850257874 0.30848026275634766 -0.057297661900520325
0.5117406249046326 0.27178892493247986 -0.06502413004636765
0.49675890803337097 0.2400338351726532 -0.07041945308446884
