Henrik_image_five_5.jpg
0.3825666010379791 0.5589749813079834 5.050288791608182e-07
0.4267621338367462 0.5618532299995422 -0.029840167611837387
0.46740788221359253 0.5472655296325684 -0.047057632356882095
0.5018554329872131 0.540748119354248 -0.06201741099357605
0.5335615873336792 0.550112247467041 -0.07718818634748459
0.44552338123321533 0.42150184512138367 -0.03426453471183777
0.47360044717788696 0.36024484038352966 -0.05252986028790474
0.4887700080871582 0.31911784410476685 -0.06572110950946808
0.5002181529998779 0.283073753118515 -0.07589782774448395
0.41562724113464355 0.4005456566810608 -0.033653177320957184
0.42660579085350037 0.32288384437561035 -0.05118083208799362
0.43512454628944397 0.2712317705154419 -0.06451580673456192
0.4406399130821228 0.2290366291999817 -0.07374842464923859
0.3856745958328247 0.4017994999885559 -0.035827308893203735
0.3790980577468872 0.3266044855117798 -0.05542046204209328
0.37765493988990784 0.27917128801345825 -0.07144246250391006
0.3770414888858795 0.23929549753665924 -0.0813516154885292
0.35791322588920593 0.4214078187942505 -0.040329962968826294
0.3365207314491272 0.37206125259399414 -0.060652486979961395
0.322589248418808 0.3382680118083954 -0.07266467809677124
0.312633752822876 0.3052213788032532 -0.0795210674405098
