Henrik_image_spock_26.jpg
0.710637092590332 0.7030607461929321 4.767455550336308e-07
0.7291258573532104 0.6404567360877991 0.0006092063849791884
0.7368298768997192 0.5857976078987122 -0.007210792042315006
0.7505234479904175 0.5414795279502869 -0.01615516096353531
0.7715610861778259 0.5172209143638611 -0.02699105441570282
0.6865531206130981 0.5473777651786804 -0.01931367628276348
0.6659810543060303 0.47399938106536865 -0.03046557679772377
0.6533599495887756 0.43088728189468384 -0.036641523241996765
0.6437402367591858 0.39530104398727417 -0.04063640907406807
0.6613605618476868 0.5598639249801636 -0.026613932102918625
0.6401299834251404 0.47823217511177063 -0.03763246163725853
0.6282800436019897 0.42755651473999023 -0.0437903068959713
0.6212555170059204 0.3894596993923187 -0.04801890626549721
0.6392782330513 0.5833597183227539 -0.03264059126377106
0.6079150438308716 0.5165677070617676 -0.04124736785888672
0.5883015990257263 0.4734644591808319 -0.04828600957989693
0.57594233751297 0.4398030936717987 -0.05332934483885765
0.6210755705833435 0.6134702563285828 -0.037983380258083344
0.5936794877052307 0.5587791800498962 -0.045922838151454926
0.5789496302604675 0.5249111652374268 -0.04963003844022751
0.5684171915054321 0.4945082664489746 -0.051740862429142
