Henrik_image_spock_95.jpg
0.36560559272766113 0.8391389846801758 1.7067522151137382e-07
0.3482570946216583 0.7813407778739929 0.002776810899376869
0.34054070711135864 0.7230210304260254 -0.003396606771275401
0.3287959694862366 0.6786109209060669 -0.010480589233338833
0.3088119924068451 0.6515727639198303 -0.01905689388513565
0.3592433035373688 0.7024862170219421 -0.0254899300634861
0.3676516115665436 0.6281462907791138 -0.03751400485634804
0.374999076128006 0.5868322253227234 -0.042099740356206894
0.3805435299873352 0.5520224571228027 -0.045086346566677094
0.38018542528152466 0.7123323082923889 -0.03455032780766487
0.3935219645500183 0.6307291984558105 -0.05054819956421852
0.4028142988681793 0.581271767616272 -0.05784033238887787
0.40845903754234314 0.5404863357543945 -0.06236305832862854
0.40293923020362854 0.7339673042297363 -0.04148055985569954
0.4385320246219635 0.6669034957885742 -0.05672848969697952
0.4623526632785797 0.6261604428291321 -0.06397561728954315
0.4775715470314026 0.593292236328125 -0.0675586387515068
0.4243936538696289 0.7613356113433838 -0.0466754287481308
0.4519502520561218 0.7068827152252197 -0.056387849152088165
0.46540722250938416 0.6748785376548767 -0.058322928845882416
0.47502052783966064 0.6454823017120361 -0.059179674834012985
