Henrik_image_three_58.jpg
0.5366545915603638 0.8699426054954529 5.067298047833901e-07
0.5595594644546509 0.79679936170578 -0.0014819680945947766
0.5706465840339661 0.7239437699317932 -0.00880180299282074
0.5854313373565674 0.664381206035614 -0.01684618927538395
0.6106890439987183 0.6310808062553406 -0.025139058008790016
0.5127444267272949 0.6933054327964783 -0.02212114818394184
0.4951589107513428 0.6061691045761108 -0.032037004828453064
0.4841306209564209 0.5558234453201294 -0.03722257539629936
0.47536733746528625 0.5175179243087769 -0.03929835930466652
0.47770023345947266 0.7140647768974304 -0.02557489462196827
0.433544784784317 0.6418618559837341 -0.03458942472934723
0.4025316834449768 0.5977756977081299 -0.03850357234477997
0.37823453545570374 0.5680916905403137 -0.04051380977034569
0.45074373483657837 0.7453797459602356 -0.02643699012696743
0.428256630897522 0.7044354677200317 -0.03070538491010666
0.44588547945022583 0.7165303230285645 -0.02406928315758705
0.4616166055202484 0.7351723313331604 -0.016523823142051697
0.43264240026474 0.780452311038971 -0.02755127102136612
0.4235292077064514 0.7503488659858704 -0.0244132112711668
0.43854594230651855 0.7614434957504272 -0.012668430805206299
0.45137494802474976 0.7762366533279419 -0.001452359720133245
