Henrik_image_three_65.jpg
0.6136997938156128 0.8824650049209595 2.2150562983824784e-07
0.6219664812088013 0.8313121795654297 0.008751621469855309
0.6126577854156494 0.7887212634086609 0.004183290991932154
0.5958181023597717 0.765454888343811 -0.0038967241998761892
0.5824761986732483 0.7520742416381836 -0.012402904219925404
0.6035272479057312 0.7391868829727173 -0.01618005521595478
0.5998569130897522 0.6550275087356567 -0.028588537126779556
0.5959646105766296 0.6109126806259155 -0.03518952429294586
0.5914580225944519 0.5755956172943115 -0.039267346262931824
0.5819929838180542 0.7499469518661499 -0.025192877277731895
0.5596035718917847 0.665759265422821 -0.03535660356283188
0.541648268699646 0.6232393980026245 -0.03887096792459488
0.5240854620933533 0.5915751457214355 -0.04224598780274391
0.5642507672309875 0.7719095349311829 -0.031829025596380234
0.5470561385154724 0.7185226678848267 -0.03737098351120949
0.5689605474472046 0.7351630330085754 -0.029394617304205894
0.5873397588729858 0.7538937926292419 -0.022953474894165993
0.5528841018676758 0.798925518989563 -0.037695303559303284
0.5417214035987854 0.7643561363220215 -0.03856916353106499
0.5560687780380249 0.7723711133003235 -0.028456607833504677
0.5700273513793945 0.7832741737365723 -0.02019774168729782
