Henrik_image_spock_16.jpg
0.7238372564315796 0.6642273664474487 3.8675489122397266e-07
0.6680781245231628 0.6509150266647339 -0.023445814847946167
0.6179309487342834 0.6178674697875977 -0.04113084450364113
0.5762425661087036 0.5889342427253723 -0.056517284363508224
0.5371402502059937 0.5782337784767151 -0.07290726155042648
0.6532629728317261 0.5103148221969604 -0.034319933503866196
0.6339998245239258 0.4384329617023468 -0.05117889493703842
0.6244444251060486 0.39597755670547485 -0.06473380327224731
0.6153822541236877 0.35571524500846863 -0.07572977244853973
0.6852163076400757 0.49297046661376953 -0.036151908338069916
0.6650731563568115 0.4136127233505249 -0.05420335754752159
0.650870680809021 0.363983690738678 -0.06959293782711029
0.6369569897651672 0.31820982694625854 -0.08211400359869003
0.7173753976821899 0.4954672157764435 -0.0395081527531147
0.720321536064148 0.41635391116142273 -0.05866566672921181
0.7188665866851807 0.36263906955718994 -0.07237982004880905
0.7140270471572876 0.3182143568992615 -0.0821864977478981
0.7484262585639954 0.5099649429321289 -0.04407883435487747
0.7532066702842712 0.44421157240867615 -0.060297418385744095
0.7509951591491699 0.4009130299091339 -0.06802689284086227
0.7449062466621399 0.36122927069664 -0.07388654351234436
