Henrik_image_two_38.jpg
0.6514836549758911 0.7879947423934937 6.380881956147277e-08
0.6226769089698792 0.6934807300567627 -0.018404539674520493
0.6129186749458313 0.6202541589736938 -0.04511824622750282
0.5943390727043152 0.5516080260276794 -0.07209373265504837
0.5681512355804443 0.5040675401687622 -0.10268662124872208
0.7236537337303162 0.5829177498817444 -0.05209207534790039
0.7929518818855286 0.5130634307861328 -0.07478231936693192
0.8423091769218445 0.47214585542678833 -0.0928073301911354
0.8795081377029419 0.44437065720558167 -0.10622632503509521
0.7665104866027832 0.623550295829773 -0.049809619784355164
0.7708083987236023 0.5903249382972717 -0.06063535809516907
0.746533989906311 0.6105865836143494 -0.058629341423511505
0.7278783321380615 0.6344193816184998 -0.05909515917301178
0.7888485789299011 0.6750339269638062 -0.04719695821404457
0.7803651690483093 0.6436463594436646 -0.05047818645834923
0.7586814165115356 0.662776529788971 -0.04202095419168472
0.7411757707595825 0.6837644577026367 -0.03944491967558861
0.8039130568504333 0.7243947982788086 -0.04672040417790413
0.7945811152458191 0.6980571746826172 -0.046128466725349426
0.7715247869491577 0.711459755897522 -0.03588392212986946
0.754091739654541 0.73050457239151 -0.028149673715233803
