Henrik_image_five_8.jpg
0.33237549662590027 0.7269023656845093 6.64795095417503e-07
0.3852483928203583 0.7333848476409912 -0.03810233622789383
0.43235552310943604 0.7143401503562927 -0.05927904322743416
0.4735761880874634 0.6998333930969238 -0.07633154094219208
0.5117781162261963 0.710101842880249 -0.093182273209095
0.4040416479110718 0.5716338753700256 -0.04432317242026329
0.4326867461204529 0.5006648302078247 -0.06423867493867874
0.44921278953552246 0.45202603936195374 -0.07835116982460022
0.46103376150131226 0.4111344814300537 -0.08954540640115738
0.3682841658592224 0.5483972430229187 -0.04158083721995354
0.38030967116355896 0.4635598659515381 -0.060595449060201645
0.3897017240524292 0.406068354845047 -0.07475335150957108
0.395883172750473 0.35877859592437744 -0.08446822315454483
0.33260953426361084 0.5503066182136536 -0.042175471782684326
0.3241886794567108 0.4639703333377838 -0.06523274630308151
0.321828156709671 0.4083523452281952 -0.08381397277116776
0.3199337124824524 0.3635680675506592 -0.09487050771713257
0.29964175820350647 0.5756104588508606 -0.0455261692404747
0.2703899145126343 0.5152542591094971 -0.07070881128311157
0.25141867995262146 0.4764460325241089 -0.08562909811735153
0.2382594645023346 0.44029778242111206 -0.09371781349182129
