Henrik_image_spock_64.jpg
0.38093307614326477 0.5912201404571533 3.3377210684193415e-07
0.3539234399795532 0.5552499294281006 -0.008638415485620499
0.3413146734237671 0.5149005055427551 -0.023217124864459038
0.326898992061615 0.47734692692756653 -0.036571696400642395
0.3066338896751404 0.4516395926475525 -0.05117824301123619
0.3760242462158203 0.45680293440818787 -0.03773067891597748
0.38512754440307617 0.3820747137069702 -0.05444960296154022
0.39071059226989746 0.33735573291778564 -0.0638958141207695
0.39520323276519775 0.29982662200927734 -0.06991663575172424
0.4004817306995392 0.4631607234477997 -0.04259566217660904
0.4096967279911041 0.3853663504123688 -0.061336420476436615
0.4145335555076599 0.3342052698135376 -0.07187475264072418
0.4167514145374298 0.29070013761520386 -0.07843189686536789
0.42420321702957153 0.4835801422595978 -0.04587607458233833
0.4547199308872223 0.4201228618621826 -0.0623759850859642
0.4756077826023102 0.3791671395301819 -0.06969688832759857
0.4891095757484436 0.3473441004753113 -0.07316689938306808
0.4445083737373352 0.510492205619812 -0.04855579882860184
0.46877220273017883 0.45687487721443176 -0.060112353414297104
0.4809383451938629 0.42292580008506775 -0.06199883297085762
0.4900188148021698 0.3932479918003082 -0.06189446151256561
0.400673508644104 0.5978918671607971 -1.2053249953680734e-08
0.38745370507240295 0.5421450138092041 0.015290061943233013
0.38659340143203735 0.5017578601837158 0.01441263034939766
0.38206493854522705 0.46804213523864746 0.012016442604362965
0.3714350461959839 0.4371495246887207 0.00903311837464571
0.39758673310279846 0.4556872844696045 -0.021589217707514763
0.4006742537021637 0.3748282790184021 -0.03371569514274597
0.400198757648468 0.33106541633605957 -0.035109445452690125
0.40142321586608887 0.29540693759918213 -0.034943290054798126
0.41736769676208496 0.46093854308128357 -0.032469168305397034
0.420744925737381 0.36963826417922974 -0.057430729269981384
0.42097046971321106 0.3187752962112427 -0.06524812430143356
0.4211210012435913 0.27712729573249817 -0.06702950596809387
0.4382880628108978 0.4802638590335846 -0.03875930979847908
0.46586906909942627 0.4135327637195587 -0.05764302238821983
0.48078447580337524 0.37473684549331665 -0.058398447930812836
0.49182355403900146 0.34322914481163025 -0.05444617569446564
0.45682376623153687 0.5076745748519897 -0.04186137765645981
0.4788195490837097 0.45416390895843506 -0.05103393271565437
0.48772385716438293 0.42178231477737427 -0.047722797840833664
0.49491366744041443 0.39266055822372437 -0.04235221445560455
