Henrik_image_five_17.jpg
0.609923779964447 0.8427919745445251 3.904179664004914e-07
0.6636607050895691 0.8341989517211914 -0.016568275168538094
0.7104085683822632 0.8030583262443542 -0.028829779475927353
0.7505541443824768 0.7859717607498169 -0.04212900623679161
0.787720263004303 0.7854853868484497 -0.05635755509138107
0.6917858719825745 0.6839606761932373 -0.01753237284719944
0.7215248346328735 0.6175389885902405 -0.03694405034184456
0.7418889999389648 0.5831175446510315 -0.0516403503715992
0.7624328136444092 0.5556082725524902 -0.06157652661204338
0.6702941656112671 0.6709710359573364 -0.02335442416369915
0.6972212791442871 0.5920405387878418 -0.038302283734083176
0.7201134562492371 0.5484115481376648 -0.04997503012418747
0.7416212558746338 0.5143018960952759 -0.05840497463941574
0.6452012062072754 0.6754508018493652 -0.03203688561916351
0.660801112651825 0.6011419892311096 -0.04677688702940941
0.6748526692390442 0.5582534670829773 -0.0570928193628788
0.6897257566452026 0.5220915675163269 -0.06430240720510483
0.6169430613517761 0.694471538066864 -0.04263051599264145
0.6169695854187012 0.6435936093330383 -0.056088291108608246
0.6212242841720581 0.6092435717582703 -0.061423979699611664
0.6272591948509216 0.5766973495483398 -0.06496948003768921
