Henrik_image_five_21.jpg
0.4144459366798401 0.6929448843002319 1.0324015420337673e-07
0.3872273564338684 0.6146096587181091 0.01713618077337742
0.3768917918205261 0.5513027310371399 0.020735906437039375
0.3631117641925812 0.5028754472732544 0.019893545657396317
0.34299999475479126 0.47118040919303894 0.016886522993445396
0.40496182441711426 0.49557286500930786 0.0036162971518933773
0.41346168518066406 0.40109962224960327 -0.002161337761208415
0.42353880405426025 0.35173654556274414 -0.0026827955152839422
0.43475985527038574 0.3158932328224182 -0.0021066181361675262
0.43654102087020874 0.4988202750682831 -0.011021294631063938
0.45218193531036377 0.39784902334213257 -0.01747123897075653
0.4660104215145111 0.34434401988983154 -0.020865602418780327
0.47911393642425537 0.30720609426498413 -0.02336670085787773
0.4680728614330292 0.5164034366607666 -0.02460184507071972
0.49844446778297424 0.42959728837013245 -0.03365751728415489
0.5189681649208069 0.38076770305633545 -0.04305223375558853
0.5342526435852051 0.34459275007247925 -0.04945998266339302
0.4964316785335541 0.5448594093322754 -0.03591586649417877
0.5331535339355469 0.4935264587402344 -0.04279652610421181
0.5561439990997314 0.46327394247055054 -0.0477190837264061
0.5743702054023743 0.43703728914260864 -0.05134672671556473
