Henrik_image_spock_53.jpg
0.38620951771736145 0.5171495676040649 2.888914991672209e-07
0.3619261682033539 0.4747704863548279 -0.0050217583775520325
0.346321165561676 0.430657297372818 -0.01815212331712246
0.3289099931716919 0.3947000205516815 -0.03157244622707367
0.30500704050064087 0.37623175978660583 -0.04671579971909523
0.3826942443847656 0.37085381150245667 -0.030631352216005325
0.3919164538383484 0.29453229904174805 -0.04592886567115784
0.3980741500854492 0.24978885054588318 -0.05472772195935249
0.4022381007671356 0.21218670904636383 -0.06079673394560814
0.4046705961227417 0.37573930621147156 -0.03869883343577385
0.4150666892528534 0.2914656400680542 -0.056442875415086746
0.4218672811985016 0.23776164650917053 -0.06676023453474045
0.4257185161113739 0.19231517612934113 -0.07316447049379349
0.4270383417606354 0.39589157700538635 -0.04540477693080902
0.45221590995788574 0.32343462109565735 -0.06097213923931122
0.4722869098186493 0.2805332541465759 -0.06879576295614243
0.48491352796554565 0.24718095362186432 -0.07286324352025986
0.44948574900627136 0.42433595657348633 -0.0514603890478611
0.471478134393692 0.3662213087081909 -0.06231656298041344
0.4822152256965637 0.3328985273838043 -0.06402942538261414
0.4888439178466797 0.30409643054008484 -0.06407935172319412
