Henrik_image_five_69.jpg
0.5708783864974976 0.43541526794433594 3.936759185307892e-07
0.5170977711677551 0.46292543411254883 -0.02019953541457653
0.46252259612083435 0.4588901698589325 -0.034264564514160156
0.41970404982566833 0.45224881172180176 -0.04716331139206886
0.38540932536125183 0.45881882309913635 -0.061419278383255005
0.45349743962287903 0.33092811703681946 -0.02588551677763462
0.4108054041862488 0.2809711992740631 -0.04317138344049454
0.38216251134872437 0.24744687974452972 -0.05825464800000191
0.3590674102306366 0.21939115226268768 -0.0698447898030281
0.47650811076164246 0.29525619745254517 -0.031029241159558296
0.4351535141468048 0.2246015965938568 -0.04695300757884979
0.4068658649921417 0.1771976202726364 -0.062193773686885834
0.3853926360607147 0.13802224397659302 -0.073895663022995
0.5060029029846191 0.2764797508716583 -0.038551248610019684
0.47271063923835754 0.20055025815963745 -0.05772627517580986
0.4488822817802429 0.15170252323150635 -0.07438012212514877
0.4293611943721771 0.11278173327445984 -0.08626046031713486
0.5410830974578857 0.27144157886505127 -0.04734019562602043
0.5330649018287659 0.20151261985301971 -0.06673171371221542
0.5258466601371765 0.15428411960601807 -0.07770253717899323
0.5183863639831543 0.11442229151725769 -0.08511770516633987
