Henrik_image_zero_47.jpg
0.4354347586631775 0.47111305594444275 -9.128162048455124e-08
0.47040170431137085 0.45408573746681213 -0.010802620090544224
0.5025544762611389 0.41194355487823486 -0.01769343949854374
0.5185676217079163 0.372482031583786 -0.0255290437489748
0.5061076879501343 0.3466750383377075 -0.030661463737487793
0.4772228002548218 0.34660395979881287 -0.007810239214450121
0.48622530698776245 0.30030357837677 -0.029678653925657272
0.49375155568122864 0.3352867364883423 -0.037472255527973175
0.4901916980743408 0.3620433807373047 -0.03761763870716095
0.45095208287239075 0.3481746315956116 -0.010438403114676476
0.4657953381538391 0.3182927072048187 -0.031827662140131
0.47116774320602417 0.37371736764907837 -0.03284711763262749
0.46312373876571655 0.3873940408229828 -0.028015173971652985
0.4249362051486969 0.3584650456905365 -0.016310984268784523
0.4398932456970215 0.34304726123809814 -0.03987281396985054
0.44821789860725403 0.3916727602481842 -0.03257904574275017
0.4423103332519531 0.4028841555118561 -0.021470744162797928
0.3974097967147827 0.37270092964172363 -0.022745419293642044
0.4133436679840088 0.3616962432861328 -0.03664122149348259
0.4252121150493622 0.3942438066005707 -0.029010405763983727
0.42186397314071655 0.40469300746917725 -0.019416658207774162
