Henrik_image_one_31.jpg
0.2548864185810089 0.8370037078857422 -3.2634827107358433e-07
0.30079084634780884 0.7756991386413574 -0.011020156554877758
0.3401869535446167 0.7031928300857544 -0.026298504322767258
0.3642156720161438 0.6459294557571411 -0.04026510939002037
0.36967456340789795 0.5854204893112183 -0.0503762885928154
0.3100135922431946 0.6351072192192078 -0.05696064606308937
0.3900752067565918 0.6706452369689941 -0.08525309711694717
0.37872231006622314 0.7181596755981445 -0.08938255161046982
0.3545829653739929 0.7180076837539673 -0.09086620807647705
0.2891473174095154 0.6713619828224182 -0.06688182801008224
0.38207030296325684 0.727972149848938 -0.09193333238363266
0.3631249964237213 0.7662758231163025 -0.08612252026796341
0.3382132947444916 0.7583777904510498 -0.08415213227272034
0.2725295126438141 0.7249695658683777 -0.07674186676740646
0.36167892813682556 0.7822655439376831 -0.09870778024196625
0.34287965297698975 0.8097228407859802 -0.08515094220638275
0.3198733329772949 0.8000724911689758 -0.07770850509405136
0.26055386662483215 0.7836207747459412 -0.08734192699193954
0.3327755928039551 0.8241534233093262 -0.10189367085695267
0.3193850815296173 0.8386961221694946 -0.09569064527750015
0.294456422328949 0.8280423283576965 -0.09209340810775757
