Henrik_image_four_15.jpg
0.6243941783905029 0.9489330053329468 5.525832307284873e-07
0.6416100859642029 0.8524969220161438 -0.009772134944796562
0.6426519751548767 0.7573204636573792 -0.021343166008591652
0.6439208388328552 0.6806929707527161 -0.030080359429121017
0.666782021522522 0.6363925337791443 -0.04027479514479637
0.582650899887085 0.7601354718208313 -0.03679893910884857
0.5297633409500122 0.678872287273407 -0.04682796075940132
0.4966159760951996 0.636080265045166 -0.05120162293314934
0.4694438576698303 0.6046053171157837 -0.05429544299840927
0.5469595789909363 0.7980438470840454 -0.038875922560691833
0.48632699251174927 0.7149365544319153 -0.047961559146642685
0.4486713111400604 0.6726628541946411 -0.053630225360393524
0.42119520902633667 0.646896243095398 -0.058141469955444336
0.5188858509063721 0.8397022485733032 -0.03895571827888489
0.4615289568901062 0.7696791887283325 -0.04597214609384537
0.42765986919403076 0.7257354855537415 -0.05422649160027504
0.40478619933128357 0.6983363032341003 -0.06112980842590332
0.49906083941459656 0.8804638981819153 -0.038720130920410156
0.4691716432571411 0.821998119354248 -0.04394081234931946
0.4601568877696991 0.7914454936981201 -0.04587294161319733
0.4550098478794098 0.7684618830680847 -0.04706380143761635
