Henrik_image_two_83.jpg
0.4847022294998169 0.9734352827072144 -2.1709287523208332e-07
0.42265328764915466 0.8852818012237549 0.002811176935210824
0.3946846127510071 0.7916760444641113 -0.006613421253859997
0.37844735383987427 0.7232837677001953 -0.020314406603574753
0.35989513993263245 0.6653967499732971 -0.03639576956629753
0.458088219165802 0.7104063034057617 -0.019844966009259224
0.4475964307785034 0.6362153887748718 -0.04438203200697899
0.43158984184265137 0.5793726444244385 -0.05768924206495285
0.4202764630317688 0.533908486366272 -0.0680568516254425
0.4856419265270233 0.7392398715019226 -0.03751501441001892
0.3782370090484619 0.7624514698982239 -0.06507772207260132
0.3716542422771454 0.8174464106559753 -0.06277170777320862
0.39086198806762695 0.8335996866226196 -0.05873890593647957
0.49761027097702026 0.7984519004821777 -0.05607053264975548
0.3892822563648224 0.8295248746871948 -0.08576500415802002
0.39455506205558777 0.867668092250824 -0.07011746615171432
0.4229879677295685 0.8704013228416443 -0.055287521332502365
0.4984278380870819 0.8667499423027039 -0.07440393418073654
0.4118511974811554 0.8937938213348389 -0.09983935207128525
0.4146648049354553 0.9140365719795227 -0.09326408803462982
0.44187283515930176 0.9088903665542603 -0.08383861929178238
