Henrik_image_two_72.jpg
0.688666820526123 0.9775561094284058 -3.655763407550694e-07
0.6224103569984436 0.9439363479614258 -0.022841326892375946
0.5698221921920776 0.8651095032691956 -0.03329028934240341
0.5312624573707581 0.8141363859176636 -0.044020652770996094
0.49469053745269775 0.781380295753479 -0.054897475987672806
0.6242935657501221 0.7795085906982422 -0.028381843119859695
0.6363199353218079 0.7142347097396851 -0.055620137602090836
0.6405949592590332 0.673800528049469 -0.0718797892332077
0.6456360816955566 0.6333106756210327 -0.0840548649430275
0.6758183836936951 0.7681340575218201 -0.034573398530483246
0.6612595915794373 0.8249374032020569 -0.0713169202208519
0.6462624669075012 0.8916274309158325 -0.07914961874485016
0.6449183225631714 0.9011723399162292 -0.07835939526557922
0.7217119336128235 0.7967252135276794 -0.04404326155781746
0.7001147866249084 0.8738642930984497 -0.08014929294586182
0.6826393008232117 0.923337459564209 -0.07314061373472214
0.6789979338645935 0.91759192943573 -0.06185580790042877
0.7579216361045837 0.8378032445907593 -0.05591265857219696
0.7379845380783081 0.9035796523094177 -0.08046682924032211
0.7194053530693054 0.9391999244689941 -0.0742529034614563
0.7153288125991821 0.9346929788589478 -0.06426262110471725
