Henrik_image_zero_46.jpg
0.4519261121749878 0.5082277059555054 -1.1598024229897419e-07
0.48643678426742554 0.48920008540153503 -0.008195255883038044
0.515069305896759 0.4423201382160187 -0.01151367649435997
0.5292923450469971 0.40410903096199036 -0.016043771058321
0.5180657505989075 0.3834252655506134 -0.017736608162522316
0.48745694756507874 0.37887710332870483 -0.003163267159834504
0.5019724369049072 0.3382875919342041 -0.022210946306586266
0.5090979933738708 0.37794336676597595 -0.029154418036341667
0.5030857920646667 0.4033990502357483 -0.02959144115447998
0.46408212184906006 0.3798847496509552 -0.0069538382813334465
0.4824685752391815 0.3522806763648987 -0.028079036623239517
0.487987756729126 0.40463271737098694 -0.031539350748062134
0.47848761081695557 0.42064857482910156 -0.028240172192454338
0.4396180212497711 0.38927772641181946 -0.013538699597120285
0.46283113956451416 0.3783056437969208 -0.03738559037446976
0.4677596688270569 0.4287209212779999 -0.032930463552474976
0.4573567509651184 0.44032588601112366 -0.023405520245432854
0.4134962856769562 0.403093159198761 -0.020391730591654778
0.4386642575263977 0.3981502652168274 -0.03487882763147354
0.4479283392429352 0.43199068307876587 -0.02907360903918743
0.44139954447746277 0.441372275352478 -0.020742570981383324
