Henrik_image_one_64.jpg
0.2965453267097473 0.7303661108016968 -1.907913826926233e-07
0.3118862509727478 0.6364220976829529 -0.015391530469059944
0.3501265048980713 0.5253137946128845 -0.03872692957520485
0.3648761808872223 0.4392636716365814 -0.058976031839847565
0.34441959857940674 0.3780198097229004 -0.07515814155340195
0.35484403371810913 0.5365198254585266 -0.0726817399263382
0.46523013710975647 0.5369337201118469 -0.10454151779413223
0.4473094940185547 0.5643203854560852 -0.1133137121796608
0.4121319055557251 0.5694918632507324 -0.11547394841909409
0.36023709177970886 0.605137825012207 -0.08017393201589584
0.47843289375305176 0.5973199009895325 -0.10303769260644913
0.45342332124710083 0.6162547469139099 -0.09546682983636856
0.41494643688201904 0.6222312450408936 -0.09082131832838058
0.3707193434238434 0.6760903596878052 -0.08642582595348358
0.47737792134284973 0.6668598651885986 -0.10095140337944031
0.44976189732551575 0.6771909594535828 -0.08114925771951675
0.41270720958709717 0.6803537011146545 -0.06938554346561432
0.38330090045928955 0.7434828281402588 -0.0933244377374649
0.4640985131263733 0.7308704853057861 -0.09770194441080093
0.4383620321750641 0.7336853742599487 -0.08124735206365585
0.4019833207130432 0.7335364818572998 -0.07120103389024734
