Henrik_image_two_48.jpg
0.3682929277420044 0.8489290475845337 -4.718869561770589e-08
0.40102389454841614 0.7785975337028503 0.010251006111502647
0.42554643750190735 0.7104319930076599 0.004246327094733715
0.4490619897842407 0.668041467666626 -0.007972474209964275
0.4718323349952698 0.6429126858711243 -0.01955917291343212
0.40083956718444824 0.6326960921287537 -0.004376672208309174
0.43405234813690186 0.5646921396255493 -0.020246002823114395
0.45145678520202637 0.5213675498962402 -0.02860976569354534
0.46664783358573914 0.48460155725479126 -0.035062048584222794
0.39704325795173645 0.6412454843521118 -0.02172088995575905
0.487049400806427 0.6577816009521484 -0.04584907367825508
0.48645085096359253 0.7045722007751465 -0.047691233456134796
0.4702658951282501 0.7223291397094727 -0.04490466043353081
0.4036056697368622 0.6713603138923645 -0.03850420191884041
0.4890635013580322 0.7058226466178894 -0.05729697644710541
0.47556740045547485 0.7482225894927979 -0.04819180443882942
0.4556242525577545 0.7573856115341187 -0.039346665143966675
0.41524142026901245 0.7099427580833435 -0.05552171915769577
0.4812001883983612 0.7421495318412781 -0.06171325594186783
0.46906059980392456 0.7760059833526611 -0.05215013027191162
0.449927419424057 0.7832080721855164 -0.043966151773929596
