Henrik_image_spock_43.jpg
0.4344216287136078 0.6330791711807251 3.245794175654737e-07
0.41745948791503906 0.5762650370597839 -0.006593868602067232
0.40852293372154236 0.522871196269989 -0.0191047303378582
0.39271438121795654 0.4815855920314789 -0.031269658356904984
0.3688598871231079 0.4625311493873596 -0.04524275287985802
0.46082809567451477 0.4904197156429291 -0.029850615188479424
0.48686718940734863 0.420444518327713 -0.043342720717191696
0.5024732351303101 0.37941038608551025 -0.051140196621418
0.5145274996757507 0.3460995554924011 -0.05632401257753372
0.4851095974445343 0.5071866512298584 -0.03547785058617592
0.5104296207427979 0.43234625458717346 -0.048695605248212814
0.5255269408226013 0.3842909336090088 -0.05614606663584709
0.536434531211853 0.345328688621521 -0.0615885965526104
0.5034219622612 0.5341470837593079 -0.04016560688614845
0.534745454788208 0.47050169110298157 -0.05158079043030739
0.5569952726364136 0.4281461238861084 -0.05810277536511421
0.5726171135902405 0.39404767751693726 -0.06261751055717468
0.5172781944274902 0.5654256343841553 -0.044540997594594955
0.5440890192985535 0.516979992389679 -0.05333835259079933
0.5597591400146484 0.4850766956806183 -0.05505557730793953
0.5714296102523804 0.4558597207069397 -0.055873241275548935
