Henrik_image_zero_1.jpg
0.7420298457145691 0.685820460319519 -5.139501126905088e-07
0.6946864724159241 0.6809197068214417 -0.01716609299182892
0.6509265899658203 0.6274474859237671 -0.02172846905887127
0.6283193826675415 0.5757110714912415 -0.02636324055492878
0.6100080609321594 0.536964476108551 -0.027012676000595093
0.6644191145896912 0.5504953861236572 -0.0007219059043563902
0.6457962393760681 0.5343263745307922 -0.025793397799134254
0.6566915512084961 0.5800091624259949 -0.036338046193122864
0.6684091091156006 0.5955783128738403 -0.039644863456487656
0.6958574056625366 0.5385791659355164 -0.003166197333484888
0.6788521409034729 0.5334146618843079 -0.027200769633054733
0.6871249079704285 0.5958136320114136 -0.028085829690098763
0.6972782611846924 0.5992628931999207 -0.022470038384199142
0.7290565967559814 0.5397406220436096 -0.01145835779607296
0.7135981321334839 0.5432234406471252 -0.03811589628458023
0.7163699269294739 0.6034780740737915 -0.02903471700847149
0.7242440581321716 0.6045336723327637 -0.016076959669589996
0.7622663378715515 0.5470371246337891 -0.02158154360949993
0.7459028363227844 0.5565810203552246 -0.036395106464624405
0.7430562973022461 0.6011350750923157 -0.02920205518603325
0.7485905289649963 0.6043030619621277 -0.019837237894535065
