Henrik_image_four_32.jpg
0.6821611523628235 0.45206040143966675 -4.929595434077783e-07
0.6144890785217285 0.4442877471446991 -0.01911093294620514
0.5367310047149658 0.4616301655769348 -0.03650611266493797
0.47262993454933167 0.47074198722839355 -0.05035645514726639
0.4304785132408142 0.43944883346557617 -0.06866959482431412
0.5429935455322266 0.46359848976135254 -0.06800020486116409
0.4939953684806824 0.5566172003746033 -0.09550543874502182
0.4729319214820862 0.6111723184585571 -0.11017664521932602
0.4522209167480469 0.6561753749847412 -0.12048651278018951
0.5807455778121948 0.4800094962120056 -0.07037939131259918
0.5549013614654541 0.616544246673584 -0.09876815229654312
0.540804922580719 0.6956069469451904 -0.11235462129116058
0.5302349328994751 0.7556698322296143 -0.12498275935649872
0.6192255020141602 0.5027261972427368 -0.0715150237083435
0.6064898371696472 0.6357932686805725 -0.10256792604923248
0.5989371538162231 0.7061553001403809 -0.11439995467662811
0.591400682926178 0.7573217153549194 -0.12171036750078201
0.6528162956237793 0.5271286964416504 -0.0720614567399025
0.6361750960350037 0.6222819089889526 -0.09628591686487198
0.6308478116989136 0.6646381616592407 -0.10360798984766006
0.6251777410507202 0.6983386278152466 -0.1081748753786087
