Henrik_image_five_32.jpg
0.5123615860939026 0.6358200907707214 4.3645388814184116e-07
0.47859838604927063 0.5739140510559082 -0.016356101259589195
0.4630420207977295 0.521351158618927 -0.03458746150135994
0.4481552839279175 0.46945375204086304 -0.05049169436097145
0.4254976212978363 0.4320123493671417 -0.0671202540397644
0.542084813117981 0.4636930227279663 -0.03953113034367561
0.5594726800918579 0.38613247871398926 -0.05416528880596161
0.5724737048149109 0.33853891491889954 -0.0615159347653389
0.5848391056060791 0.3016018271446228 -0.06671512871980667
0.5787110924720764 0.4820740222930908 -0.04168187454342842
0.6119816899299622 0.404107928276062 -0.05724037438631058
0.6351073384284973 0.35374459624290466 -0.06778253614902496
0.6567522883415222 0.3159175515174866 -0.07581277936697006
0.6036874651908875 0.5129096508026123 -0.04332056641578674
0.6478130221366882 0.4567513167858124 -0.060227710753679276
0.6791195273399353 0.41813111305236816 -0.07322534918785095
0.7033740282058716 0.38893455266952515 -0.08213716000318527
0.619056224822998 0.5480386018753052 -0.04486222192645073
0.6632633209228516 0.523206889629364 -0.05967900529503822
0.6912965774536133 0.5048722624778748 -0.06658085435628891
0.7148302793502808 0.4863019585609436 -0.07074189931154251
