Henrik_image_two_19.jpg
0.37116020917892456 0.8012175559997559 2.082541215031597e-07
0.42904651165008545 0.747900128364563 0.002145518083125353
0.4491998851299286 0.6836938261985779 -0.01005770917981863
0.4583433270454407 0.631234884262085 -0.026830485090613365
0.4676284193992615 0.5938526391983032 -0.04278632998466492
0.4137924015522003 0.5935817360877991 -0.019849544391036034
0.43031537532806396 0.5352804660797119 -0.043025482445955276
0.4434565603733063 0.490102082490921 -0.056093934923410416
0.4549727141857147 0.45304596424102783 -0.06459856033325195
0.3916020393371582 0.6030487418174744 -0.03374968841671944
0.47208723425865173 0.6273806691169739 -0.06335966289043427
0.4717535376548767 0.6817127466201782 -0.06287967413663864
0.4569277763366699 0.7037206292152405 -0.056356895714998245
0.38067930936813354 0.6347149610519409 -0.04786268249154091
0.4595380425453186 0.6684488654136658 -0.07436281442642212
0.4536136984825134 0.7137661576271057 -0.06109555438160896
0.43396127223968506 0.7291231155395508 -0.046314872801303864
0.3774769902229309 0.6735543012619019 -0.06246112287044525
0.4422382116317749 0.7050749659538269 -0.0765976831316948
0.4400321841239929 0.7401958107948303 -0.0657498836517334
0.42355403304100037 0.7507283091545105 -0.05424881353974342
