Henrik_image_one_33.jpg
0.280415415763855 0.7766816020011902 -1.634436728181754e-07
0.33853450417518616 0.7146620154380798 -0.008910680189728737
0.37603306770324707 0.6418969631195068 -0.017274877056479454
0.3945576548576355 0.586427628993988 -0.024822676554322243
0.39723020792007446 0.5355230569839478 -0.028025370091199875
0.34422117471694946 0.5605772137641907 -0.029086243361234665
0.4205893278121948 0.6010264158248901 -0.05112207680940628
0.4124183654785156 0.6492672562599182 -0.05631227046251297
0.3916551172733307 0.6509910821914673 -0.059150274842977524
0.32105663418769836 0.5861645340919495 -0.03618030995130539
0.41084757447242737 0.6467399597167969 -0.05571631342172623
0.395124226808548 0.6866373419761658 -0.05398266017436981
0.3751603960990906 0.6786869168281555 -0.053889017552137375
0.3049319088459015 0.6314122676849365 -0.044202107936143875
0.3906456232070923 0.6958824396133423 -0.06185631453990936
0.3740454316139221 0.7253007292747498 -0.053940724581480026
0.3551599383354187 0.7136411666870117 -0.049312006682157516
0.2948541045188904 0.6845256090164185 -0.05314791575074196
0.3635879158973694 0.7327132225036621 -0.06454384326934814
0.35090965032577515 0.7494468688964844 -0.061659108847379684
0.3293050229549408 0.7372365593910217 -0.059389568865299225
