Henrik_image_four_16.jpg
0.56226646900177 0.9495737552642822 4.619738263045292e-07
0.5877594947814941 0.8748288154602051 -0.022735029458999634
0.5899862051010132 0.7913256883621216 -0.037062808871269226
0.5698615908622742 0.7213003635406494 -0.04467790946364403
0.5537745356559753 0.6674097776412964 -0.05321973189711571
0.5296744704246521 0.8051813244819641 -0.05319548770785332
0.4786032438278198 0.7329588532447815 -0.06713780760765076
0.4450833797454834 0.6942423582077026 -0.07255560159683228
0.4203273057937622 0.6661257147789001 -0.0752117857336998
0.495370090007782 0.8441742062568665 -0.047272734344005585
0.44034066796302795 0.7710472345352173 -0.05952484905719757
0.40636441111564636 0.728131890296936 -0.06468462198972702
0.3838532269001007 0.6971024870872498 -0.06827017664909363
0.4702412784099579 0.8833764791488647 -0.04024798423051834
0.42314958572387695 0.8163848519325256 -0.05008139833807945
0.3954813480377197 0.7702455520629883 -0.05678039789199829
0.3766820728778839 0.7374551892280579 -0.062210943549871445
0.4552401900291443 0.9205678701400757 -0.033578041940927505
0.4317277669906616 0.8711346387863159 -0.04300254210829735
0.4215705990791321 0.8404394388198853 -0.04657481610774994
0.4143194854259491 0.8154461979866028 -0.0481494665145874
0.5771225690841675 0.9726581573486328 5.221615424488846e-07
0.5972843766212463 0.8756757378578186 -0.013490647077560425
0.5965988636016846 0.7843994498252869 -0.022396933287382126
0.571306586265564 0.7134571075439453 -0.025995740666985512
0.5538255572319031 0.6599891185760498 -0.029219187796115875
0.5345682501792908 0.7993755340576172 -0.03507697209715843
0.4755457639694214 0.7211192846298218 -0.04275491461157799
0.4429035186767578 0.6836013793945312 -0.04345783591270447
0.4187689423561096 0.6584098935127258 -0.04255780577659607
0.4995373785495758 0.8415931463241577 -0.030996017158031464
0.4351009726524353 0.7617171406745911 -0.039021749049425125
0.4028546214103699 0.7209025621414185 -0.04057685658335686
0.38169872760772705 0.6938062906265259 -0.04099592939019203
0.47304436564445496 0.8811858892440796 -0.02553028054535389
0.41805607080459595 0.8110883235931396 -0.03184092044830322
0.3922540545463562 0.7679978609085083 -0.0352177768945694
0.37556028366088867 0.7386446595191956 -0.03789278864860535
0.45491358637809753 0.9170199632644653 -0.020023373886942863
0.4314732253551483 0.8617801070213318 -0.024688445031642914
0.4335181415081024 0.8345997333526611 -0.024169139564037323
0.4384613037109375 0.8151227831840515 -0.022602394223213196
