Henrik_image_one_32.jpg
0.2632182836532593 0.8047388792037964 -2.205447202641153e-07
0.319821298122406 0.7432388067245483 -0.007484162226319313
0.36178210377693176 0.6756209135055542 -0.01719936914741993
0.38615620136260986 0.6201425194740295 -0.02668120339512825
0.3901028633117676 0.5599068403244019 -0.03238972648978233
0.3317776918411255 0.5994129776954651 -0.03629773110151291
0.4116904139518738 0.6389973163604736 -0.059228889644145966
0.4019553065299988 0.6863449811935425 -0.06439395248889923
0.3783423900604248 0.6878304481506348 -0.06762739270925522
0.30726125836372375 0.6295530200004578 -0.045916516333818436
0.4036622941493988 0.6922866702079773 -0.06687359511852264
0.38458871841430664 0.728086531162262 -0.06525868922472
0.3613310158252716 0.7211089134216309 -0.06629322469234467
0.2900817096233368 0.6788544654846191 -0.05582697317004204
0.38149014115333557 0.7458893060684204 -0.07296528667211533
0.3619993031024933 0.7703796029090881 -0.06361393630504608
0.34012866020202637 0.7594893574714661 -0.059398651123046875
0.2789430618286133 0.7358881235122681 -0.06681796908378601
0.35042694211006165 0.784321665763855 -0.07876797020435333
0.3359279930591583 0.7967300415039062 -0.07601692527532578
0.31197217106819153 0.7846103310585022 -0.07454151660203934
