Henrik_image_one_68.jpg
0.1951502114534378 0.9351643323898315 -3.998999318355345e-07
0.21204601228237152 0.8276641368865967 -0.013450387865304947
0.23984186351299286 0.6983557343482971 -0.032798971980810165
0.2400355339050293 0.6097112894058228 -0.05170711129903793
0.21012964844703674 0.5484220385551453 -0.06678100675344467
0.21853075921535492 0.6988286972045898 -0.06221681833267212
0.3372386693954468 0.6751607060432434 -0.10248948633670807
0.3293551802635193 0.709897518157959 -0.11923583596944809
0.29571160674095154 0.7222755551338196 -0.12711551785469055
0.22127220034599304 0.7698901295661926 -0.0751560851931572
0.35872459411621094 0.7475780844688416 -0.10649719834327698
0.33323049545288086 0.775567352771759 -0.10323216021060944
0.28990328311920166 0.7861455082893372 -0.10247226804494858
0.2319791167974472 0.8425407409667969 -0.08884262293577194
0.3578566908836365 0.8176784515380859 -0.11090372502803802
0.32984334230422974 0.836577296257019 -0.09442955255508423
0.29093414545059204 0.8415488600730896 -0.08548203110694885
0.24631854891777039 0.9096125364303589 -0.10391929000616074
0.34286171197891235 0.8828456997871399 -0.1127396896481514
0.31891804933547974 0.8955209255218506 -0.09915277361869812
0.2806569039821625 0.9039464592933655 -0.09188584983348846
0.23290854692459106 0.977769136428833 -3.500078662455053e-07
0.2474343329668045 0.8886219263076782 0.0027989710215479136
0.2830684781074524 0.8032879829406738 -0.015240266919136047
0.31671494245529175 0.7532215714454651 -0.03454962000250816
0.3282186985015869 0.7156789898872375 -0.0495951846241951
0.27094969153404236 0.7514455914497375 -0.05576981604099274
0.357867032289505 0.6910341382026672 -0.08717682957649231
0.33769071102142334 0.7151262164115906 -0.09277437627315521
0.30388614535331726 0.7338470220565796 -0.09136749058961868
0.26929858326911926 0.8013330101966858 -0.07383648306131363
0.3738660216331482 0.7489797472953796 -0.10761141777038574
0.34170958399772644 0.7755846381187439 -0.10029821842908859
0.30108368396759033 0.7923809885978699 -0.09087011218070984
0.27629274129867554 0.8605642914772034 -0.09010504186153412
0.373166561126709 0.8191913366317749 -0.10865679383277893
0.33728498220443726 0.8425195217132568 -0.08264114707708359
0.30147185921669006 0.8522939682006836 -0.06426651030778885
0.28415408730506897 0.9230089783668518 -0.10646471381187439
0.35584595799446106 0.8889135122299194 -0.10818857699632645
0.3252343535423279 0.9021729230880737 -0.08461035043001175
0.294134259223938 0.9108449816703796 -0.06919850409030914
