Henrik_image_one_76.jpg
0.461093544960022 0.743175208568573 -3.881108625591878e-07
0.4726361632347107 0.6447359323501587 -0.004397799260914326
0.500010073184967 0.5494606494903564 -0.022905688732862473
0.5129082798957825 0.4705277681350708 -0.04169343411922455
0.5020158886909485 0.40845412015914917 -0.058125078678131104
0.5587518215179443 0.5694067478179932 -0.047908950597047806
0.650667130947113 0.5767014622688293 -0.06449507176876068
0.6335596442222595 0.6034235954284668 -0.06611361354589462
0.6053336262702942 0.6125028133392334 -0.06467273831367493
0.5723656415939331 0.635848343372345 -0.05676907300949097
0.6586122512817383 0.6421335935592651 -0.060277875512838364
0.6340112090110779 0.6588584184646606 -0.04803238436579704
0.6008962988853455 0.660419225692749 -0.0433938130736351
0.5785792469978333 0.6999865770339966 -0.06431987881660461
0.6549103260040283 0.7014283537864685 -0.06339859962463379
0.6284701228141785 0.7119202017784119 -0.04411959648132324
0.5945428609848022 0.71300208568573 -0.036212872713804245
0.580036461353302 0.7592501044273376 -0.0722411572933197
0.6349891424179077 0.7558196783065796 -0.06804882735013962
0.6106137633323669 0.7588561773300171 -0.05024055764079094
0.5811347365379333 0.7556955218315125 -0.04035276174545288
