Henrik_image_one_44.jpg
0.18215885758399963 0.7407251000404358 -3.278893814240291e-07
0.23649553954601288 0.6504352688789368 -0.029057182371616364
0.32477399706840515 0.5631422400474548 -0.05697251483798027
0.3583701550960541 0.47347646951675415 -0.07789924740791321
0.35355430841445923 0.39201366901397705 -0.09512529522180557
0.3354698121547699 0.653039813041687 -0.08999229222536087
0.4404515027999878 0.7065119743347168 -0.11936618387699127
0.40821272134780884 0.694999635219574 -0.12757301330566406
0.36214667558670044 0.6706482172012329 -0.12916341423988342
0.313894122838974 0.7371495962142944 -0.08875442296266556
0.4193934500217438 0.7939540147781372 -0.10860434919595718
0.3889852464199066 0.766014039516449 -0.10127493739128113
0.3413535952568054 0.7360541224479675 -0.09664463251829147
0.28720930218696594 0.8058935403823853 -0.08601698279380798
0.3756488561630249 0.8415653705596924 -0.09308909624814987
0.35159531235694885 0.8186354041099548 -0.0724041610956192
0.31322383880615234 0.8007835149765015 -0.061182137578725815
0.26239117980003357 0.8556951284408569 -0.0848308801651001
0.3309588134288788 0.8733571767807007 -0.082210011780262
0.3120676279067993 0.8521055579185486 -0.06114967539906502
0.28127941489219666 0.8369023203849792 -0.0488743931055069
