Henrik_image_five_38.jpg
0.7258342504501343 0.6228858232498169 3.540501722909539e-07
0.6573307514190674 0.63572096824646 -0.024534817785024643
0.5877491235733032 0.6072181463241577 -0.039052918553352356
0.5338015556335449 0.5796158313751221 -0.05248979851603508
0.48763102293014526 0.582735002040863 -0.06703869253396988
0.586235523223877 0.4784468710422516 -0.025025445967912674
0.5411439538002014 0.41417425870895386 -0.04572555050253868
0.5122954845428467 0.3724847733974457 -0.06335899978876114
0.489242821931839 0.33480605483055115 -0.07721805572509766
0.6199678778648376 0.44096243381500244 -0.03127896040678024
0.5815629959106445 0.35079309344291687 -0.049641259014606476
0.5574566125869751 0.2925203740596771 -0.06587377190589905
0.5381405353546143 0.24242444336414337 -0.07864339649677277
0.6601102352142334 0.42429351806640625 -0.04117777943611145
0.6340048909187317 0.3275059461593628 -0.06336933374404907
0.618882954120636 0.26585060358047485 -0.07864154875278473
0.6040478944778442 0.2119382917881012 -0.08961371332406998
0.7049866914749146 0.4234407842159271 -0.05301593989133835
0.7043164372444153 0.3412929177284241 -0.07399875670671463
0.7032817006111145 0.28494811058044434 -0.08340723067522049
0.699690043926239 0.23351064324378967 -0.09005451202392578
