Henrik_image_two_27.jpg
0.2775641083717346 0.7760165929794312 1.7300178001278255e-07
0.36853811144828796 0.8399174213409424 -0.09038904309272766
0.46183595061302185 0.8507790565490723 -0.1483347862958908
0.5523642897605896 0.8708345890045166 -0.19452804327011108
0.6339276432991028 0.9159077405929565 -0.24012450873851776
0.44379618763923645 0.5996809601783752 -0.1412702053785324
0.47264230251312256 0.4331236779689789 -0.2032146155834198
0.484475314617157 0.31434229016304016 -0.23489031195640564
0.49225762486457825 0.20122605562210083 -0.257987380027771
0.3930816650390625 0.5244683027267456 -0.1210707277059555
0.3080904483795166 0.5652635097503662 -0.18768440186977386
0.2930477261543274 0.6945129632949829 -0.18761032819747925
0.31143394112586975 0.7564940452575684 -0.17983277142047882
0.32905474305152893 0.5040673017501831 -0.10712938755750656
0.25387662649154663 0.5890989303588867 -0.1701681762933731
0.25907567143440247 0.7053210735321045 -0.1503862589597702
0.29070597887039185 0.753881573677063 -0.12767639756202698
0.2752465605735779 0.5086920261383057 -0.10206727683544159
0.21873536705970764 0.5762070417404175 -0.15321670472621918
0.22422093152999878 0.6811180114746094 -0.14460201561450958
0.2528262436389923 0.7369627356529236 -0.12740756571292877
