Henrik_image_spock_7.jpg
0.5541593432426453 0.6141988635063171 3.2318754961124796e-07
0.5071188807487488 0.6159979104995728 -0.020314572378993034
0.4703964591026306 0.5798804759979248 -0.03310592100024223
0.44760486483573914 0.5327108502388 -0.043654199689626694
0.41697388887405396 0.5052374005317688 -0.05462847650051117
0.4657001793384552 0.49248504638671875 -0.029842210933566093
0.4345575273036957 0.433949738740921 -0.047255683690309525
0.4184706509113312 0.39709439873695374 -0.05950698256492615
0.4034503698348999 0.3608207106590271 -0.06857843697071075
0.49018236994743347 0.46757179498672485 -0.03306937217712402
0.45402854681015015 0.40082401037216187 -0.05269386246800423
0.43286818265914917 0.3563448190689087 -0.06792104244232178
0.413103848695755 0.3157827854156494 -0.07838664948940277
0.5211625099182129 0.4622569978237152 -0.03754827380180359
0.510257363319397 0.3848857879638672 -0.05919787660241127
0.5049914717674255 0.33284997940063477 -0.07175496965646744
0.4978523552417755 0.28947025537490845 -0.07884237170219421
0.5535614490509033 0.4693894684314728 -0.04274321720004082
0.5440390110015869 0.40742212533950806 -0.06071314588189125
0.5373983383178711 0.36689016222953796 -0.06708022952079773
0.5291189551353455 0.3295862674713135 -0.07061347365379333
0.5012342929840088 0.7836822271347046 3.023259154133484e-08
0.46117934584617615 0.6955616474151611 0.010643383488059044
0.4374290704727173 0.6116388440132141 0.021226240321993828
0.4285106360912323 0.5449315905570984 0.025748131796717644
0.41411131620407104 0.5024874806404114 0.03159577399492264
0.44068625569343567 0.5290118455886841 0.05240141600370407
0.4208802878856659 0.44510066509246826 0.05594918876886368
0.4083009362220764 0.3909270167350769 0.04933495447039604
0.4002246558666229 0.3416970670223236 0.04306140914559364
0.4675152003765106 0.5141278505325317 0.04114512726664543
0.4397895932197571 0.427253782749176 0.04561132937669754
0.42569923400878906 0.36710402369499207 0.037459734827280045
0.414648175239563 0.3182712197303772 0.031187355518341064
0.4951680600643158 0.5124750733375549 0.0267365500330925
0.47291994094848633 0.42722976207733154 0.0275848638266325
0.4617186188697815 0.3703727126121521 0.024093452841043472
0.45177289843559265 0.32327279448509216 0.02236209437251091
0.5274053812026978 0.5228796601295471 0.011565426364541054
0.5204737186431885 0.44130003452301025 0.014632413163781166
0.5149596929550171 0.3955949544906616 0.019956838339567184
0.5107924938201904 0.35830992460250854 0.02441936545073986
