Henrik_image_spock_32.jpg
0.6391156315803528 0.722950279712677 5.100062026031082e-07
0.6531490087509155 0.6546680927276611 0.000960390898399055
0.6602616310119629 0.6021851897239685 -0.008262470364570618
0.6758067607879639 0.5589233636856079 -0.019107088446617126
0.6970311403274536 0.5289325714111328 -0.03159327432513237
0.6064558029174805 0.5688959956169128 -0.016797633841633797
0.5827701091766357 0.4991190433502197 -0.027771050110459328
0.5684158802032471 0.45920106768608093 -0.034484077244997025
0.5570638179779053 0.4247640371322632 -0.03907543048262596
0.5807016491889954 0.5816490054130554 -0.024320432916283607
0.557356595993042 0.5035211443901062 -0.034980785101652145
0.5434350967407227 0.45492440462112427 -0.0422634594142437
0.5343842506408691 0.4185798168182373 -0.047612324357032776
0.5598166584968567 0.6075659394264221 -0.03061341494321823
0.5240792632102966 0.5485818982124329 -0.038447197526693344
0.5002719163894653 0.5109251141548157 -0.04591260850429535
0.48408713936805725 0.4821476936340332 -0.05171931907534599
0.5446566939353943 0.6404958367347717 -0.03623700514435768
0.5157479047775269 0.5929895043373108 -0.042750339955091476
0.4985519051551819 0.5631735324859619 -0.04586699604988098
0.48468631505966187 0.53571617603302 -0.047924112528562546
