Henrik_image_five_98.jpg
0.7142837047576904 0.5309092998504639 5.833218210682389e-07
0.6658497452735901 0.5633196234703064 -0.026370638981461525
0.6175903081893921 0.5700965523719788 -0.04583631455898285
0.577829122543335 0.5802065134048462 -0.061348047107458115
0.5442920327186584 0.5942823886871338 -0.07875726372003555
0.6033610701560974 0.4373624920845032 -0.041441433131694794
0.5611210465431213 0.38735681772232056 -0.056538473814725876
0.5344769358634949 0.34993594884872437 -0.06896407902240753
0.5152271389961243 0.3190990388393402 -0.07857949286699295
0.631101667881012 0.3993028998374939 -0.04133512079715729
0.5942623019218445 0.33012163639068604 -0.05233887583017349
0.5686075687408447 0.281059592962265 -0.06546396017074585
0.5496382117271423 0.2413100153207779 -0.07647775113582611
0.6652898788452148 0.38381582498550415 -0.04240160062909126
0.63681960105896 0.31359630823135376 -0.056714706122875214
0.616420328617096 0.26449054479599 -0.0746123418211937
0.6010493636131287 0.22591885924339294 -0.08908229321241379
0.7008160352706909 0.3861265480518341 -0.044471483677625656
0.6995998620986938 0.33416202664375305 -0.06378631293773651
0.7010594606399536 0.29954108595848083 -0.07489773631095886
0.7023389935493469 0.2717379033565521 -0.08224712312221527
0.7920379638671875 0.6283931732177734 5.384404744290805e-07
0.7147493362426758 0.6077929735183716 0.004279381595551968
0.6511079668998718 0.5858421325683594 0.001265059458091855
0.6005257964134216 0.5807574987411499 -0.0052507417276501656
0.5596136450767517 0.5851737260818481 -0.013311183080077171
0.6338247656822205 0.4567423462867737 0.015172494575381279
0.5886526107788086 0.3924340009689331 0.013755382969975471
0.5605907440185547 0.3493331968784332 0.008201997727155685
0.5396891832351685 0.3108777105808258 0.0031780351419001818
0.6606526374816895 0.4185104966163635 0.004967154003679752
0.6195202469825745 0.33270102739334106 0.0026296856813132763
0.595561146736145 0.27313023805618286 -0.005671538878232241
0.5794141888618469 0.21883592009544373 -0.012354345060884953
0.6957472562789917 0.4004899263381958 -0.006327705457806587
0.6699345111846924 0.31777599453926086 -0.012729928828775883
0.6539273858070374 0.24648258090019226 -0.028485383838415146
0.6421499252319336 0.18604439496994019 -0.03958338499069214
0.7360607981681824 0.39825335144996643 -0.016710711643099785
0.7339555025100708 0.3295917212963104 -0.018718857318162918
0.7315694093704224 0.27952679991722107 -0.021247131749987602
0.7308873534202576 0.23199909925460815 -0.02364366315305233
