Henrik_image_two_86.jpg
0.430604487657547 0.9897751808166504 -3.2693293405827717e-07
0.36131101846694946 0.925072968006134 -0.007575357332825661
0.3266793489456177 0.8519968390464783 -0.01742330752313137
0.3040907680988312 0.7977635264396667 -0.03130100294947624
0.2760724723339081 0.7607359290122986 -0.04458606243133545
0.3781225085258484 0.7467350959777832 -0.01053258404135704
0.3715929090976715 0.6765599846839905 -0.033262699842453
0.36403903365135193 0.6261425018310547 -0.0469137504696846
0.3555198013782501 0.5832765698432922 -0.058606524020433426
0.4159550666809082 0.7541881799697876 -0.023116040974855423
0.32638412714004517 0.7882274389266968 -0.05495166778564453
0.32043808698654175 0.8555195331573486 -0.05747796595096588
0.33903756737709045 0.875469982624054 -0.05432514846324921
0.44061407446861267 0.793962836265564 -0.03840073570609093
0.3506743907928467 0.8479532599449158 -0.06594019383192062
0.3524109721183777 0.8996660709381104 -0.051638659089803696
0.37237536907196045 0.90420001745224 -0.03808211907744408
0.45432838797569275 0.8469507098197937 -0.05623108893632889
0.38349366188049316 0.8908102512359619 -0.07490789890289307
0.3813420236110687 0.923434853553772 -0.06635741144418716
0.39838382601737976 0.9239174127578735 -0.05591648817062378
