Henrik_image_four_97.jpg
0.3645561635494232 0.7300882339477539 5.394780373535468e-07
0.33430570363998413 0.6572208404541016 -0.003398509696125984
0.3155803382396698 0.5901318788528442 -0.016761483624577522
0.2870938777923584 0.5411208271980286 -0.02677108347415924
0.2583664059638977 0.5072652101516724 -0.037673428654670715
0.35396483540534973 0.5379474759101868 -0.054233282804489136
0.37868309020996094 0.4395231008529663 -0.07263591885566711
0.3905893862247467 0.37804973125457764 -0.07943537086248398
0.3977918028831482 0.32607585191726685 -0.0833016186952591
0.3887949585914612 0.553761899471283 -0.05992582440376282
0.4184417426586151 0.4467613101005554 -0.0841648057103157
0.4355912506580353 0.377856582403183 -0.09301090240478516
0.4445326328277588 0.32515749335289 -0.09774370491504669
0.4217761754989624 0.5859169960021973 -0.061060138046741486
0.48042452335357666 0.5178928375244141 -0.08337435126304626
0.5103646516799927 0.46956223249435425 -0.09106303751468658
0.5282030701637268 0.43615034222602844 -0.09421399235725403
0.4453786015510559 0.6246969699859619 -0.05951879173517227
0.46457791328430176 0.586245596408844 -0.06950664520263672
0.444733202457428 0.5971872210502625 -0.06315778940916061
0.4284142255783081 0.6176269054412842 -0.05790673941373825
