Henrik_image_three_26.jpg
0.3194907307624817 0.6455994844436646 3.373449715127208e-07
0.38345712423324585 0.6396557092666626 -0.04720021411776543
0.4369509816169739 0.6040517687797546 -0.073587566614151
0.4833056926727295 0.5723205208778381 -0.09570473432540894
0.52149498462677 0.5432347059249878 -0.1183416023850441
0.36832937598228455 0.5277427434921265 -0.07497940212488174
0.3726692497730255 0.4532341957092285 -0.10992494225502014
0.37865230441093445 0.40685421228408813 -0.1267189085483551
0.3754313290119171 0.3710522949695587 -0.13534991443157196
0.3154107630252838 0.5232343077659607 -0.06633380800485611
0.2846221327781677 0.5195022225379944 -0.10371154546737671
0.2529168128967285 0.5151611566543579 -0.11475864052772522
0.21643418073654175 0.5142005681991577 -0.11655448377132416
0.2814323306083679 0.5435577630996704 -0.06054132431745529
0.28179043531417847 0.6045109629631042 -0.09941144287586212
0.3113741874694824 0.6429517865180969 -0.10518063604831696
0.33364397287368774 0.6659520268440247 -0.09891785681247711
0.2593193054199219 0.5798776149749756 -0.058558449149131775
0.27856096625328064 0.6325680613517761 -0.08741184324026108
0.30417805910110474 0.6668744683265686 -0.09096340835094452
0.3268239200115204 0.6933535933494568 -0.08591705560684204
