Henrik_image_four_27.jpg
0.5480379462242126 0.6215435266494751 2.3329491227741528e-07
0.5496081113815308 0.5370373129844666 0.004660000093281269
0.5337079763412476 0.469576895236969 0.0014198811259120703
0.5120986700057983 0.4094873368740082 -0.0019848488736897707
0.5048372745513916 0.36262568831443787 -0.006791368592530489
0.4789203405380249 0.46466031670570374 -0.023662690073251724
0.41247886419296265 0.4079115688800812 -0.03216421976685524
0.37305712699890137 0.37961381673812866 -0.03361671790480614
0.34213805198669434 0.35640522837638855 -0.033873941749334335
0.45491936802864075 0.5022676587104797 -0.02916581928730011
0.37898656725883484 0.4624234735965729 -0.043450284749269485
0.33209824562072754 0.4423369765281677 -0.04873617738485336
0.2986771762371063 0.4282769560813904 -0.050956569612026215
0.44060584902763367 0.5448534488677979 -0.03107188455760479
0.3786845803260803 0.5334773659706116 -0.040035050362348557
0.3400495648384094 0.5266636610031128 -0.04261412099003792
0.3153940439224243 0.5234701037406921 -0.04347231239080429
0.43568411469459534 0.5877817869186401 -0.03160863369703293
0.39981845021247864 0.5904152989387512 -0.032495126128196716
0.3932018280029297 0.5951446890830994 -0.02699945867061615
0.3933732509613037 0.5978847742080688 -0.021899348124861717
