Henrik_image_one_40.jpg
0.28365764021873474 0.6021719574928284 -3.0775768777857593e-07
0.3521054685115814 0.6192901134490967 -0.05533264949917793
0.4179185926914215 0.5849379897117615 -0.08537530899047852
0.4604717195034027 0.5575863122940063 -0.10562194138765335
0.5098450779914856 0.5452389717102051 -0.12014331668615341
0.36630523204803467 0.42812833189964294 -0.0905279666185379
0.32445481419563293 0.4954422116279602 -0.1342775523662567
0.32541021704673767 0.5484482049942017 -0.15082426369190216
0.3380204439163208 0.5423012375831604 -0.16013270616531372
0.3110223114490509 0.40911149978637695 -0.08154938369989395
0.2833460569381714 0.5034918785095215 -0.1213470846414566
0.29562121629714966 0.5638682842254639 -0.12414313107728958
0.3107573091983795 0.5520173907279968 -0.12608879804611206
0.26306071877479553 0.41738468408584595 -0.07692067325115204
0.24193160235881805 0.5078344345092773 -0.1160883754491806
0.25642597675323486 0.5617331266403198 -0.10757485032081604
0.27412211894989014 0.5489656925201416 -0.10036662220954895
0.22393177449703217 0.4390393793582916 -0.0775393694639206
0.21174469590187073 0.510987401008606 -0.10640372335910797
0.2281433492898941 0.556837797164917 -0.10595491528511047
0.24428939819335938 0.5553853511810303 -0.10324901342391968
