Henrik_image_one_26.jpg
0.32427263259887695 0.77203768491745 -1.983161581620152e-07
0.3396872282028198 0.6922006011009216 -0.0010475581511855125
0.3660869002342224 0.6117040514945984 -0.010871272534132004
0.37543046474456787 0.5477772355079651 -0.021239573135972023
0.35504382848739624 0.5075064301490784 -0.029256446287035942
0.38707560300827026 0.6138558387756348 -0.02563300170004368
0.4590780735015869 0.6113225221633911 -0.03925896808505058
0.4456959366798401 0.6330666542053223 -0.04243182763457298
0.42382246255874634 0.6388861536979675 -0.04281068593263626
0.3986158072948456 0.6615390777587891 -0.03405418246984482
0.47423332929611206 0.6583727598190308 -0.04122764989733696
0.455803781747818 0.6726632118225098 -0.034744080156087875
0.42826247215270996 0.6763879656791687 -0.030752090737223625
0.40907251834869385 0.71122145652771 -0.041865888983011246
0.47543448209762573 0.7074960470199585 -0.044052284210920334
0.4560389220714569 0.7159083485603333 -0.03080768510699272
0.4302227795124054 0.7188481688499451 -0.023549366742372513
0.41726312041282654 0.7590439319610596 -0.04981100931763649
0.4641900658607483 0.7473467588424683 -0.04596814140677452
0.4453462064266205 0.7532019019126892 -0.03230782598257065
0.4231880009174347 0.7561433911323547 -0.024204853922128677
