Henrik_image_two_53.jpg
0.6817378997802734 0.8376696109771729 9.736077544175714e-08
0.681284487247467 0.7608729004859924 -0.002356204204261303
0.6655538082122803 0.6816967129707336 -0.006784214172512293
0.6647831797599792 0.6197304725646973 -0.010451674461364746
0.6841965913772583 0.5890320539474487 -0.01608528383076191
0.6121149063110352 0.6929783225059509 -0.01932348869740963
0.5540241599082947 0.6549836993217468 -0.0229477658867836
0.5183281302452087 0.6343860030174255 -0.024626953527331352
0.4889981746673584 0.6189857721328735 -0.027370916679501534
0.5926229953765869 0.7239726781845093 -0.0207691490650177
0.5407363176345825 0.7056138515472412 -0.024006878957152367
0.5547915697097778 0.718171238899231 -0.01977735385298729
0.5748066902160645 0.7312385439872742 -0.016366159543395042
0.5793792009353638 0.7610141038894653 -0.02039784938097
0.5421841144561768 0.7506981492042542 -0.019808329641819
0.5556697845458984 0.760254979133606 -0.011224769055843353
0.5730765461921692 0.7711284756660461 -0.00593852112069726
0.5702648162841797 0.7999424934387207 -0.020411815494298935
0.5451638698577881 0.7869873642921448 -0.01729271188378334
0.5596519112586975 0.7931042909622192 -0.00850632879883051
0.5744897723197937 0.8009238243103027 -0.0018046870827674866
