Henrik_image_four_14.jpg
0.6635414958000183 0.9059573411941528 5.163103082850284e-07
0.6851750016212463 0.8198184967041016 -0.01049397699534893
0.690060019493103 0.7283533215522766 -0.020776810124516487
0.6983901262283325 0.6517000198364258 -0.027606410905718803
0.725250244140625 0.6152905821800232 -0.036512523889541626
0.626850426197052 0.7209857702255249 -0.04153640568256378
0.5814681649208069 0.6317782998085022 -0.05153396725654602
0.5523752570152283 0.5793838500976562 -0.05623374506831169
0.5271037817001343 0.5389373302459717 -0.060069624334573746
0.5890961289405823 0.7559897899627686 -0.042024578899145126
0.5290728211402893 0.6700814962387085 -0.052616413682699203
0.49149996042251587 0.6202632188796997 -0.06036258488893509
0.46303415298461914 0.5868451595306396 -0.06668977439403534
0.5612925291061401 0.7947959899902344 -0.039807241410017014
0.5024294257164001 0.7286660075187683 -0.0507793128490448
0.46651265025138855 0.6844741702079773 -0.06320000439882278
0.4389069080352783 0.6589148640632629 -0.07221176475286484
0.544151782989502 0.8324445486068726 -0.03671267628669739
0.5150010585784912 0.7845339775085449 -0.04572981223464012
0.5076441168785095 0.7649002075195312 -0.050320010632276535
0.502098798751831 0.7539095282554626 -0.052894312888383865
