Henrik_image_two_89.jpg
0.5107718706130981 0.8369004130363464 -2.0317250459811476e-07
0.4524127244949341 0.7680977582931519 -0.0037745279259979725
0.42101532220840454 0.6946457028388977 -0.010123747400939465
0.3978564739227295 0.650066077709198 -0.0220971517264843
0.37172937393188477 0.6236770153045654 -0.03413166478276253
0.4890792965888977 0.599753201007843 0.005132333375513554
0.4911125898361206 0.5211485028266907 -0.015681879594922066
0.49147725105285645 0.47068533301353455 -0.027126265689730644
0.4929291903972626 0.4274042546749115 -0.035151656717061996
0.522667646408081 0.6091014742851257 -0.007004902698099613
0.4608055055141449 0.595215380191803 -0.04176703467965126
0.44767943024635315 0.661827027797699 -0.045324329286813736
0.4597747325897217 0.6935561895370483 -0.03823256492614746
0.5459500551223755 0.635695219039917 -0.022536849603056908
0.4784776568412781 0.6492614150047302 -0.05308664217591286
0.47245603799819946 0.7061730027198792 -0.04085557162761688
0.48743969202041626 0.7237491607666016 -0.023853737860918045
0.5622943043708801 0.6711870431900024 -0.03970066457986832
0.5056822299957275 0.6880078315734863 -0.05482320487499237
0.49712690711021423 0.7236086130142212 -0.04491516202688217
0.5096851587295532 0.7319373488426208 -0.032336022704839706
