Henrik_image_five_7.jpg
0.4740002453327179 0.514854907989502 3.1553415169582877e-07
0.4988088309764862 0.4698435664176941 -0.009606238454580307
0.5175331234931946 0.4056369662284851 -0.02067696303129196
0.533966064453125 0.3554735779762268 -0.03135937079787254
0.5354058146476746 0.31585732102394104 -0.04274265095591545
0.4714032709598541 0.39036014676094055 -0.027121761813759804
0.48002558946609497 0.34571197628974915 -0.045003537088632584
0.48236528038978577 0.31744733452796936 -0.05587054044008255
0.4846152663230896 0.28636032342910767 -0.06284376978874207
0.43226873874664307 0.392891526222229 -0.0314362607896328
0.43238797783851624 0.32512226700782776 -0.049251966178417206
0.4320284426212311 0.2784601151943207 -0.058219388127326965
0.4316600561141968 0.235569030046463 -0.0650712102651596
0.3972545266151428 0.4071999192237854 -0.03677024319767952
0.37947580218315125 0.3388577103614807 -0.0569433756172657
0.3687894642353058 0.28587937355041504 -0.06747889518737793
0.36127763986587524 0.2404191792011261 -0.07371201366186142
0.3679410517215729 0.4307026267051697 -0.0420498289167881
0.3341284394264221 0.383821964263916 -0.0605638325214386
0.3114717900753021 0.3472483158111572 -0.07039699703454971
0.2946518063545227 0.3132670521736145 -0.07699594646692276
