Henrik_image_two_88.jpg
0.4838806390762329 0.9055737257003784 -6.22149656237525e-08
0.415437251329422 0.8201664090156555 -0.0014498180244117975
0.38168394565582275 0.752184271812439 -0.008795294910669327
0.35423654317855835 0.7061400413513184 -0.02239041216671467
0.32313889265060425 0.6748818755149841 -0.03615046292543411
0.4364413321018219 0.6537147760391235 0.010056155733764172
0.42983436584472656 0.5818458795547485 -0.010124962776899338
0.42572876811027527 0.5233545303344727 -0.024698084220290184
0.4232630431652069 0.4707847237586975 -0.03674333915114403
0.46937429904937744 0.6564207673072815 -0.002991885645315051
0.4007683992385864 0.654076874256134 -0.03217872232198715
0.39465031027793884 0.7157781720161438 -0.03632734715938568
0.4117344915866852 0.7382189631462097 -0.03269011154770851
0.49333497881889343 0.6816761493682861 -0.01951856166124344
0.4215695858001709 0.7021756768226624 -0.044523440301418304
0.4217034578323364 0.7524392008781433 -0.03183380886912346
0.44054675102233887 0.7633278965950012 -0.017473166808485985
0.5090322494506836 0.7216154932975769 -0.03813041001558304
0.44743552803993225 0.7413111925125122 -0.052143990993499756
0.44197601079940796 0.77531898021698 -0.04288399592041969
0.45638248324394226 0.782701313495636 -0.03201066702604294
