Henrik_image_four_61.jpg
0.44612663984298706 0.6528418064117432 5.756153882430226e-07
0.4394097924232483 0.5658509731292725 0.011111488565802574
0.44461458921432495 0.4946667551994324 0.004099628422409296
0.4563544690608978 0.4468120336532593 -0.003697850974276662
0.4595233201980591 0.4179442226886749 -0.010615304112434387
0.44549620151519775 0.4410986006259918 -0.04133235290646553
0.49584120512008667 0.3523799180984497 -0.0673280656337738
0.5223096013069153 0.29756611585617065 -0.0805530995130539
0.5409684181213379 0.2538805603981018 -0.08733683079481125
0.4627563953399658 0.47142744064331055 -0.05758253112435341
0.5330232381820679 0.3735298812389374 -0.08912849426269531
0.5760599374771118 0.3150472640991211 -0.10459858179092407
0.6083928942680359 0.2699512839317322 -0.11269961297512054
0.48935556411743164 0.5081146359443665 -0.06933135539293289
0.5828973054885864 0.45629724860191345 -0.09465376287698746
0.6342343091964722 0.43186813592910767 -0.10286471247673035
0.6704182028770447 0.4124686121940613 -0.10493217408657074
0.5166469812393188 0.5476197004318237 -0.07848264276981354
0.5862375497817993 0.5282818078994751 -0.08793488889932632
0.6141175031661987 0.520442008972168 -0.08500143140554428
0.6349911689758301 0.5083390474319458 -0.0813429206609726
