Henrik_image_three_4.jpg
0.32643502950668335 0.9196231365203857 5.860755436515319e-07
0.3846067488193512 0.8743160367012024 -0.025189315900206566
0.42812347412109375 0.7866699695587158 -0.034509092569351196
0.4668157696723938 0.7299743890762329 -0.04637904092669487
0.5097367763519287 0.7108767628669739 -0.057789672166109085
0.3609570562839508 0.6921752095222473 -0.02584282122552395
0.3690878450870514 0.5964932441711426 -0.05222105607390404
0.37295547127723694 0.5330127477645874 -0.06654880940914154
0.37432846426963806 0.4783954322338104 -0.07458409667015076
0.31363993883132935 0.6955685615539551 -0.03262532502412796
0.30609577894210815 0.5997742414474487 -0.06688103079795837
0.302015483379364 0.5269957780838013 -0.08555331826210022
0.2954249382019043 0.4675649404525757 -0.09209561347961426
0.273564875125885 0.7223052382469177 -0.04232393950223923
0.2825731337070465 0.7251757383346558 -0.09045128524303436
0.30689236521720886 0.7896947264671326 -0.09903652220964432
0.323125422000885 0.8387287855148315 -0.0890386626124382
0.23962682485580444 0.7649234533309937 -0.05412527918815613
0.25298184156417847 0.7816433906555176 -0.08892768621444702
0.28082701563835144 0.8275574445724487 -0.0911884605884552
0.3000940978527069 0.8622965812683105 -0.08261243999004364
