Henrik_image_zero_33.jpg
0.2442387044429779 0.521496057510376 -1.7256114404062828e-07
0.28800177574157715 0.4923996329307556 -0.0110166035592556
0.3196442425251007 0.44635844230651855 -0.015910867601633072
0.3290376663208008 0.4000076651573181 -0.02124255709350109
0.3251343369483948 0.36210405826568604 -0.02342219464480877
0.29167571663856506 0.3778868317604065 -0.0068776425905525684
0.30516454577445984 0.3596658706665039 -0.02126466855406761
0.3066900670528412 0.4036621153354645 -0.023516999557614326
0.3010168671607971 0.415835976600647 -0.023050453513860703
0.2653934061527252 0.3740958273410797 -0.009439839981496334
0.2804657220840454 0.36853939294815063 -0.025737689808011055
0.2832634747028351 0.42086127400398254 -0.026983655989170074
0.277389258146286 0.42145439982414246 -0.02545172907412052
0.238729327917099 0.3817344903945923 -0.014260973781347275
0.2563277781009674 0.3807713985443115 -0.03569912537932396
0.26058804988861084 0.43026408553123474 -0.02984396182000637
0.2529672384262085 0.4336300790309906 -0.021829161792993546
0.20911332964897156 0.39576712250709534 -0.019447406753897667
0.22742892801761627 0.39104369282722473 -0.034098006784915924
0.2386799156665802 0.42428410053253174 -0.028053229674696922
0.23617792129516602 0.4329400062561035 -0.02043953724205494
