Henrik_image_three_56.jpg
0.5136955380439758 0.7771571278572083 5.982237780699506e-07
0.5424481630325317 0.7114998698234558 -0.013546993024647236
0.5554112792015076 0.640843391418457 -0.027477148920297623
0.5695263147354126 0.5811808705329895 -0.040807101875543594
0.6014212965965271 0.5467098951339722 -0.05439377203583717
0.48634105920791626 0.5990731120109558 -0.03081326000392437
0.46583259105682373 0.5079771876335144 -0.04444964602589607
0.4507695734500885 0.4548022150993347 -0.05292244255542755
0.43954724073410034 0.4138302206993103 -0.05729448422789574
0.44867071509361267 0.6213188767433167 -0.02859504148364067
0.4024861454963684 0.5541496276855469 -0.037599116563797
0.3672211468219757 0.5127081871032715 -0.04187425971031189
0.339200496673584 0.48639145493507385 -0.04426616430282593
0.42223918437957764 0.6561944484710693 -0.02509908564388752
0.40177610516548157 0.6158546209335327 -0.02926441840827465
0.4187179505825043 0.6268735527992249 -0.024022456258535385
0.43470147252082825 0.6472018957138062 -0.017413998022675514
0.4049820303916931 0.6931009888648987 -0.02311207540333271
0.4002756178379059 0.6662566065788269 -0.020731624215841293
0.41360965371131897 0.6755088567733765 -0.011493660509586334
0.42632541060447693 0.6901078820228577 -0.0018491600640118122
