Henrik_image_two_31.jpg
0.46964389085769653 0.6825915575027466 -5.952833959099735e-08
0.518251359462738 0.7229159474372864 -0.09706778079271317
0.5639969706535339 0.7191925644874573 -0.16150116920471191
0.6100836992263794 0.7181905508041382 -0.21296986937522888
0.6524070501327515 0.7197768092155457 -0.2607688009738922
0.5327631235122681 0.5243743062019348 -0.13115786015987396
0.5424087047576904 0.49954527616500854 -0.19898127019405365
0.5309730768203735 0.5188804268836975 -0.23324623703956604
0.5266304016113281 0.507390558719635 -0.2515970468521118
0.48123452067375183 0.4826982021331787 -0.10824514925479889
0.4770466387271881 0.49069491028785706 -0.17871318757534027
0.45759880542755127 0.5897504687309265 -0.1902497112751007
0.4587688446044922 0.6216567158699036 -0.18600715696811676
0.43326815962791443 0.4727761745452881 -0.09371139854192734
0.42576515674591064 0.49908247590065 -0.16105151176452637
0.4183439314365387 0.5931892395019531 -0.15704059600830078
0.43014848232269287 0.6195515394210815 -0.13944606482982635
0.38965097069740295 0.48280954360961914 -0.08691693097352982
0.3782048225402832 0.5176023244857788 -0.13360930979251862
0.38023364543914795 0.5931696891784668 -0.1327929049730301
0.3959989845752716 0.6195794939994812 -0.12153244018554688
