Henrik_image_spock_86.jpg
0.37698912620544434 0.5757829546928406 4.90004595121718e-07
0.33739444613456726 0.5299642086029053 -0.013107211329042912
0.3081417977809906 0.48085424304008484 -0.033561110496520996
0.278296560049057 0.43553000688552856 -0.05187449976801872
0.2434455305337906 0.41606101393699646 -0.07200261950492859
0.342822402715683 0.41822826862335205 -0.0575174018740654
0.3461162745952606 0.3213995695114136 -0.08039314299821854
0.3511938750743866 0.2653723359107971 -0.09099327772855759
0.35600072145462036 0.2185889184474945 -0.0971064493060112
0.37683942914009094 0.4190557897090912 -0.06291518360376358
0.38047006726264954 0.3137902319431305 -0.08616292476654053
0.38468265533447266 0.2476223111152649 -0.09678313136100769
0.3880959749221802 0.19594717025756836 -0.10401521623134613
0.4103189706802368 0.4356292486190796 -0.0661059096455574
0.43301922082901 0.347632497549057 -0.08575665950775146
0.45285993814468384 0.2930260896682739 -0.0936942771077156
0.4668281674385071 0.25418737530708313 -0.09827637672424316
0.44007349014282227 0.45933669805526733 -0.0687427818775177
0.4585605263710022 0.38980618119239807 -0.08214537054300308
0.4694918394088745 0.3477395176887512 -0.08454309403896332
0.4769339859485626 0.3118385970592499 -0.08553855866193771
