Henrik_image_zero_67.jpg
0.541060209274292 0.4955008625984192 -1.7532100571315823e-07
0.6010007262229919 0.4081183075904846 0.013872493989765644
0.6137806177139282 0.31717807054519653 0.009602697566151619
0.6222338080406189 0.24412934482097626 -0.003503403626382351
0.637589156627655 0.19446377456188202 -0.013168799690902233
0.5447840094566345 0.24646930396556854 0.008169112727046013
0.6035963296890259 0.1712634265422821 -0.019462531432509422
0.629108190536499 0.19038234651088715 -0.03309984877705574
0.6403185725212097 0.21508100628852844 -0.038913968950510025
0.5354238748550415 0.25497332215309143 -0.010849371552467346
0.6387381553649902 0.2333959937095642 -0.03952045366168022
0.6438984274864197 0.29458045959472656 -0.04170999675989151
0.6275519132614136 0.3237083852291107 -0.037843264639377594
0.5412523746490479 0.2761075496673584 -0.03186776489019394
0.6426507234573364 0.28952130675315857 -0.05299698933959007
0.6360746622085571 0.34081125259399414 -0.04268625006079674
0.6154593229293823 0.3577435612678528 -0.0323592871427536
0.5560398697853088 0.3065311312675476 -0.053380087018013
0.6367030739784241 0.3358432650566101 -0.05899197608232498
0.6291859149932861 0.374961256980896 -0.04964597895741463
0.6075292229652405 0.38389521837234497 -0.0420762337744236
