Henrik_image_four_52.jpg
0.46330177783966064 0.7401630282402039 4.043351964355679e-07
0.4323701560497284 0.6785991787910461 -0.009643537923693657
0.4153333902359009 0.6024395227432251 -0.02748860977590084
0.398387610912323 0.536367654800415 -0.043242763727903366
0.3714355230331421 0.4923669695854187 -0.06048426404595375
0.4721587300300598 0.552328884601593 -0.055782217532396317
0.5049433708190918 0.4482811987400055 -0.07831408828496933
0.5224531888961792 0.3876805305480957 -0.08738365769386292
0.5352140069007874 0.34186434745788574 -0.09123555570840836
0.5094753503799438 0.5738592147827148 -0.06120280548930168
0.5648101568222046 0.46669402718544006 -0.08031167834997177
0.5970215201377869 0.4071788191795349 -0.08356044441461563
0.6199265122413635 0.3674442768096924 -0.08438354730606079
0.5416746139526367 0.607810378074646 -0.06454470753669739
0.5949782133102417 0.5291131734848022 -0.07908240705728531
0.6247915029525757 0.48613807559013367 -0.08121447265148163
0.6439788937568665 0.4583081305027008 -0.08210378140211105
0.5648772716522217 0.6489426493644714 -0.06742272526025772
0.5995544195175171 0.6049403548240662 -0.07358989864587784
0.6101477742195129 0.5931628942489624 -0.0678924098610878
0.6158766150474548 0.5896126627922058 -0.06313783675432205
