Henrik_image_three_38.jpg
0.31742268800735474 0.8844213485717773 9.192511924993596e-07
0.28831881284713745 0.8034828901290894 -0.005054989829659462
0.26943403482437134 0.7067847847938538 -0.0241728276014328
0.24466142058372498 0.6394374966621399 -0.041476547718048096
0.20760098099708557 0.607512891292572 -0.05942634865641594
0.29385286569595337 0.7043339014053345 -0.07663809508085251
0.3042686879634857 0.5867611169815063 -0.10784081369638443
0.3036607503890991 0.5152810215950012 -0.12559325993061066
0.3058130443096161 0.4554443955421448 -0.13907590508460999
0.3256162405014038 0.7288843989372253 -0.08759655058383942
0.39195430278778076 0.6100396513938904 -0.11784062534570694
0.43104130029678345 0.5452401041984558 -0.12436968088150024
0.4616274833679199 0.49576571583747864 -0.1301395744085312
0.3613113760948181 0.7630138993263245 -0.09273462742567062
0.4177777171134949 0.6778799891471863 -0.10929212719202042
0.4013923108577728 0.705331563949585 -0.08669383823871613
0.3808176815509796 0.7374343872070312 -0.07107970118522644
0.3925124406814575 0.8009729385375977 -0.09854420274496078
0.43588924407958984 0.7348413467407227 -0.10791932791471481
0.4204269349575043 0.7539336681365967 -0.08760340511798859
0.4004305601119995 0.7829816937446594 -0.07143177092075348
