Henrik_image_spock_44.jpg
0.4297318458557129 0.6034846901893616 2.8986269740016724e-07
0.41456565260887146 0.5486155152320862 0.0002583479508757591
0.4071211814880371 0.4938843548297882 -0.008131503127515316
0.39364248514175415 0.452009379863739 -0.017117850482463837
0.3713671565055847 0.4300622344017029 -0.027791718021035194
0.4548870027065277 0.46046051383018494 -0.019705327227711678
0.48046764731407166 0.3948401212692261 -0.029164006933569908
0.49619877338409424 0.35759878158569336 -0.03342638909816742
0.5084618926048279 0.3282744288444519 -0.03628784418106079
0.477436900138855 0.47510212659835815 -0.027728285640478134
0.5036300420761108 0.4027155637741089 -0.03796226903796196
0.5201850533485413 0.3606392741203308 -0.04272808879613876
0.533164381980896 0.32707807421684265 -0.04606064409017563
0.4963095784187317 0.5009874105453491 -0.03465031459927559
0.5323231816291809 0.4401935636997223 -0.045398544520139694
0.557966411113739 0.40210452675819397 -0.05105893686413765
0.5767918229103088 0.37099790573120117 -0.05450800806283951
0.5122960209846497 0.5338978171348572 -0.04042070731520653
0.542527437210083 0.4859183430671692 -0.04790376499295235
0.5605280995368958 0.4551286995410919 -0.048340242356061935
0.5741396546363831 0.42666521668434143 -0.048278238624334335
