Henrik_image_zero_45.jpg
0.435147762298584 0.5262572765350342 4.585292856518208e-08
0.47182008624076843 0.5003869533538818 0.004071707371622324
0.49518051743507385 0.45827817916870117 0.004297038074582815
0.5083575248718262 0.42868199944496155 0.00020827955449931324
0.508888304233551 0.40191513299942017 -0.0020181918516755104
0.4722204804420471 0.38795727491378784 0.015681924298405647
0.4881892502307892 0.3625794053077698 0.0028044276405125856
0.5002573132514954 0.38225680589675903 -0.003618835937231779
0.49794188141822815 0.3996162712574005 -0.004695680923759937
0.4565241038799286 0.3828110098838806 0.006486785598099232
0.48673689365386963 0.3711549937725067 -0.009428146295249462
0.4897063076496124 0.4154376983642578 -0.0135805644094944
0.47809499502182007 0.43161141872406006 -0.010605860501527786
0.4394876956939697 0.38555848598480225 -0.004817448556423187
0.4739084243774414 0.3925376832485199 -0.02371225692331791
0.4709866940975189 0.4377192258834839 -0.02046753652393818
0.4556509852409363 0.44759392738342285 -0.011768652126193047
0.42070555686950684 0.39702001214027405 -0.015705371275544167
0.45588985085487366 0.40650802850723267 -0.026905186474323273
0.4552420377731323 0.43774187564849854 -0.02073553390800953
0.44104593992233276 0.4436247944831848 -0.011979549191892147
