Henrik_image_two_75.jpg
0.5850252509117126 0.9392229914665222 -2.526246589695802e-07
0.5265089273452759 0.9017624258995056 -0.009876307100057602
0.4826596677303314 0.8362078666687012 -0.014521067962050438
0.45190051198005676 0.7914726138114929 -0.022593805566430092
0.42398977279663086 0.7609690427780151 -0.030409812927246094
0.5145712494850159 0.7417923808097839 -0.002803657203912735
0.5077391862869263 0.6757422089576721 -0.020690128207206726
0.5020768046379089 0.6313075423240662 -0.03099219873547554
0.4986279308795929 0.5948383808135986 -0.03930811956524849
0.5526619553565979 0.7321979999542236 -0.0113683445379138
0.5118028521537781 0.7720080614089966 -0.041537441313266754
0.5085351467132568 0.8332525491714478 -0.0458935908973217
0.5204600095748901 0.8521297574043274 -0.04208795726299286
0.5871203541755676 0.7530869841575623 -0.023126211017370224
0.5437250137329102 0.8100443482398987 -0.050542157143354416
0.5410802364349365 0.8593075275421143 -0.0408574678003788
0.5508802533149719 0.8640180826187134 -0.02808656170964241
0.6170424818992615 0.788027286529541 -0.037014104425907135
0.5787604451179504 0.8397777676582336 -0.05303443968296051
0.5713458061218262 0.8729528188705444 -0.0456157922744751
0.5785691142082214 0.8720889091491699 -0.03547615930438042
