Henrik_image_two_80.jpg
0.48414456844329834 0.8321444988250732 2.5853722718238714e-07
0.5174769163131714 0.749159574508667 -0.009453682228922844
0.5283689498901367 0.6724482774734497 -0.023252833634614944
0.5426962375640869 0.6057754158973694 -0.03503888100385666
0.5641003847122192 0.560132622718811 -0.04731378331780434
0.44823095202445984 0.6444175839424133 -0.03764558583498001
0.39290353655815125 0.5647672414779663 -0.05202200636267662
0.3585662841796875 0.5160323977470398 -0.06432199478149414
0.3309583365917206 0.47923222184181213 -0.07392429560422897
0.407408207654953 0.6751508116722107 -0.034982938319444656
0.3773254454135895 0.611897349357605 -0.03411027789115906
0.39897510409355164 0.6181555986404419 -0.024760575965046883
0.41987746953964233 0.6403309106826782 -0.02338368445634842
0.3791120946407318 0.7162492275238037 -0.031554967164993286
0.3633149266242981 0.653444230556488 -0.028558399528265
0.3810141086578369 0.6595091223716736 -0.013684762641787529
0.3970955014228821 0.6854627132415771 -0.008332737721502781
0.35986092686653137 0.7526522874832153 -0.029174240306019783
0.35252705216407776 0.6999928951263428 -0.02634410187602043
0.36820951104164124 0.7068126201629639 -0.014188120141625404
0.3811567425727844 0.7264193892478943 -0.007421795278787613
