Henrik_image_four_37.jpg
0.6020678281784058 0.6301804780960083 5.601483010764241e-08
0.584031343460083 0.542375922203064 0.009619489312171936
0.547789990901947 0.465547651052475 0.005137284751981497
0.5127933025360107 0.40652626752853394 -0.0005389477009885013
0.49792444705963135 0.35784581303596497 -0.009607591666281223
0.5249120593070984 0.44673338532447815 -0.033796992152929306
0.44701650738716125 0.39404624700546265 -0.051348429173231125
0.40086305141448975 0.3648318350315094 -0.05936660245060921
0.3629624843597412 0.3420252501964569 -0.06362541764974594
0.512289822101593 0.48991379141807556 -0.04556776210665703
0.41721147298812866 0.45656561851501465 -0.06250473856925964
0.3604308068752289 0.44360649585723877 -0.06862335652112961
0.31920674443244934 0.4359460771083832 -0.07278469949960709
0.5006731152534485 0.5397883057594299 -0.05339246988296509
0.4174981415271759 0.5411480665206909 -0.06636808812618256
0.3774428367614746 0.5445098280906677 -0.06642798334360123
0.35294291377067566 0.5479243993759155 -0.06558756530284882
0.4901353716850281 0.5933718681335449 -0.05938396975398064
0.43767717480659485 0.5952476859092712 -0.06444235146045685
0.4326918423175812 0.5963817238807678 -0.05790108069777489
0.4369930624961853 0.593718409538269 -0.0519731231033802
