Henrik_image_four_78.jpg
0.40438422560691833 0.7002294063568115 7.391151370939042e-07
0.4639817774295807 0.7046529650688171 -0.014425059780478477
0.5179643630981445 0.6759166121482849 -0.020229563117027283
0.5604396462440491 0.659241259098053 -0.02547564171254635
0.5973809957504272 0.6559785008430481 -0.032887984067201614
0.5027172565460205 0.5558382868766785 -0.01709313876926899
0.5400125980377197 0.48929956555366516 -0.024056334048509598
0.5642650723457336 0.4527629017829895 -0.02810339815914631
0.5846944451332092 0.4192589521408081 -0.03126059100031853
0.4715123474597931 0.5304164290428162 -0.021006906405091286
0.5036953091621399 0.45550763607025146 -0.024108977988362312
0.5286429524421692 0.4102069139480591 -0.03150256723165512
0.5492257475852966 0.3727814853191376 -0.037118297070264816
0.43811070919036865 0.528016984462738 -0.026257818564772606
0.4434441328048706 0.4577578902244568 -0.043933168053627014
0.45443373918533325 0.4051770567893982 -0.06710750609636307
0.4637014865875244 0.36396390199661255 -0.08361271023750305
0.40574973821640015 0.5435521006584167 -0.03125787898898125
0.41624417901039124 0.5509297847747803 -0.0531790629029274
0.41782987117767334 0.5962768197059631 -0.06344738602638245
0.41686081886291504 0.6404159069061279 -0.06959253549575806
