Henrik_image_spock_25.jpg
0.7297328114509583 0.7022698521614075 4.3624979184642143e-07
0.7472244501113892 0.6380262970924377 0.001984359696507454
0.7499176263809204 0.58000648021698 -0.0038663914892822504
0.7569521069526672 0.5327705144882202 -0.011213833466172218
0.7730104327201843 0.5049929022789001 -0.020351119339466095
0.6998281478881836 0.5431743264198303 -0.018162380903959274
0.6780620217323303 0.4687471389770508 -0.030876293778419495
0.6658400297164917 0.422748327255249 -0.03757569193840027
0.6564969420433044 0.38414549827575684 -0.04207379370927811
0.6758042573928833 0.55652916431427 -0.027502501383423805
0.6520567536354065 0.47510433197021484 -0.04258199408650398
0.6397566199302673 0.4211699962615967 -0.05098843201994896
0.6320971250534058 0.37772560119628906 -0.05628850311040878
0.6546277403831482 0.5828909873962402 -0.035611048340797424
0.618292510509491 0.5179764032363892 -0.04842531681060791
0.5961715579032898 0.4724850654602051 -0.05699419975280762
0.5820465087890625 0.435097873210907 -0.062268778681755066
0.6375424265861511 0.6179388761520386 -0.04280690848827362
0.607384204864502 0.5641593337059021 -0.05357269197702408
0.5909330248832703 0.5283749103546143 -0.05882157012820244
0.5782023668289185 0.49515560269355774 -0.061798710376024246
