Henrik_image_spock_48.jpg
0.36919939517974854 0.6544150710105896 1.2836942175908916e-07
0.3517904281616211 0.59627366065979 0.004755826201289892
0.3422175645828247 0.5459545850753784 -0.0026862125378102064
0.327315092086792 0.5052111744880676 -0.012150615453720093
0.30843761563301086 0.4764212965965271 -0.023552294820547104
0.3848308026790619 0.49873751401901245 -0.01761046051979065
0.3996126651763916 0.42360055446624756 -0.027170147746801376
0.40683990716934204 0.38071101903915405 -0.031147418543696404
0.4129481613636017 0.3443804979324341 -0.034451812505722046
0.40727484226226807 0.5069624185562134 -0.028121883049607277
0.42088478803634644 0.42527079582214355 -0.04301508888602257
0.42600488662719727 0.37547069787979126 -0.050976771861314774
0.42959895730018616 0.3320843279361725 -0.05606339871883392
0.4278718829154968 0.5305671691894531 -0.03677639737725258
0.46410560607910156 0.46601617336273193 -0.0516737662255764
0.4886612892150879 0.425930917263031 -0.05937346816062927
0.5048267841339111 0.39215582609176636 -0.06334356963634491
0.4452943801879883 0.561921238899231 -0.0436064712703228
0.4744231700897217 0.5078746676445007 -0.053762465715408325
0.4895676076412201 0.4755736291408539 -0.055395860224962234
0.5009992122650146 0.4459421634674072 -0.05562153086066246
