Henrik_image_spock_12.jpg
0.8169109225273132 0.5844217538833618 3.4590647146615083e-07
0.7681861519813538 0.5780209898948669 -0.034201398491859436
0.7262876033782959 0.5516917109489441 -0.06175989285111427
0.682561993598938 0.525921106338501 -0.08530191332101822
0.6401984691619873 0.5232515931129456 -0.10987173020839691
0.7596255540847778 0.4298984110355377 -0.05649644508957863
0.7435402274131775 0.35274431109428406 -0.08235540986061096
0.7326319217681885 0.305917352437973 -0.10192369669675827
0.7224031090736389 0.26050305366516113 -0.11697425693273544
0.7900207042694092 0.40618470311164856 -0.05429733917117119
0.771251916885376 0.3196670711040497 -0.08096877485513687
0.7554897665977478 0.26585426926612854 -0.09945051372051239
0.7391167879104614 0.21538566052913666 -0.11341936886310577
0.8209669589996338 0.40580296516418457 -0.05328446254134178
0.8264899849891663 0.3182161748409271 -0.07702803611755371
0.8265200853347778 0.26223379373550415 -0.09022703021764755
0.8220699429512024 0.21821512281894684 -0.09892390668392181
0.8486379384994507 0.4185081720352173 -0.05434036999940872
0.8546603918075562 0.34760212898254395 -0.07175496965646744
0.8529945611953735 0.30405762791633606 -0.07846096158027649
0.8480822443962097 0.2647063136100769 -0.08330107480287552
