Henrik_image_four_98.jpg
0.3781391680240631 0.7108768224716187 4.746895569951448e-07
0.34755417704582214 0.6408326625823975 -0.0013421307085081935
0.32971519231796265 0.5744329690933228 -0.013153305277228355
0.3046448528766632 0.5236278772354126 -0.02227494679391384
0.27769869565963745 0.49019742012023926 -0.03266133368015289
0.365981787443161 0.5226342082023621 -0.05062646046280861
0.39151155948638916 0.42434024810791016 -0.0692770928144455
0.40381887555122375 0.36259621381759644 -0.07628494501113892
0.4115142226219177 0.31193292140960693 -0.07989653944969177
0.40086129307746887 0.536481499671936 -0.05633925646543503
0.43244901299476624 0.43238431215286255 -0.07950975745916367
0.44795143604278564 0.36327922344207764 -0.08812420070171356
0.4552949070930481 0.3112558424472809 -0.09259268641471863
0.43421751260757446 0.5683302283287048 -0.05741205811500549
0.4915170669555664 0.5054700970649719 -0.07620227336883545
0.520675778388977 0.4559178352355957 -0.08345650136470795
0.5390250086784363 0.42213737964630127 -0.08716283738613129
0.45780980587005615 0.6067726016044617 -0.05597319453954697
0.4748336970806122 0.5837287902832031 -0.06349960714578629
0.45762965083122253 0.5944262146949768 -0.058049000799655914
0.4450797438621521 0.6110955476760864 -0.05384441092610359
