Henrik_image_two_10.jpg
0.3655528426170349 0.8394596576690674 5.827333637853371e-08
0.4153909981250763 0.7795869708061218 -0.006631949450820684
0.44950422644615173 0.716545581817627 -0.02130303345620632
0.48268774151802063 0.6864798665046692 -0.04085085541009903
0.5150853395462036 0.6698434948921204 -0.06120701879262924
0.37969961762428284 0.6273656487464905 -0.022481998428702354
0.377286821603775 0.5545505285263062 -0.042062826454639435
0.3743637204170227 0.5095897912979126 -0.05294018238782883
0.3695991039276123 0.4699368476867676 -0.0618150494992733
0.3419492542743683 0.638202428817749 -0.033952828496694565
0.3957916498184204 0.645695686340332 -0.06460792571306229
0.41160836815834045 0.7048788070678711 -0.06962279975414276
0.40207359194755554 0.732945442199707 -0.06814692169427872
0.31780144572257996 0.6714124083518982 -0.045573193579912186
0.37793317437171936 0.6931764483451843 -0.07425002753734589
0.39105427265167236 0.7443909645080566 -0.06657605618238449
0.3798970580101013 0.7641203999519348 -0.05606709420681
0.3021183907985687 0.7134056687355042 -0.058426398783922195
0.35343050956726074 0.7340238690376282 -0.07633421570062637
0.37171080708503723 0.767632007598877 -0.06955599039793015
0.36804908514022827 0.7832634449005127 -0.06044851988554001
