Henrik_image_zero_34.jpg
0.3388526439666748 0.5120949149131775 -5.840416505975554e-08
0.3791794776916504 0.4833240509033203 -0.004479424096643925
0.39823639392852783 0.4333595633506775 -0.00958589743822813
0.4051937758922577 0.39448100328445435 -0.01635095663368702
0.40956491231918335 0.35907095670700073 -0.020446890965104103
0.3714893162250519 0.3664611279964447 -0.003797531593590975
0.4024120271205902 0.37074485421180725 -0.021286090835928917
0.40016454458236694 0.41301900148391724 -0.029477687552571297
0.38989871740341187 0.43016186356544495 -0.03232603892683983
0.35259726643562317 0.3660101294517517 -0.008949813432991505
0.3924701511859894 0.379456102848053 -0.025064267218112946
0.38864201307296753 0.42494621872901917 -0.026119468733668327
0.3760085701942444 0.4402468502521515 -0.024333704262971878
0.33449867367744446 0.3750438094139099 -0.016388045623898506
0.3772176504135132 0.3929900825023651 -0.0340166836977005
0.37337833642959595 0.434869647026062 -0.028023291379213333
0.3608139157295227 0.4479616582393646 -0.02027711644768715
0.3184235692024231 0.3924976885318756 -0.024201659485697746
0.35943859815597534 0.40688925981521606 -0.03503264859318733
0.3580198585987091 0.43503156304359436 -0.029636481776833534
0.34529608488082886 0.44176068902015686 -0.02325054258108139
0.3092195391654968 0.5238903164863586 -2.5621548616072687e-07
0.34140872955322266 0.4757784605026245 0.027059655636548996
0.35122793912887573 0.4245074391365051 0.03520740941166878
0.35599249601364136 0.3831467032432556 0.03300933167338371
0.3573848009109497 0.35095101594924927 0.031105130910873413
0.3310662806034088 0.3690919876098633 0.043084871023893356
0.3671780824661255 0.3662627339363098 0.0357215441763401
0.37366169691085815 0.3857452869415283 0.029426924884319305
0.36890909075737 0.3883310556411743 0.02548149786889553
0.32159245014190674 0.3636247515678406 0.021773844957351685
0.37075677514076233 0.38488200306892395 0.014893945306539536
0.3664242625236511 0.4195558428764343 0.014584112912416458
0.35256218910217285 0.42673763632774353 0.016068164259195328
0.31342819333076477 0.3724226653575897 -0.0011917892843484879
0.3664531707763672 0.39649564027786255 -0.0076813162304461
0.3589600920677185 0.4272927939891815 -0.0007730613579042256
0.34290221333503723 0.4312254786491394 0.004291292279958725
0.3071282207965851 0.38923361897468567 -0.023252204060554504
0.35080498456954956 0.4098966121673584 -0.024870378896594048
0.3459395170211792 0.4326469302177429 -0.01810355857014656
0.3310721814632416 0.433351069688797 -0.013145606964826584
