Henrik_image_three_18.jpg
0.3613518476486206 0.6719005107879639 4.147258607645199e-07
0.4327910840511322 0.6577010750770569 -0.03537413850426674
0.48075851798057556 0.6078830361366272 -0.05476662144064903
0.5137434005737305 0.5657638311386108 -0.0727507695555687
0.5602583289146423 0.5490050911903381 -0.09221208095550537
0.41113489866256714 0.4834687113761902 -0.034240640699863434
0.41928595304489136 0.3873386085033417 -0.05235552787780762
0.42304727435112 0.328666090965271 -0.06444535404443741
0.4221620559692383 0.2762851119041443 -0.07397111505270004
0.36973434686660767 0.48504510521888733 -0.032287053763866425
0.3440847396850586 0.4133835434913635 -0.056014593690633774
0.32741498947143555 0.3680720627307892 -0.07300069183111191
0.30837005376815796 0.3272813558578491 -0.08292628079652786
0.33904963731765747 0.508417546749115 -0.032671280205249786
0.3355867862701416 0.49830949306488037 -0.06586159020662308
0.3482218384742737 0.5603616833686829 -0.07531808316707611
0.35920506715774536 0.6018282771110535 -0.07358129322528839
0.3187270164489746 0.5442752242088318 -0.03587181493639946
0.3175297975540161 0.539413332939148 -0.06454489380121231
0.3342987298965454 0.582221508026123 -0.06928519159555435
0.3496450185775757 0.618012547492981 -0.06615155190229416
