Henrik_image_zero_63.jpg
0.4343484044075012 0.477999210357666 -2.2741744487575488e-07
0.5004383325576782 0.4506561756134033 -0.030932404100894928
0.561266303062439 0.34997081756591797 -0.04090048372745514
0.6010230779647827 0.26378685235977173 -0.05161677673459053
0.6181175112724304 0.19302847981452942 -0.054333485662937164
0.5527999401092529 0.2424776554107666 -0.0025639894884079695
0.5637931227684021 0.1533462554216385 -0.049322620034217834
0.5617868304252625 0.20543202757835388 -0.0659448578953743
0.5488594770431519 0.26018333435058594 -0.06575573980808258
0.5020578503608704 0.23225799202919006 -0.003267575055360794
0.5103962421417236 0.16214723885059357 -0.05413200706243515
0.5037606358528137 0.26282593607902527 -0.05780978128314018
0.4982168674468994 0.29460054636001587 -0.04332399368286133
0.4503054618835449 0.24248677492141724 -0.013564696535468102
0.45261040329933167 0.21356630325317383 -0.06639650464057922
0.4550408124923706 0.3098907768726349 -0.051886189728975296
0.45766690373420715 0.3282744586467743 -0.0254080630838871
0.3975072503089905 0.2617454528808594 -0.026760362088680267
0.40276503562927246 0.2579258978366852 -0.05762280896306038
0.41471466422080994 0.3228554427623749 -0.04581887647509575
0.42196887731552124 0.3312271535396576 -0.026749802753329277
