Henrik_image_four_21.jpg
0.7984253168106079 0.8905940055847168 3.090383415838005e-07
0.8351844549179077 0.8203700184822083 -0.001487843575887382
0.8549606204032898 0.7292207479476929 -0.01408139243721962
0.8587327003479004 0.6466657519340515 -0.02342986688017845
0.8728989958763123 0.5881575345993042 -0.036329641938209534
0.8682985305786133 0.710285484790802 -0.06647167354822159
0.8332691788673401 0.5953511595726013 -0.09027615189552307
0.8120831251144409 0.5271217226982117 -0.09742846339941025
0.7956638932228088 0.47116899490356445 -0.10082516819238663
0.841241717338562 0.7351569533348083 -0.0776226744055748
0.7830407023429871 0.6064548492431641 -0.11006501317024231
0.7486068606376648 0.5318121910095215 -0.12089885771274567
0.7264584898948669 0.47692468762397766 -0.12647221982479095
0.804301381111145 0.7630355954170227 -0.08374235033988953
0.7310650944709778 0.6519283056259155 -0.1157524436712265
0.6922413110733032 0.5983383655548096 -0.12153889983892441
0.6704251170158386 0.5579217076301575 -0.12176964432001114
0.7607467174530029 0.7949646711349487 -0.08658783882856369
0.7106917500495911 0.7142543792724609 -0.10976843535900116
0.7086851000785828 0.7269756197929382 -0.10495968163013458
0.7188374400138855 0.7455284595489502 -0.09795738011598587
0.7804749011993408 0.9085614681243896 4.0559410763307824e-07
0.8029029369354248 0.8257865905761719 0.006534864194691181
0.7975173592567444 0.7371550798416138 0.005186600610613823
0.7809043526649475 0.6649787425994873 0.0018941826419904828
0.7705752849578857 0.6134828329086304 -0.00302728614769876
0.8137081861495972 0.7015612721443176 -0.02407817170023918
0.8064061403274536 0.592639684677124 -0.040544912219047546
0.7979508638381958 0.529688835144043 -0.047746799886226654
0.7891078591346741 0.4744439721107483 -0.05283765867352486
0.7939096689224243 0.7153694033622742 -0.03992008790373802
0.764478325843811 0.6001913547515869 -0.06357751041650772
0.7418039441108704 0.5293493270874023 -0.07599731534719467
0.7240338921546936 0.4706689119338989 -0.08348813652992249
0.7684862613677979 0.7421663403511047 -0.053162433207035065
0.7143239974975586 0.6431342363357544 -0.08083923906087875
0.6842864155769348 0.5950032472610474 -0.08904866129159927
0.6663582921028137 0.5520986318588257 -0.09190864115953445
0.7408736348152161 0.7799600958824158 -0.06384195387363434
0.7006117105484009 0.7097448110580444 -0.08508843183517456
0.7033798694610596 0.7274147868156433 -0.08065629750490189
0.71625155210495 0.747430145740509 -0.07493644207715988
