Henrik_image_zero_62.jpg
0.3982849717140198 0.5250827670097351 -5.8313556650091414e-08
0.460988849401474 0.5037890672683716 -0.04490511119365692
0.5268272757530212 0.4175107181072235 -0.06397250294685364
0.575142502784729 0.33161258697509766 -0.08246156573295593
0.5815902948379517 0.24735455214977264 -0.0928666889667511
0.5257225632667542 0.284504234790802 -0.00762528833001852
0.5390775203704834 0.20279178023338318 -0.06176174059510231
0.529392659664154 0.24972763657569885 -0.08438269048929214
0.5113382339477539 0.3036295175552368 -0.0862107202410698
0.46950769424438477 0.27128851413726807 -0.002923055086284876
0.4781712293624878 0.20684252679347992 -0.058583229780197144
0.4636228382587433 0.310505747795105 -0.0644596591591835
0.4607713222503662 0.33871880173683167 -0.04934438690543175
0.41406548023223877 0.2798859179019928 -0.009764686226844788
0.40972408652305603 0.2536587715148926 -0.06404430419206619
0.4111344814300537 0.34329602122306824 -0.049288101494312286
0.4192712604999542 0.36067602038383484 -0.021558977663517
0.3595622181892395 0.2985121011734009 -0.02100338228046894
0.35675591230392456 0.28662750124931335 -0.05052877217531204
0.3690344989299774 0.3484383523464203 -0.03659254312515259
0.38200172781944275 0.36254754662513733 -0.014779253862798214
