Henrik_image_spock_60.jpg
0.5103073716163635 0.6548396348953247 5.10403651787783e-07
0.47730666399002075 0.6019815802574158 -0.010610776022076607
0.45756930112838745 0.5501240491867065 -0.020890047773718834
0.43923085927963257 0.5039461255073547 -0.02900586649775505
0.4145059883594513 0.48010432720184326 -0.03839096054434776
0.5156600475311279 0.5005159378051758 -0.031145932152867317
0.5382415056228638 0.42605316638946533 -0.04335768148303032
0.551323652267456 0.3834494948387146 -0.04899349808692932
0.5618017911911011 0.34865355491638184 -0.05213432386517525
0.5460073351860046 0.5105642080307007 -0.0312094297260046
0.5672956109046936 0.4291166663169861 -0.046442482620477676
0.5800660848617554 0.38033702969551086 -0.05379163473844528
0.591863214969635 0.3445156216621399 -0.05887375771999359
0.5698557496070862 0.5297166705131531 -0.030211901292204857
0.6029419302940369 0.4689716696739197 -0.044407863169908524
0.623760461807251 0.42537495493888855 -0.05060509592294693
0.6398136615753174 0.39134418964385986 -0.053650546818971634
0.5838622450828552 0.5533111095428467 -0.028732333332300186
0.6133552193641663 0.5071936249732971 -0.03808710351586342
0.628206729888916 0.4790008068084717 -0.039751362055540085
0.6403648257255554 0.45329996943473816 -0.04045560956001282
