Henrik_image_one_88.jpg
0.592765212059021 0.7681185007095337 -4.7275605652430386e-07
0.5989009737968445 0.6484419703483582 -0.005647521466016769
0.6286072731018066 0.5566686391830444 -0.018730344250798225
0.6540203094482422 0.47249191999435425 -0.031957633793354034
0.6369369029998779 0.4102388620376587 -0.04319332167506218
0.7352963089942932 0.5886051654815674 -0.016660558059811592
0.7794741988182068 0.5880891680717468 -0.01711043156683445
0.7602931261062622 0.6073867082595825 -0.015215722844004631
0.7350422739982605 0.6184809803962708 -0.01514397468417883
0.7593488693237305 0.6598048210144043 -0.02060922048985958
0.7951832413673401 0.6535649299621582 -0.011296654120087624
0.7725040912628174 0.665026068687439 -0.004707951098680496
0.7466062307357788 0.6770350337028503 -0.00556137366220355
0.7671148180961609 0.729175865650177 -0.02324405312538147
0.7965657114982605 0.7177608013153076 -0.012315216474235058
0.7765552401542664 0.7229464054107666 -0.0012844704324379563
0.7501528263092041 0.7318151593208313 -0.000545153277926147
0.7661067843437195 0.7912514805793762 -0.02654852159321308
0.7823984622955322 0.7794643044471741 -0.015444310382008553
0.7614065408706665 0.7802571654319763 -0.0013615720672532916
0.7409392595291138 0.7842996120452881 0.005809589754790068
