Henrik_image_one_59.jpg
0.3408879339694977 0.7755113840103149 -2.058969386098397e-07
0.37430644035339355 0.6696229577064514 -0.012965139001607895
0.4296191930770874 0.5446444153785706 -0.0379326157271862
0.44578737020492554 0.44710978865623474 -0.06057655066251755
0.4170062839984894 0.37481260299682617 -0.07907199114561081
0.4352548122406006 0.5613036155700684 -0.07478147000074387
0.5607994198799133 0.5762941837310791 -0.10680197924375534
0.5387428402900696 0.6004078984260559 -0.11512269079685211
0.4996286928653717 0.6030286550521851 -0.11593855172395706
0.436644583940506 0.6408534646034241 -0.08442584425210953
0.5752274394035339 0.6556403040885925 -0.10653793811798096
0.5483192205429077 0.6668473482131958 -0.0974353775382042
0.4997557997703552 0.6669437885284424 -0.09104108065366745
0.44158899784088135 0.7227266430854797 -0.09248539060354233
0.56254643201828 0.7330591678619385 -0.10215498507022858
0.534468412399292 0.7393988966941833 -0.07909757643938065
0.4895714223384857 0.738690972328186 -0.0660061240196228
0.44795843958854675 0.799890398979187 -0.1012783795595169
0.5385208129882812 0.795842170715332 -0.09769695997238159
0.5101085901260376 0.797469973564148 -0.07550496608018875
0.4701259732246399 0.7945339679718018 -0.06299010664224625
