Henrik_image_four_68.jpg
0.41816797852516174 0.8187979459762573 7.849861844988482e-07
0.38837912678718567 0.7249867916107178 -0.0042368764989078045
0.37003815174102783 0.6407336592674255 -0.017566682770848274
0.3492445647716522 0.5754289031028748 -0.029294254258275032
0.3185599148273468 0.5432352423667908 -0.042467065155506134
0.4030635952949524 0.6090302467346191 -0.04567693546414375
0.4362064599990845 0.5033919811248779 -0.06796733289957047
0.45735639333724976 0.4376167058944702 -0.07988503575325012
0.47569364309310913 0.38599327206611633 -0.08584834635257721
0.44198599457740784 0.6288446187973022 -0.052269380539655685
0.4939238727092743 0.5239078998565674 -0.0690464973449707
0.5306283235549927 0.4584885239601135 -0.07720939069986343
0.5570387840270996 0.4122629165649414 -0.08193076401948929
0.47897613048553467 0.6618563532829285 -0.055641915649175644
0.5326690077781677 0.5952762961387634 -0.06937391310930252
0.5622298717498779 0.5544316172599792 -0.07429484277963638
0.5800001621246338 0.5278725028038025 -0.07624059170484543
0.5075584053993225 0.699898362159729 -0.05755416676402092
0.5287024974822998 0.6624690890312195 -0.06278163194656372
0.5306618213653564 0.6502031087875366 -0.056500375270843506
0.5294315218925476 0.6438055634498596 -0.0506846085190773
