Henrik_image_two_81.jpg
0.5036347508430481 0.8628929853439331 2.2837940605313634e-07
0.5300182104110718 0.7737596035003662 -0.008973601274192333
0.5362321734428406 0.6848483681678772 -0.02500215359032154
0.5458662509918213 0.6089943647384644 -0.03868735954165459
0.5744268894195557 0.5666862726211548 -0.05477282777428627
0.4711729884147644 0.6684580445289612 -0.04952915757894516
0.41447705030441284 0.5806064009666443 -0.0715145394206047
0.37631428241729736 0.5271866321563721 -0.086362823843956
0.34368860721588135 0.4895465672016144 -0.09652356058359146
0.4281267523765564 0.6994039416313171 -0.048581503331661224
0.3818053901195526 0.6326987147331238 -0.06031098961830139
0.40318533778190613 0.6528335809707642 -0.052060317248106
0.42616379261016846 0.6833813786506653 -0.04584169387817383
0.3939463496208191 0.7451366782188416 -0.04581683874130249
0.35946136713027954 0.6856275200843811 -0.052863381803035736
0.377846360206604 0.6997330784797668 -0.038061995059251785
0.3987344205379486 0.72719407081604 -0.02791367843747139
0.3676619827747345 0.7929909825325012 -0.04302161559462547
0.34227535128593445 0.737503170967102 -0.04500841721892357
0.36023908853530884 0.7472193837165833 -0.031129732728004456
0.37712156772613525 0.7676264047622681 -0.0202955175191164
