Henrik_image_three_11.jpg
0.3678956925868988 0.6514188051223755 6.45457021164475e-07
0.43126416206359863 0.5930969715118408 -0.017076995223760605
0.4762476682662964 0.5290386080741882 -0.020897042006254196
0.4753675162792206 0.46962451934814453 -0.026793383061885834
0.465706467628479 0.4269697666168213 -0.03161885589361191
0.4472180902957916 0.4557790458202362 0.013915791176259518
0.4655762314796448 0.4009333848953247 0.0025539081543684006
0.4770911633968353 0.3627171516418457 -0.008394568227231503
0.48827266693115234 0.3283536434173584 -0.015078797936439514
0.4083402156829834 0.44585904479026794 0.013888713903725147
0.42112159729003906 0.38973361253738403 -0.001472425414249301
0.432081401348114 0.3522053062915802 -0.014853253029286861
0.444515585899353 0.31887057423591614 -0.02100910060107708
0.3684402406215668 0.4476362466812134 0.009661802090704441
0.3909272849559784 0.41131263971328735 -0.022032465785741806
0.40190577507019043 0.4610327482223511 -0.029271651059389114
0.4085124731063843 0.5064073801040649 -0.023923180997371674
0.3292616605758667 0.46351078152656555 0.004367218352854252
0.35601240396499634 0.4460235834121704 -0.026006944477558136
0.3715287446975708 0.48972728848457336 -0.029999762773513794
0.3796864151954651 0.5290141701698303 -0.024164173752069473
