Henrik_image_five_87.jpg
0.787363588809967 0.7584707736968994 2.1800892113787995e-07
0.7248786687850952 0.7505459785461426 -0.019780943170189857
0.6728387475013733 0.7098159193992615 -0.030021971091628075
0.6344665884971619 0.6715492606163025 -0.03956364840269089
0.5957823395729065 0.6514414548873901 -0.04889543354511261
0.6988660097122192 0.6070635914802551 -0.010546062141656876
0.6822034120559692 0.5487558245658875 -0.025115512311458588
0.6709155440330505 0.5204082727432251 -0.03833824023604393
0.6592278480529785 0.49890604615211487 -0.04852649196982384
0.7351522445678711 0.589536726474762 -0.013959154486656189
0.7223269939422607 0.521114706993103 -0.026222500950098038
0.7129392027854919 0.4860391318798065 -0.038466986268758774
0.7033532857894897 0.4589519798755646 -0.048489149659872055
0.7718198299407959 0.5909622311592102 -0.021183181554079056
0.7669850587844849 0.5237922072410583 -0.03832653537392616
0.7590261697769165 0.4885094165802002 -0.049614984542131424
0.7477396726608276 0.45921850204467773 -0.0578133761882782
0.8093289732933044 0.6076906323432922 -0.03006500005722046
0.8242362141609192 0.5537419319152832 -0.04677184298634529
0.8286126852035522 0.521174967288971 -0.054628368467092514
0.8273126482963562 0.4911956489086151 -0.06030554696917534
