Henrik_image_two_3.jpg
0.32846853137016296 0.9026032090187073 -1.5052162183337714e-08
0.3833480477333069 0.8454919457435608 -0.021912680938839912
0.4245074391365051 0.7616043090820312 -0.03893076255917549
0.4677020311355591 0.7191787362098694 -0.05732685327529907
0.5112550854682922 0.7110684514045715 -0.0760892704129219
0.3446381092071533 0.6674438714981079 -0.04461205005645752
0.3162999451160431 0.5816200375556946 -0.07548991590738297
0.29541340470314026 0.5274412631988525 -0.09615647792816162
0.2765815556049347 0.4795694351196289 -0.11298985034227371
0.29536792635917664 0.6800668835639954 -0.05142587050795555
0.3033720552921295 0.6878477334976196 -0.09592606872320175
0.33407312631607056 0.7564695477485657 -0.10678020119667053
0.3535071611404419 0.7977867126464844 -0.10860937088727951
0.25720539689064026 0.718323290348053 -0.05981120839715004
0.2786698043346405 0.746824324131012 -0.09956866502761841
0.3100751042366028 0.8048933148384094 -0.09304611384868622
0.32731685042381287 0.837093710899353 -0.08219235390424728
0.22760555148124695 0.7652443051338196 -0.07116157561540604
0.2481118142604828 0.7941784858703613 -0.10053327679634094
0.2814415395259857 0.83253413438797 -0.09885600209236145
0.3029637038707733 0.8515962958335876 -0.09250873327255249
