Henrik_image_five_78.jpg
0.5445085763931274 0.5535136461257935 3.040227625206171e-07
0.4882705807685852 0.5928945541381836 -0.016805794090032578
0.427023321390152 0.598703920841217 -0.02755100466310978
0.38043728470802307 0.5949142575263977 -0.03773973509669304
0.34492987394332886 0.6079191565513611 -0.049103591591119766
0.39717623591423035 0.4817028045654297 -0.0209798701107502
0.34388360381126404 0.442129909992218 -0.037818800657987595
0.3096228837966919 0.4164239764213562 -0.05224625766277313
0.28107500076293945 0.39404237270355225 -0.06364846974611282
0.4168311059474945 0.4406837522983551 -0.027807971462607384
0.3602191209793091 0.38219600915908813 -0.04401400312781334
0.3231942057609558 0.342570424079895 -0.05901746079325676
0.2936502695083618 0.310392290353775 -0.070692278444767
0.444291353225708 0.4143719971179962 -0.037030261009931564
0.39582550525665283 0.3517640233039856 -0.05719129368662834
0.36218559741973877 0.31084492802619934 -0.07316581159830093
0.3330172300338745 0.2776404917240143 -0.08458855748176575
0.4789295792579651 0.3987690806388855 -0.04732939973473549
0.458372563123703 0.335382342338562 -0.06748675554990768
0.4401526153087616 0.29209399223327637 -0.0788494125008583
0.421894371509552 0.2542825937271118 -0.08685876429080963
0.6222085356712341 0.5547266006469727 6.41961264591373e-07
0.5351475477218628 0.5890414714813232 -0.0024588603992015123
0.4632682800292969 0.5827306509017944 0.001133027602918446
0.4083727300167084 0.5778467059135437 0.0015382965793833137
0.36488574743270874 0.5857234001159668 0.0017062918050214648
0.44065821170806885 0.4851909279823303 0.03180572763085365
0.38978397846221924 0.44570669531822205 0.03367365896701813
0.3597976565361023 0.4187137484550476 0.025169191882014275
0.33130279183387756 0.39187145233154297 0.016272103413939476
0.45211201906204224 0.44703876972198486 0.02578185498714447
0.4054017961025238 0.3932081162929535 0.030168995261192322
0.3726423382759094 0.3559311628341675 0.0176064595580101
0.34673359990119934 0.32189130783081055 0.005268782377243042
0.4719938635826111 0.41666844487190247 0.01629866100847721
0.4319276213645935 0.35626518726348877 0.014649830758571625
0.3980550169944763 0.3170439600944519 -0.0011892071925103664
0.3701249659061432 0.28318020701408386 -0.014785991981625557
0.5021321773529053 0.3953076899051666 0.006086613517254591
0.47682347893714905 0.3305807113647461 0.0024300364311784506
0.4558684229850769 0.29000282287597656 -0.005550846457481384
0.4365595877170563 0.25394436717033386 -0.012656484730541706
