Henrik_image_five_71.jpg
0.6085087656974792 0.3578423857688904 3.6855718121842074e-07
0.558694064617157 0.38533347845077515 -0.023370156064629555
0.4988901913166046 0.38783231377601624 -0.03757857531309128
0.4515911936759949 0.38277870416641235 -0.05050135776400566
0.4161888659000397 0.3959966003894806 -0.06432561576366425
0.47434791922569275 0.26114389300346375 -0.0272089671343565
0.4242047965526581 0.2135407030582428 -0.04579876735806465
0.3938225507736206 0.1806720793247223 -0.06093987822532654
0.3697274327278137 0.15065249800682068 -0.0727769210934639
0.4952203631401062 0.22053492069244385 -0.03131357952952385
0.4473886787891388 0.1504926234483719 -0.04790590703487396
0.41745612025260925 0.10342301428318024 -0.06280702352523804
0.39305445551872253 0.06360650062561035 -0.07465414702892303
0.5246975421905518 0.1955801099538803 -0.0384376086294651
0.48722532391548157 0.12488497793674469 -0.05710381641983986
0.4619782865047455 0.07872314751148224 -0.07361450046300888
0.44055700302124023 0.04047045111656189 -0.08594042807817459
0.5612306594848633 0.18215696513652802 -0.047512684017419815
0.5492371916770935 0.11681598424911499 -0.06501086056232452
0.5402329564094543 0.07166263461112976 -0.07588789612054825
0.5302531123161316 0.0320582389831543 -0.08413343876600266
