Henrik_image_four_2.jpg
0.7706316709518433 0.8745313286781311 3.39299816687344e-07
0.7064905166625977 0.8717655539512634 -0.021626699715852737
0.649896502494812 0.8205774426460266 -0.030028210952878
0.605394721031189 0.7783344984054565 -0.037029750645160675
0.5677012801170349 0.7630423307418823 -0.046152178198099136
0.6761011481285095 0.70926833152771 -0.021293770521879196
0.6522578597068787 0.6364028453826904 -0.037626881152391434
0.6370289921760559 0.5903565883636475 -0.05116720870137215
0.6238663792610168 0.5505738854408264 -0.061730049550533295
0.7095469236373901 0.6876722574234009 -0.02600230649113655
0.6912295818328857 0.5922678709030151 -0.036643438041210175
0.679889440536499 0.5333942770957947 -0.04854334890842438
0.6711963415145874 0.48685556650161743 -0.05799073353409767
0.7436689734458923 0.6934701204299927 -0.03383482247591019
0.7479748129844666 0.6166549921035767 -0.0536641888320446
0.7490283846855164 0.5687282681465149 -0.07388904690742493
0.7499717473983765 0.5287982225418091 -0.08887075632810593
0.7749720215797424 0.7206715941429138 -0.04274328798055649
0.7894852161407471 0.7045813798904419 -0.0680764690041542
0.7992678284645081 0.7193241119384766 -0.08038302510976791
0.8079833984375 0.7322032451629639 -0.08850523829460144
