Henrik_image_one_2.jpg
0.7367895841598511 0.6288939714431763 -4.2738875549730437e-07
0.6555455327033997 0.5788499712944031 0.004988879896700382
0.5602781176567078 0.5522861480712891 -0.009265570901334286
0.49831005930900574 0.5113561749458313 -0.024918297305703163
0.46432214975357056 0.45122867822647095 -0.041984640061855316
0.5379066467285156 0.5774818658828735 -0.05257280170917511
0.479612797498703 0.7007177472114563 -0.07195574045181274
0.5123255848884583 0.6944591999053955 -0.0734127089381218
0.5351964235305786 0.6596958637237549 -0.07311015576124191
0.5745348334312439 0.6309975385665894 -0.06814553588628769
0.5177844166755676 0.7577739953994751 -0.08312791585922241
0.5482147932052612 0.7386016249656677 -0.07288476079702377
0.5718031525611877 0.700014591217041 -0.06913990527391434
0.6150228977203369 0.6861255764961243 -0.08100297302007675
0.559823215007782 0.7963725924491882 -0.09307108074426651
0.5876421332359314 0.7737990617752075 -0.07385928928852081
0.60992431640625 0.736799418926239 -0.06396257877349854
0.6561110615730286 0.739250898361206 -0.09268773347139359
0.6095172762870789 0.817268967628479 -0.10198604315519333
0.6314786076545715 0.7933157682418823 -0.08768600970506668
0.6500427722930908 0.760191023349762 -0.07745703309774399
