Henrik_image_three_41.jpg
0.5350297689437866 0.6712470650672913 5.303079433360836e-07
0.546395480632782 0.5857235789299011 -0.0001841474004322663
0.5484301447868347 0.5027945637702942 -0.010243491269648075
0.550666332244873 0.43382275104522705 -0.022094422951340675
0.567115306854248 0.38492780923843384 -0.035029251128435135
0.4738289713859558 0.47709962725639343 -0.029938146471977234
0.42465758323669434 0.3865644335746765 -0.04898641258478165
0.3925189971923828 0.3339730501174927 -0.061707183718681335
0.3680112361907959 0.2920032739639282 -0.0692349225282669
0.44137316942214966 0.5094067454338074 -0.03488634154200554
0.37138253450393677 0.4476815164089203 -0.04997573792934418
0.324261337518692 0.4125731885433197 -0.05816206708550453
0.2902473211288452 0.3893112242221832 -0.06385396420955658
0.41813862323760986 0.5565518140792847 -0.03650389239192009
0.37312281131744385 0.5300152897834778 -0.04200752452015877
0.3946114480495453 0.5436093807220459 -0.0303800106048584
0.4197567105293274 0.5604380965232849 -0.019929470494389534
0.4024757146835327 0.6072918772697449 -0.038772109895944595
0.37615931034088135 0.59005206823349 -0.0374874584376812
0.3965337872505188 0.6007587909698486 -0.023141415789723396
0.4172371029853821 0.6106736660003662 -0.009311030618846416
