Henrik_image_four_89.jpg
0.571663498878479 0.6677806377410889 3.914402384452842e-07
0.5381320714950562 0.5899280309677124 -0.00823130365461111
0.5302559733390808 0.5219045877456665 -0.023434201255440712
0.5090253353118896 0.45652881264686584 -0.036026500165462494
0.4803161025047302 0.41964414715766907 -0.050145842134952545
0.6087665557861328 0.47312918305397034 -0.04409649223089218
0.6435948610305786 0.38389140367507935 -0.05914473533630371
0.6646280884742737 0.33011072874069214 -0.06383204460144043
0.6829743385314941 0.2884942293167114 -0.0655071958899498
0.6491913795471191 0.49857401847839355 -0.04250090941786766
0.6971155405044556 0.4069274663925171 -0.05427846312522888
0.7268869876861572 0.3511732518672943 -0.05397597327828407
0.7473881244659424 0.3112761378288269 -0.05249016731977463
0.6740208268165588 0.5422507524490356 -0.03821568936109543
0.7176234126091003 0.48638829588890076 -0.046172305941581726
0.7471372485160828 0.4492473602294922 -0.05113727226853371
0.7657933831214905 0.42790332436561584 -0.05423793941736221
0.6816680431365967 0.5854457020759583 -0.032692473381757736
0.6800189018249512 0.5615184903144836 -0.03472298011183739
0.6601166725158691 0.556816816329956 -0.031501948833465576
0.6453216671943665 0.5641482472419739 -0.02899675816297531
