Henrik_image_three_32.jpg
0.28919339179992676 0.852727472782135 3.9682137753516145e-07
0.263049840927124 0.7698718309402466 0.021142110228538513
0.2555297017097473 0.7022619247436523 0.015080022625625134
0.24802841246128082 0.6490304470062256 0.0038598855026066303
0.23665452003479004 0.611168384552002 -0.0071019139140844345
0.26737141609191895 0.6391693353652954 -0.023877469822764397
0.2821741998195648 0.5338135361671448 -0.04710124805569649
0.2854560911655426 0.46875062584877014 -0.05902271345257759
0.2892276346683502 0.4209936261177063 -0.06426654756069183
0.29144248366355896 0.6477439403533936 -0.04086243361234665
0.3402891457080841 0.546710193157196 -0.06577211618423462
0.36756011843681335 0.48651301860809326 -0.07558831572532654
0.38626372814178467 0.44120270013809204 -0.07932490110397339
0.3234173059463501 0.6721909046173096 -0.051896560937166214
0.3685222268104553 0.6339067220687866 -0.05608365312218666
0.3551357090473175 0.6578271985054016 -0.039337579160928726
0.33896496891975403 0.6753565669059753 -0.02560332790017128
0.3511606454849243 0.7090060710906982 -0.06220828741788864
0.3834133744239807 0.6792754530906677 -0.051562901586294174
0.36883533000946045 0.7026681900024414 -0.028093818575143814
0.35526707768440247 0.7199215888977051 -0.009123781695961952
