Henrik_image_one_71.jpg
0.36555057764053345 0.9309617280960083 -2.8957882136637636e-07
0.35522931814193726 0.8216062784194946 -0.02078276500105858
0.37147265672683716 0.7043933868408203 -0.03857909515500069
0.37473517656326294 0.6136435270309448 -0.052093762904405594
0.3496257960796356 0.5563967823982239 -0.061382174491882324
0.43621569871902466 0.7170929908752441 -0.0454767569899559
0.5112783908843994 0.6905772089958191 -0.061922311782836914
0.48925644159317017 0.7185364961624146 -0.06716664880514145
0.45797571539878845 0.7329612970352173 -0.07056064158678055
0.46559736132621765 0.780630350112915 -0.046826425939798355
0.5332122445106506 0.7470937371253967 -0.05420689284801483
0.5079057812690735 0.7678130269050598 -0.050156738609075546
0.4782717227935791 0.7834218144416809 -0.05027981474995613
0.4866480231285095 0.848748505115509 -0.048177674412727356
0.5440804958343506 0.8130708932876587 -0.053697094321250916
0.5194100141525269 0.828004777431488 -0.04015852138400078
0.49076637625694275 0.8457657098770142 -0.03367720916867256
0.5000712275505066 0.9151268005371094 -0.05058500915765762
0.5381683111190796 0.8804628849029541 -0.05199877545237541
0.517379879951477 0.8895414471626282 -0.03791596740484238
0.4959253668785095 0.9043979048728943 -0.028839729726314545
