Henrik_image_zero_54.jpg
0.33988896012306213 0.6609643697738647 -1.7510001271148212e-07
0.36952468752861023 0.6659141182899475 -0.012873255647718906
0.40366989374160767 0.6357443928718567 -0.016542816534638405
0.42422473430633545 0.602393388748169 -0.01960771717131138
0.4106496274471283 0.5820121765136719 -0.019773537293076515
0.3966641128063202 0.5820164680480957 -0.007287572603672743
0.39964425563812256 0.552414059638977 -0.022366706281900406
0.39356729388237 0.5860881209373474 -0.026442209258675575
0.3891877830028534 0.6015753746032715 -0.026281587779521942
0.3759174346923828 0.5760451555252075 -0.006439665798097849
0.3766934275627136 0.5586897730827332 -0.023361876606941223
0.37269699573516846 0.6054319143295288 -0.022891052067279816
0.37270015478134155 0.610899031162262 -0.017933586612343788
0.35549214482307434 0.5753806829452515 -0.008445214480161667
0.35492590069770813 0.5679696202278137 -0.026888106018304825
0.3549520671367645 0.609707772731781 -0.020340848714113235
0.35550281405448914 0.6151658296585083 -0.011120107024908066
0.3343059718608856 0.5761104226112366 -0.01146774273365736
0.3368355631828308 0.5742197632789612 -0.02257397398352623
0.33921658992767334 0.6049385070800781 -0.017712870612740517
0.34009450674057007 0.612692654132843 -0.01095668040215969
