Henrik_image_four_4.jpg
0.7654440402984619 0.6887689828872681 5.192624144001456e-07
0.7112184166908264 0.7109906077384949 -0.03240589052438736
0.6578912734985352 0.6766941547393799 -0.047937583178281784
0.6132625341415405 0.6525976061820984 -0.0574067048728466
0.57105952501297 0.6508083939552307 -0.06777403503656387
0.6697491407394409 0.5682629346847534 -0.04266571253538132
0.6455467343330383 0.5013173818588257 -0.06330051273107529
0.6248341202735901 0.45581114292144775 -0.07782028615474701
0.6074774265289307 0.416587233543396 -0.08889197558164597
0.7009713053703308 0.5414082407951355 -0.04221921041607857
0.6784759759902954 0.46100959181785583 -0.06177535653114319
0.6624157428741455 0.40504878759384155 -0.07626058906316757
0.6486955881118774 0.35748153924942017 -0.08612768352031708
0.7367472052574158 0.5366441011428833 -0.044219572097063065
0.7396363615989685 0.4678342342376709 -0.07598447054624557
0.7341035008430481 0.41508418321609497 -0.09748216718435287
0.7277110815048218 0.37297844886779785 -0.11038102209568024
0.7715607285499573 0.5510777831077576 -0.04704708978533745
0.7812973260879517 0.5410617589950562 -0.08286039531230927
0.7915332317352295 0.5709324479103088 -0.09537050127983093
0.7986692190170288 0.5975667238235474 -0.10157056152820587
