Henrik_image_three_7.jpg
0.29782241582870483 0.8601389527320862 5.010053882870125e-07
0.3536728024482727 0.8066908121109009 -0.020756633952260017
0.391851007938385 0.7252329587936401 -0.028686491772532463
0.42712241411209106 0.6704548597335815 -0.0398997999727726
0.4613841474056244 0.6453495025634766 -0.050903115421533585
0.32981032133102417 0.6435246467590332 -0.01896487921476364
0.3321180045604706 0.5510007739067078 -0.04212620109319687
0.33106154203414917 0.49674785137176514 -0.0537637397646904
0.3309164047241211 0.4489988088607788 -0.059524934738874435
0.28791874647140503 0.6507777571678162 -0.02537759207189083
0.27603626251220703 0.560111403465271 -0.058041565120220184
0.26578202843666077 0.4955967962741852 -0.07625728100538254
0.2565905749797821 0.4438188672065735 -0.0828513354063034
0.2529684007167816 0.6794020533561707 -0.03411519527435303
0.2587130069732666 0.6647456884384155 -0.08058415353298187
0.2835560441017151 0.7204251885414124 -0.09025125950574875
0.30092161893844604 0.7664918303489685 -0.08158539980649948
0.22387996315956116 0.7204892635345459 -0.04416718706488609
0.23447400331497192 0.7205756306648254 -0.07944975793361664
0.26197800040245056 0.7580792307853699 -0.08293670415878296
0.2827053666114807 0.7913568615913391 -0.07538799196481705
