Henrik_image_five_15.jpg
0.5186598300933838 0.8018608093261719 5.713122845918406e-07
0.5736507177352905 0.8022298216819763 -0.023931924253702164
0.6237735748291016 0.7855645418167114 -0.039839740842580795
0.6648392081260681 0.7761196494102478 -0.05552041158080101
0.7015756964683533 0.7787591218948364 -0.07188259065151215
0.5958312153816223 0.6455674171447754 -0.0271715447306633
0.6251510977745056 0.5785338282585144 -0.04814472422003746
0.6439940929412842 0.5367835760116577 -0.06365592777729034
0.6615999937057495 0.49943625926971436 -0.07444959878921509
0.5655962228775024 0.6242071986198425 -0.029976051300764084
0.5862872004508972 0.5423762798309326 -0.04777178913354874
0.6020562052726746 0.4900813102722168 -0.06167934462428093
0.6157342791557312 0.44440755248069763 -0.07141216099262238
0.5344983339309692 0.6237990856170654 -0.03562964126467705
0.5378177165985107 0.5441381335258484 -0.05357358604669571
0.5405550003051758 0.4931555390357971 -0.06732219457626343
0.5456147789955139 0.44814133644104004 -0.07600075006484985
0.5039671063423157 0.6408979296684265 -0.04354418069124222
0.4887099862098694 0.5816143751144409 -0.06079082563519478
0.48082953691482544 0.5413498878479004 -0.06962554156780243
0.4779921770095825 0.5022880434989929 -0.07452589273452759
