Henrik_image_one_48.jpg
0.36111271381378174 0.7493606209754944 -1.6747728182053834e-07
0.44464266300201416 0.5893881320953369 0.015978297218680382
0.5157423615455627 0.47040045261383057 0.006671725772321224
0.5527381896972656 0.36303314566612244 -0.007587481290102005
0.533728837966919 0.2714594602584839 -0.01934576965868473
0.6262817978858948 0.5430442094802856 -0.006620843429118395
0.7133915424346924 0.5722533464431763 -0.001392945647239685
0.6793826222419739 0.5905085206031799 0.006283645052462816
0.638437032699585 0.5901328325271606 0.011106333695352077
0.6341043710708618 0.6523758172988892 -0.020438263192772865
0.7166275382041931 0.6725432276725769 -0.0012979686725884676
0.6831391453742981 0.675375759601593 0.012841768562793732
0.6354312896728516 0.6696203947067261 0.015610801056027412
0.6265594363212585 0.7514203190803528 -0.030441176146268845
0.691573441028595 0.7622494697570801 0.0010535053443163633
0.663230836391449 0.7608272433280945 0.021139727905392647
0.6200321912765503 0.7526019215583801 0.022807292640209198
0.6103838086128235 0.8382056951522827 -0.04040839895606041
0.6502355933189392 0.8392228484153748 -0.010216912254691124
0.6267862915992737 0.8297924399375916 0.012002873234450817
0.5966441631317139 0.8220694661140442 0.021776096895337105
