Henrik_image_one_35.jpg
0.2717994451522827 0.6306387186050415 -2.3045147656830522e-07
0.3468807637691498 0.5943484902381897 -0.009461440145969391
0.3822995126247406 0.5364513397216797 -0.023217082023620605
0.3948982059955597 0.4868030548095703 -0.039201635867357254
0.4019175171852112 0.44862228631973267 -0.050354160368442535
0.3450319766998291 0.4109286069869995 -0.02095358446240425
0.40629997849464417 0.4344012141227722 -0.0536125972867012
0.4042203426361084 0.4977058172225952 -0.06770749390125275
0.3900543451309204 0.5219545960426331 -0.07399138808250427
0.3167549967765808 0.4123588800430298 -0.03157953917980194
0.3923013508319855 0.4551165699958801 -0.06589476764202118
0.38412100076675415 0.5246460437774658 -0.06921747326850891
0.36488208174705505 0.54366135597229 -0.06596378982067108
0.2928498387336731 0.434614896774292 -0.045436665415763855
0.3634588420391083 0.4963946044445038 -0.07767270505428314
0.3539096415042877 0.5532784461975098 -0.07261094450950623
0.3356923758983612 0.5599828362464905 -0.06339854001998901
0.2738248109817505 0.4701201319694519 -0.06050608307123184
0.33183133602142334 0.5290873646736145 -0.07958395779132843
0.3283531367778778 0.567907452583313 -0.07701291143894196
0.3140236437320709 0.568507730960846 -0.07191326469182968
0.27303144335746765 0.69585782289505 4.465947256448999e-08
0.33532384037971497 0.6467391848564148 0.006516677793115377
0.37209734320640564 0.5881736874580383 0.007308764848858118
0.3887418210506439 0.5402832627296448 0.003345899749547243
0.4029272198677063 0.4954838752746582 0.0014952969504520297
0.3507835865020752 0.5147667527198792 0.0192630086094141
0.38943710923194885 0.5182805061340332 0.005438029766082764
0.3855915665626526 0.5390698313713074 -0.0035289989318698645
0.37318140268325806 0.5291556119918823 -0.009113213047385216
0.32687562704086304 0.5025591254234314 0.009184069000184536
0.3771497309207916 0.5231143236160278 -0.0045447940938174725
0.3694462776184082 0.5493296980857849 -0.008452816866338253
0.3541896343231201 0.5387190580368042 -0.00909654051065445
0.30459678173065186 0.5042480230331421 -0.003294049995020032
0.35717153549194336 0.5398046374320984 -0.01684797741472721
0.34519317746162415 0.5667130351066589 -0.011627215892076492
0.32518815994262695 0.5569031834602356 -0.006384329404681921
0.28365349769592285 0.5160277485847473 -0.01623421162366867
0.327767938375473 0.5517947673797607 -0.026036933064460754
0.3225861191749573 0.5734871625900269 -0.02378837764263153
0.30669310688972473 0.5657835006713867 -0.019685527309775352
