Henrik_image_five_33.jpg
0.4843534827232361 0.6877257227897644 2.757822983312508e-07
0.4498444199562073 0.6301006078720093 -0.015719806775450706
0.43273162841796875 0.5687794089317322 -0.03137674555182457
0.41810116171836853 0.5147711634635925 -0.045403722673654556
0.3927978277206421 0.4842073917388916 -0.060853417962789536
0.5074971318244934 0.5216374397277832 -0.036949627101421356
0.5290317535400391 0.43955197930336 -0.05182582512497902
0.5437639355659485 0.39230647683143616 -0.06080347299575806
0.5573015213012695 0.35653483867645264 -0.06722501665353775
0.5439366102218628 0.5377123951911926 -0.03968174755573273
0.5824141502380371 0.45682814717292786 -0.05191048979759216
0.6061037182807922 0.40944206714630127 -0.06025687977671623
0.6260143518447876 0.37695956230163574 -0.06744137406349182
0.57095867395401 0.5661334991455078 -0.04247678816318512
0.6168162822723389 0.5036737322807312 -0.05576571822166443
0.6469243764877319 0.4645203948020935 -0.06664437800645828
0.6692405939102173 0.437015175819397 -0.07501737028360367
0.589698076248169 0.6015859842300415 -0.045718200504779816
0.6350083351135254 0.5731973648071289 -0.05749202147126198
0.6634655594825745 0.5548027753829956 -0.0632292851805687
0.6859796047210693 0.5383845567703247 -0.06740673631429672
