Henrik_image_four_63.jpg
0.4785623550415039 0.6886515617370605 6.323551247078285e-07
0.4670799970626831 0.6059894561767578 0.007216452620923519
0.4629840552806854 0.530892014503479 -0.0015204647788777947
0.4621365964412689 0.4735791087150574 -0.009657210670411587
0.4406719207763672 0.43357962369918823 -0.018371431156992912
0.49513769149780273 0.4887797236442566 -0.05077280476689339
0.549797534942627 0.3915327191352844 -0.0733533501625061
0.5807062983512878 0.33514535427093506 -0.08072206377983093
0.6033666133880615 0.2896488308906555 -0.08371534198522568
0.5213496685028076 0.5215798020362854 -0.06467557698488235
0.600292980670929 0.4255932569503784 -0.09609799832105637
0.6486603021621704 0.37029165029525757 -0.10707303136587143
0.684314489364624 0.3297851085662842 -0.11169885098934174
0.548183262348175 0.565828800201416 -0.07337002456188202
0.6410501003265381 0.523905336856842 -0.09955907613039017
0.6831674575805664 0.5032738447189331 -0.10421294718980789
0.7107626795768738 0.4860709011554718 -0.10347158461809158
0.5711261034011841 0.6118001341819763 -0.07907801866531372
0.6271024346351624 0.5896531939506531 -0.08854173868894577
0.6253626346588135 0.5919671654701233 -0.08119229227304459
0.6192312836647034 0.5925254225730896 -0.07484736293554306
