Henrik_image_spock_45.jpg
0.41667577624320984 0.6196349859237671 2.0424825208920083e-07
0.40062445402145386 0.5651590824127197 -0.0014523965073749423
0.39266544580459595 0.5139358639717102 -0.01148277334868908
0.37827131152153015 0.47296789288520813 -0.021847160533070564
0.35621392726898193 0.4491846561431885 -0.03386565297842026
0.43951842188835144 0.47469010949134827 -0.0263114832341671
0.4612915813922882 0.4039560556411743 -0.038594942539930344
0.475116103887558 0.3639005422592163 -0.04407284036278725
0.48515182733535767 0.3311084806919098 -0.047887448221445084
0.4638153314590454 0.4879990220069885 -0.03476140275597572
0.4867526888847351 0.4122309684753418 -0.050064731389284134
0.5013090968132019 0.36466851830482483 -0.05800928175449371
0.5124059915542603 0.3244352340698242 -0.06315308809280396
0.4833419620990753 0.5149527788162231 -0.04167962819337845
0.5189284682273865 0.4546707570552826 -0.05651929974555969
0.5444189310073853 0.4161387085914612 -0.06429630517959595
0.5618536472320557 0.3846195340156555 -0.06865769624710083
0.49909859895706177 0.5498722791671753 -0.04737812653183937
0.5274173021316528 0.5017105340957642 -0.058518193662166595
0.5435845851898193 0.47122249007225037 -0.06068052351474762
0.5553563833236694 0.44320568442344666 -0.061299897730350494
