Henrik_image_three_35.jpg
0.26845359802246094 0.9034266471862793 7.85054851348832e-07
0.2391965687274933 0.8205279111862183 0.0011849922593683004
0.21769621968269348 0.7216742038726807 -0.016619281843304634
0.1894863247871399 0.65154629945755 -0.03471451252698898
0.14996136724948883 0.6207889914512634 -0.05410570278763771
0.2465677112340927 0.6982649564743042 -0.06507748365402222
0.271013468503952 0.5769013166427612 -0.0947013571858406
0.27943214774131775 0.49972236156463623 -0.11005660891532898
0.28597113490104675 0.4396442770957947 -0.11963129788637161
0.2787155210971832 0.7230103015899658 -0.07737402617931366
0.34805455803871155 0.6032037138938904 -0.10281693935394287
0.3912813663482666 0.5377662181854248 -0.10816086828708649
0.4227111339569092 0.4900861978530884 -0.112131766974926
0.31580984592437744 0.7593653202056885 -0.08398877084255219
0.3798249363899231 0.6848604679107666 -0.09692716598510742
0.36349910497665405 0.7139427065849304 -0.07573822885751724
0.3403169512748718 0.7472348809242249 -0.05963866412639618
0.3499700129032135 0.7991081476211548 -0.09056494385004044
0.3940838873386383 0.7410107851028442 -0.09299368411302567
0.37880992889404297 0.7633630633354187 -0.0704360231757164
0.3588988482952118 0.7892120480537415 -0.05265997722744942
