Henrik_image_five_89.jpg
0.7047249674797058 0.7796250581741333 1.5832146971206384e-07
0.6447510719299316 0.7652496099472046 -0.013892102986574173
0.5953542590141296 0.7164230346679688 -0.02167603373527527
0.5599795579910278 0.679747462272644 -0.029646065086126328
0.5239757895469666 0.6627306342124939 -0.03734612092375755
0.6212435364723206 0.6229794025421143 -0.004947235807776451
0.5990646481513977 0.565718948841095 -0.019262026995420456
0.5814864635467529 0.5421450734138489 -0.033171646296978
0.5619505047798157 0.5262335538864136 -0.043451063334941864
0.6517564654350281 0.6072626709938049 -0.009843961335718632
0.6307941675186157 0.543785572052002 -0.022256802767515182
0.6123639345169067 0.514365553855896 -0.035017650574445724
0.5912732481956482 0.49409717321395874 -0.04445568844676018
0.6849882006645203 0.6080606579780579 -0.0180341936647892
0.672145664691925 0.5456523895263672 -0.032468151301145554
0.6552054286003113 0.5144646763801575 -0.043019942939281464
0.6324778199195862 0.4905572235584259 -0.0503779835999012
0.7204786539077759 0.6217368841171265 -0.027544254437088966
0.7258384227752686 0.5676599144935608 -0.040705885738134384
0.7195797562599182 0.536238431930542 -0.04769395664334297
0.7053863406181335 0.5104708671569824 -0.05259975418448448
