Henrik_image_one_23.jpg
0.23507966101169586 0.7618001699447632 -1.5254019558597065e-07
0.2688106298446655 0.6600401997566223 -0.012085001915693283
0.3138549029827118 0.5506918430328369 -0.03215475007891655
0.32094982266426086 0.46490031480789185 -0.05006016045808792
0.28828665614128113 0.41264215111732483 -0.06374449282884598
0.32279956340789795 0.5877469778060913 -0.06425903737545013
0.4332338869571686 0.5894750952720642 -0.08950674533843994
0.4079858064651489 0.6053208112716675 -0.09448935836553574
0.3701891601085663 0.6064650416374207 -0.09450047463178635
0.3276916742324829 0.6623076796531677 -0.07092523574829102
0.4421583116054535 0.6585754156112671 -0.08613062649965286
0.41308557987213135 0.6597053408622742 -0.07512859255075455
0.37224432826042175 0.661090075969696 -0.06956283003091812
0.33299535512924194 0.7308773398399353 -0.076195627450943
0.43468278646469116 0.7190069556236267 -0.08240329474210739
0.4063093066215515 0.7172514200210571 -0.060299478471279144
0.3685964047908783 0.7204152345657349 -0.04834979027509689
0.33746087551116943 0.7901827692985535 -0.08229800313711166
0.4161572754383087 0.7745380997657776 -0.07756045460700989
0.3908783793449402 0.7704052925109863 -0.056711576879024506
0.3548523187637329 0.7724951505661011 -0.04506339132785797
