Henrik_image_spock_6.jpg
0.5471792221069336 0.6824482679367065 1.514891145859565e-08
0.5146353840827942 0.6727899312973022 -0.02673358842730522
0.4939486086368561 0.6321123242378235 -0.038931138813495636
0.4789097309112549 0.5818262100219727 -0.04873687028884888
0.4506555497646332 0.555038332939148 -0.05878734216094017
0.49744486808776855 0.5390883684158325 -0.022447507828474045
0.4774652123451233 0.4784010052680969 -0.035547878593206406
0.4642019271850586 0.4419160485267639 -0.04763422906398773
0.45248985290527344 0.40546104311943054 -0.058177538216114044
0.5259660482406616 0.5178377032279968 -0.019349949434399605
0.50484299659729 0.44977784156799316 -0.03521856293082237
0.48932626843452454 0.4060417711734772 -0.048662006855010986
0.4753166437149048 0.365544855594635 -0.05899042263627052
0.5525438189506531 0.5159557461738586 -0.019026562571525574
0.551048994064331 0.4460148215293884 -0.03735001012682915
0.5485167503356934 0.3989452123641968 -0.05068819597363472
0.5450726747512817 0.3584550619125366 -0.05937650054693222
0.5767561197280884 0.5244614481925964 -0.020482586696743965
0.5821901559829712 0.46598178148269653 -0.035447146743535995
0.5842939019203186 0.4275616407394409 -0.04317302629351616
0.5857560634613037 0.39175599813461304 -0.04873305931687355
