Henrik_image_four_50.jpg
0.5311753153800964 0.6485288739204407 4.630938121863437e-07
0.49592670798301697 0.5807551145553589 -0.004476288799196482
0.4821517765522003 0.5107024908065796 -0.016935398802161217
0.46582403779029846 0.44661542773246765 -0.02825918234884739
0.4405314326286316 0.40902218222618103 -0.041417717933654785
0.5476425886154175 0.4478522539138794 -0.0370025672018528
0.5787357091903687 0.3503763675689697 -0.054216671735048294
0.5964739322662354 0.29048454761505127 -0.0634584054350853
0.6104341745376587 0.24535658955574036 -0.06824958324432373
0.5897974371910095 0.46694788336753845 -0.04104435443878174
0.640188992023468 0.3697030544281006 -0.04968802630901337
0.6678645610809326 0.3105759620666504 -0.050949327647686005
0.6848818063735962 0.2693662643432617 -0.051861099898815155
0.6223421692848206 0.5019347667694092 -0.04306713491678238
0.6660382747650146 0.43464890122413635 -0.046906083822250366
0.6865460276603699 0.39543652534484863 -0.04850342869758606
0.6966774463653564 0.3723711371421814 -0.05115455761551857
0.6434276103973389 0.5436276197433472 -0.04478875547647476
0.6555646061897278 0.517480194568634 -0.04568810388445854
0.6405209898948669 0.5211713910102844 -0.03950910270214081
0.6267459392547607 0.5347251892089844 -0.03475542366504669
