Henrik_image_one_78.jpg
0.3946850001811981 0.7499957084655762 -3.010297291439201e-07
0.4169442057609558 0.6457727551460266 -0.006453839596360922
0.4525512754917145 0.5478503704071045 -0.021400999277830124
0.46681323647499084 0.4664101004600525 -0.03564395755529404
0.44599267840385437 0.4071977734565735 -0.04775769263505936
0.5023785829544067 0.5779401063919067 -0.03579551726579666
0.5746231079101562 0.5909128785133362 -0.04817203804850578
0.5610805153846741 0.6163343191146851 -0.05162110552191734
0.5361657738685608 0.6234080195426941 -0.053078051656484604
0.516106128692627 0.6447252035140991 -0.04186931997537613
0.5816196799278259 0.6535174250602722 -0.041587263345718384
0.5635992288589478 0.6670088768005371 -0.03407542034983635
0.5347000956535339 0.6693571209907532 -0.03363965451717377
0.5221690535545349 0.7117526531219482 -0.04680206626653671
0.5760095119476318 0.7122006416320801 -0.041958775371313095
0.5583946704864502 0.7227535843849182 -0.027184857055544853
0.5295311808586121 0.7270863056182861 -0.02300417795777321
0.5221909880638123 0.7737546563148499 -0.05235646665096283
0.5613880753517151 0.7659198641777039 -0.044296152889728546
0.5424247980117798 0.7718238830566406 -0.02792324125766754
0.518898606300354 0.775259256362915 -0.019497927278280258
