Henrik_image_two_4.jpg
0.32797595858573914 0.9006832838058472 -4.639598483180407e-09
0.3837062120437622 0.8438374996185303 -0.021778319031000137
0.42513570189476013 0.760405421257019 -0.03978036716580391
0.46973916888237 0.7194275856018066 -0.05902464687824249
0.5152741074562073 0.7114862203598022 -0.07863914221525192
0.34704118967056274 0.6658427715301514 -0.04749194532632828
0.3187088370323181 0.5802174806594849 -0.07796347141265869
0.3002208173274994 0.5252183675765991 -0.0988667756319046
0.2834024727344513 0.4777960181236267 -0.1159750372171402
0.2980901002883911 0.6781914830207825 -0.054690562188625336
0.3078850209712982 0.6912078857421875 -0.09885939955711365
0.3381771147251129 0.7573390603065491 -0.11008843034505844
0.3564680218696594 0.8002063035964966 -0.11263372004032135
0.26037806272506714 0.7172580361366272 -0.06320421397686005
0.2827497720718384 0.7498014569282532 -0.10160317271947861
0.3133021593093872 0.8038161396980286 -0.0956600159406662
0.3302247226238251 0.8354032039642334 -0.08576315641403198
0.23210985958576202 0.7648680806159973 -0.07468052953481674
0.2527453899383545 0.7926585078239441 -0.10201780498027802
0.28491756319999695 0.8277254104614258 -0.09980517625808716
0.3065257668495178 0.845951497554779 -0.0936468243598938
