Henrik_image_three_20.jpg
0.3326928913593292 0.6812668442726135 6.269519872148521e-07
0.38837721943855286 0.6409499049186707 -0.05204855278134346
0.4163084030151367 0.5802174806594849 -0.07755541801452637
0.4481423497200012 0.5344419479370117 -0.09837229549884796
0.4916929006576538 0.5036002993583679 -0.1204717680811882
0.31204214692115784 0.4894261956214905 -0.059915199875831604
0.2898479104042053 0.3911733031272888 -0.08961188793182373
0.2772254943847656 0.32756203413009644 -0.10844442993402481
0.2627280652523041 0.2732187509536743 -0.12142369896173477
0.27067017555236816 0.5164222121238708 -0.05235762149095535
0.21295927464962006 0.46388766169548035 -0.08474620431661606
0.17331735789775848 0.4289206862449646 -0.10300622135400772
0.1374920755624771 0.3989656865596771 -0.11232175678014755
0.2465033382177353 0.5590638518333435 -0.049058567732572556
0.22490352392196655 0.572959303855896 -0.09536706656217575
0.25987446308135986 0.6181864142417908 -0.10969599336385727
0.2908843755722046 0.6457663178443909 -0.10765635967254639
0.23783224821090698 0.6052627563476562 -0.049371570348739624
0.23218563199043274 0.6253640651702881 -0.08801499754190445
0.266372412443161 0.6577478647232056 -0.0959182009100914
0.29865318536758423 0.6804063320159912 -0.09331975877285004
