Henrik_image_zero_59.jpg
0.3486001491546631 0.6678996086120605 4.1513266069159727e-07
0.4310084879398346 0.640475869178772 -0.032555971294641495
0.5094493627548218 0.5738300681114197 -0.04098779708147049
0.5606689453125 0.5023794174194336 -0.04618428274989128
0.5561650395393372 0.4343452453613281 -0.04820537567138672
0.5011759996414185 0.511993408203125 0.011833101511001587
0.5290011763572693 0.4734477996826172 -0.000735604262445122
0.5322883129119873 0.46637293696403503 -0.013478481210768223
0.540558934211731 0.437139630317688 -0.021815255284309387
0.46101438999176025 0.4852104187011719 0.023303158581256866
0.4793904423713684 0.44954609870910645 0.015785107389092445
0.47909989953041077 0.4591073989868164 0.0078496765345335
0.489714115858078 0.426469624042511 0.003787663299590349
0.41951391100883484 0.47178828716278076 0.028912218287587166
0.4312604069709778 0.43910980224609375 0.02097363956272602
0.431515097618103 0.452828049659729 0.03216314688324928
0.4381727874279022 0.4320361912250519 0.040967125445604324
0.3773456811904907 0.46627384424209595 0.030577300116419792
0.38363713026046753 0.4363989233970642 0.029430128633975983
0.3836155831813812 0.4514888823032379 0.043791573494672775
0.384488582611084 0.44653213024139404 0.0563640259206295
