Henrik_image_three_60.jpg
0.5346034169197083 0.8861290812492371 4.6961886823737586e-07
0.5460381507873535 0.8087270855903625 0.007052652072161436
0.5506242513656616 0.733924925327301 0.003874849295243621
0.5583213567733765 0.6747534275054932 -0.0012161203194409609
0.5776208639144897 0.6397155523300171 -0.0074169631116092205
0.49477970600128174 0.7121132016181946 -0.01978416182100773
0.47000059485435486 0.6288045644760132 -0.03394552692770958
0.4507610499858856 0.5788224935531616 -0.04329606145620346
0.43586963415145874 0.5416814088821411 -0.04823523387312889
0.4643842279911041 0.7394091486930847 -0.025409866124391556
0.4087505638599396 0.6768053770065308 -0.03628046065568924
0.3686947822570801 0.64139324426651 -0.0424676388502121
0.33862924575805664 0.6184196472167969 -0.04657077044248581
0.4416569471359253 0.7764100432395935 -0.027355659753084183
0.40603160858154297 0.747672975063324 -0.02986173890531063
0.4227321743965149 0.7633450031280518 -0.02063789963722229
0.4421025812625885 0.7800647616386414 -0.012019563466310501
0.42554691433906555 0.8164571523666382 -0.028958138078451157
0.40590935945510864 0.7976136803627014 -0.025825032964348793
0.421492338180542 0.8105954527854919 -0.013502776622772217
0.43798795342445374 0.8205136656761169 -0.0015769575256854296
