Henrik_image_spock_33.jpg
0.6630985140800476 0.7178959846496582 3.915949378097139e-07
0.6804839372634888 0.6567776203155518 0.0010706529719755054
0.6866289973258972 0.6044532060623169 -0.007383017800748348
0.6970581412315369 0.5621902346611023 -0.0172133669257164
0.714829683303833 0.5362933278083801 -0.028930027037858963
0.6336033344268799 0.5680216550827026 -0.02052425779402256
0.610317587852478 0.4979603886604309 -0.033730361610651016
0.5958154797554016 0.45737123489379883 -0.04117844998836517
0.5840014815330505 0.4225325286388397 -0.04643101617693901
0.6093271970748901 0.5800113081932068 -0.029209177941083908
0.5853081345558167 0.5018870830535889 -0.04340080916881561
0.5732561349868774 0.4547373652458191 -0.051297277212142944
0.5649747848510742 0.4173114001750946 -0.05669961869716644
0.5884236097335815 0.6049879789352417 -0.03640492632985115
0.5541284680366516 0.5421925783157349 -0.04771660640835762
0.5326711535453796 0.5013825297355652 -0.0547359436750412
0.517612874507904 0.468535840511322 -0.05963548645377159
0.5728932619094849 0.6384813189506531 -0.04278285801410675
0.5435736775398254 0.5891891717910767 -0.05199185758829117
0.528189480304718 0.5554707646369934 -0.0553441122174263
0.5150999426841736 0.5238645076751709 -0.057367440313100815
