Henrik_image_five_12.jpg
0.39430633187294006 0.8247106075286865 5.241901703811891e-07
0.4474635422229767 0.8375961184501648 -0.028777120634913445
0.49552401900291443 0.8263643383979797 -0.048263613134622574
0.5325188040733337 0.817526638507843 -0.06618756800889969
0.5671809315681458 0.8290826678276062 -0.0845327153801918
0.4837051331996918 0.6813827753067017 -0.03081926330924034
0.5050655007362366 0.6139517426490784 -0.05044621601700783
0.5151964426040649 0.5708635449409485 -0.06601510941982269
0.5238238573074341 0.5328665971755981 -0.07737220078706741
0.4527113139629364 0.6602765917778015 -0.0306583009660244
0.4733279347419739 0.5793173909187317 -0.048284225165843964
0.4868326187133789 0.5296630263328552 -0.06232406571507454
0.4979168474674225 0.48899245262145996 -0.07207084447145462
0.420509934425354 0.6561715006828308 -0.033378198742866516
0.4336196780204773 0.575689435005188 -0.05015210062265396
0.44198575615882874 0.5277671217918396 -0.06264066696166992
0.4502122700214386 0.48780882358551025 -0.07011767476797104
0.3890637457370758 0.6657313108444214 -0.03870326653122902
0.3968788981437683 0.602998673915863 -0.05206100270152092
0.40454381704330444 0.5652163028717041 -0.05899213254451752
0.4150224030017853 0.5303513407707214 -0.06306047737598419
