Henrik_image_four_24.jpg
0.718407928943634 0.8419545292854309 2.7088765364169376e-07
0.7508075833320618 0.7692477703094482 0.004415546543896198
0.7618641257286072 0.6938803195953369 0.0007986862328834832
0.7628218531608582 0.6255336403846741 -0.002901724772527814
0.776242196559906 0.5799826383590698 -0.008652624674141407
0.7325202822685242 0.659035861492157 -0.022858262062072754
0.7002034783363342 0.5691361427307129 -0.03405674174427986
0.6831958293914795 0.5180791616439819 -0.03786510229110718
0.6700038909912109 0.47647541761398315 -0.03972058743238449
0.7004303336143494 0.6731665730476379 -0.030650431290268898
0.6550453901290894 0.5778685808181763 -0.04581894725561142
0.6272826790809631 0.525199830532074 -0.05182342603802681
0.60825514793396 0.485919713973999 -0.054507844150066376
0.6691555976867676 0.6965004205703735 -0.035515788942575455
0.619615912437439 0.6261807680130005 -0.04867934063076973
0.5924636125564575 0.5860713720321655 -0.051778215914964676
0.5748551487922668 0.5560280084609985 -0.052469946444034576
0.6399070620536804 0.7274035811424255 -0.038695063441991806
0.6109538078308105 0.6810524463653564 -0.04530535265803337
0.6096880435943604 0.6771280169487 -0.04089267551898956
0.6132127046585083 0.6764114499092102 -0.035958077758550644
