Henrik_image_one_45.jpg
0.18326039612293243 0.8426740765571594 -1.6620336396044877e-07
0.24441644549369812 0.7086771130561829 -0.033178240060806274
0.3328833281993866 0.5959682464599609 -0.059905342757701874
0.37031635642051697 0.4912017583847046 -0.07984784245491028
0.3503236174583435 0.3984057605266571 -0.09468749910593033
0.3638726770877838 0.7357383370399475 -0.07362061738967896
0.48107680678367615 0.7732510566711426 -0.08914002776145935
0.44660794734954834 0.7457703351974487 -0.08687017112970352
0.3988281190395355 0.724740207195282 -0.08211235702037811
0.3511585593223572 0.8423607349395752 -0.06732011586427689
0.46766719222068787 0.8650723695755005 -0.07886144518852234
0.43981707096099854 0.827174961566925 -0.07242900878190994
0.39241868257522583 0.8090329170227051 -0.06667623668909073
0.3328273892402649 0.9202961325645447 -0.05944288894534111
0.43359947204589844 0.9297228455543518 -0.0613117516040802
0.4136790633201599 0.8991472125053406 -0.04696595296263695
0.3743618130683899 0.8898429274559021 -0.038364943116903305
0.3149574398994446 0.9710603356361389 -0.05304978787899017
0.39285823702812195 0.9750126600265503 -0.04693150520324707
0.37655916810035706 0.9529034495353699 -0.027699941769242287
0.3434299826622009 0.9519637823104858 -0.015116523019969463
