Henrik_image_zero_56.jpg
0.3929234743118286 0.881247878074646 -6.04874514920084e-08
0.4316973090171814 0.8837946057319641 -0.024998582899570465
0.47405576705932617 0.8459829092025757 -0.03770391643047333
0.4996434450149536 0.8119391202926636 -0.04882827773690224
0.4986872971057892 0.7790547013282776 -0.055598434060811996
0.47641807794570923 0.7452602982521057 -0.015393724665045738
0.4853828549385071 0.7401649355888367 -0.04546746611595154
0.4796505868434906 0.7819422483444214 -0.05793571472167969
0.4679003059864044 0.8034916520118713 -0.06064397841691971
0.44544556736946106 0.7260542511940002 -0.014233584515750408
0.45128920674324036 0.7516384124755859 -0.04372560977935791
0.44068220257759094 0.816944420337677 -0.04660066217184067
0.4361487329006195 0.8225785493850708 -0.041121069341897964
0.411578506231308 0.7273545265197754 -0.018695754930377007
0.41567087173461914 0.7703981399536133 -0.05001206696033478
0.41253092885017395 0.8253170847892761 -0.044560015201568604
0.4111083745956421 0.827056348323822 -0.0330522395670414
0.37821561098098755 0.7415322065353394 -0.025367140769958496
0.38405656814575195 0.7794119119644165 -0.04491464048624039
0.38781991600990295 0.8195164799690247 -0.04112057015299797
0.3902265429496765 0.8213827013969421 -0.03272600471973419
