Henrik_image_four_87.jpg
0.5184961557388306 0.6181848049163818 4.437847280769347e-07
0.48292508721351624 0.552855372428894 -0.010068469680845737
0.4641709327697754 0.49090829491615295 -0.02777319960296154
0.43511441349983215 0.43455734848976135 -0.04270227625966072
0.40441685914993286 0.40352579951286316 -0.05901050940155983
0.5286667943000793 0.4334203004837036 -0.04978630691766739
0.556742787361145 0.33983367681503296 -0.06661317497491837
0.5723678469657898 0.2826150059700012 -0.07351803779602051
0.5851457715034485 0.23671837151050568 -0.0766957625746727
0.5704622864723206 0.44902271032333374 -0.049692265689373016
0.6067708730697632 0.3507978320121765 -0.06561703234910965
0.6294728517532349 0.28749918937683105 -0.06977172195911407
0.6454765796661377 0.23876848816871643 -0.07155982404947281
0.6001851558685303 0.4841536283493042 -0.046315841376781464
0.6415297389030457 0.422397255897522 -0.055973466485738754
0.6684665083885193 0.38048404455184937 -0.059241343289613724
0.6854805946350098 0.3546302318572998 -0.061089564114809036
0.6164783835411072 0.5235485434532166 -0.04199577122926712
0.6269902586936951 0.49116450548171997 -0.04326435178518295
0.6158690452575684 0.4840158522129059 -0.036563940346241
0.6064025163650513 0.4876980483531952 -0.031428270041942596
