Henrik_image_two_29.jpg
0.24459975957870483 0.7590110898017883 -8.757567115935672e-08
0.348118394613266 0.807765543460846 -0.07302391529083252
0.4538244605064392 0.8046731948852539 -0.11979079246520996
0.5465635061264038 0.8278879523277283 -0.15715664625167847
0.6240613460540771 0.8714797496795654 -0.19153659045696259
0.4367792010307312 0.5683377385139465 -0.1243404671549797
0.4531751275062561 0.39432498812675476 -0.18550167977809906
0.44725748896598816 0.2799699902534485 -0.21879862248897552
0.4384557008743286 0.17998647689819336 -0.24019762873649597
0.3812382221221924 0.49293699860572815 -0.10688553005456924
0.29445284605026245 0.5438817143440247 -0.16320669651031494
0.2999233901500702 0.6680695414543152 -0.15758313238620758
0.3330223858356476 0.7345656752586365 -0.14717473089694977
0.3131871223449707 0.47716429829597473 -0.09493592381477356
0.24558663368225098 0.5786734819412231 -0.14015530049800873
0.2624669075012207 0.6767616271972656 -0.11641360819339752
0.29729241132736206 0.7202692031860352 -0.09379416704177856
0.256233274936676 0.48290619254112244 -0.09217333048582077
0.2130604237318039 0.5665166974067688 -0.12414789199829102
0.22446632385253906 0.6558856964111328 -0.11230084300041199
0.2545034885406494 0.7052984237670898 -0.09567765146493912
