Henrik_image_zero_98.jpg
0.30832791328430176 0.4715311527252197 -2.4881802573872847e-07
0.35691550374031067 0.47840365767478943 -0.03028826043009758
0.4135022461414337 0.4463510513305664 -0.04416116699576378
0.4309009909629822 0.3878011405467987 -0.05540991201996803
0.4118759036064148 0.3513087332248688 -0.06011621654033661
0.4027053415775299 0.3476085066795349 -0.01902730017900467
0.4054965674877167 0.2916373312473297 -0.05241713672876358
0.38671010732650757 0.34427985548973083 -0.06375908851623535
0.3823237717151642 0.3753451406955719 -0.064615897834301
0.3650321364402771 0.33549970388412476 -0.013869336806237698
0.3636525869369507 0.28839802742004395 -0.04766770079731941
0.3514227271080017 0.3603997826576233 -0.04613691568374634
0.36046698689460754 0.3745386302471161 -0.03567361831665039
0.33175578713417053 0.3309393525123596 -0.014923984184861183
0.32795774936676025 0.29361292719841003 -0.04776905104517937
0.3218229115009308 0.358102023601532 -0.03127346187829971
0.331179141998291 0.3730940818786621 -0.010905460454523563
0.2982579171657562 0.3294835090637207 -0.018927322700619698
0.29671090841293335 0.3033842146396637 -0.035585615783929825
0.29647985100746155 0.34969043731689453 -0.023231709375977516
0.3025522828102112 0.3665439486503601 -0.008353867568075657
