Henrik_image_three_57.jpg
0.5348625183105469 0.8185349702835083 5.61492186079704e-07
0.5607538223266602 0.7504363059997559 -0.010337472893297672
0.5737268924713135 0.675105631351471 -0.0222930908203125
0.5881925821304321 0.6132504940032959 -0.03390317037701607
0.6168482899665833 0.5773107409477234 -0.04546307027339935
0.5067312717437744 0.642547607421875 -0.030613180249929428
0.48577091097831726 0.5513684749603271 -0.04441358521580696
0.4724060595035553 0.4985664486885071 -0.05218854174017906
0.4623925983905792 0.45733267068862915 -0.05603666603565216
0.47061672806739807 0.6634535789489746 -0.03001941367983818
0.42528796195983887 0.5933474898338318 -0.04156876355409622
0.389609158039093 0.5497437715530396 -0.047136783599853516
0.36150693893432617 0.5222024917602539 -0.050358716398477554
0.443858802318573 0.6962798237800598 -0.027568235993385315
0.42110469937324524 0.6551118493080139 -0.033743880689144135
0.4395357668399811 0.6670550107955933 -0.027352740988135338
0.4563504755496979 0.6874478459358215 -0.019643772393465042
0.4257201552391052 0.7319192886352539 -0.02624841406941414
0.4182317554950714 0.7042508721351624 -0.025003479793667793
0.4327898621559143 0.7137904763221741 -0.0147375063970685
0.4456798732280731 0.7278682589530945 -0.004249545279890299
