Henrik_image_one_87.jpg
0.590823769569397 0.70269376039505 -4.0895605479818187e-07
0.5929844379425049 0.5931867361068726 -0.004399200901389122
0.6146122217178345 0.5016331672668457 -0.017371488735079765
0.633562445640564 0.42433223128318787 -0.030945943668484688
0.6192077398300171 0.3674042224884033 -0.04256855323910713
0.7147831320762634 0.5208386778831482 -0.019470345228910446
0.7583599090576172 0.5227236747741699 -0.02466765232384205
0.7430415749549866 0.5466933846473694 -0.026837684214115143
0.7194522023200989 0.5578306913375854 -0.028825104236602783
0.7374066710472107 0.5847401022911072 -0.025328857824206352
0.7717023491859436 0.5898157358169556 -0.018932385370135307
0.7512786984443665 0.6064468622207642 -0.013324862346053123
0.7244862914085388 0.6157774329185486 -0.014615093357861042
0.7462655901908875 0.6507572531700134 -0.030285166576504707
0.7745251655578613 0.6536085605621338 -0.02189716510474682
0.7554113268852234 0.663689374923706 -0.010917337611317635
0.7280519604682922 0.6710395216941833 -0.009722461923956871
0.7466195821762085 0.7141596078872681 -0.03610194846987724
0.7639725208282471 0.715634822845459 -0.027956105768680573
0.7434249520301819 0.7182514071464539 -0.015170823782682419
0.7208800911903381 0.7183910012245178 -0.008375649340450764
