Henrik_image_three_29.jpg
0.36924031376838684 0.7242478728294373 5.706996830667777e-07
0.3641611933708191 0.6376294493675232 0.0033690384589135647
0.3713161051273346 0.5494053363800049 -0.008389263413846493
0.36471784114837646 0.47859108448028564 -0.02104755863547325
0.33937281370162964 0.441963791847229 -0.03492117300629616
0.419746071100235 0.5444291234016418 -0.04679007828235626
0.47444283962249756 0.4574089050292969 -0.06805587559938431
0.50255286693573 0.40215593576431274 -0.07884678244590759
0.5260446071624756 0.36182716488838196 -0.0858863890171051
0.4472399652004242 0.579300582408905 -0.056320153176784515
0.5278397798538208 0.5219075679779053 -0.0702410638332367
0.5771931409835815 0.49205583333969116 -0.07196784019470215
0.613385796546936 0.4739464223384857 -0.07479671388864517
0.4677327573299408 0.6233962178230286 -0.06138721480965614
0.521898627281189 0.5921604037284851 -0.06456869095563889
0.5027629137039185 0.60653156042099 -0.047596417367458344
0.47873908281326294 0.6238954067230225 -0.036716002970933914
0.48054543137550354 0.6684659719467163 -0.06665360927581787
0.5095988512039185 0.6480640769004822 -0.06453757733106613
0.4922575056552887 0.6560006737709045 -0.04708309471607208
0.4731965661048889 0.6671810150146484 -0.03401930257678032
