Henrik_image_three_34.jpg
0.28072845935821533 0.8815774321556091 7.035670250843395e-07
0.2519248127937317 0.8003993034362793 0.005541529040783644
0.2290428727865219 0.7100990414619446 -0.00912483036518097
0.20340055227279663 0.6424925923347473 -0.02443022094666958
0.1675114631652832 0.6114069223403931 -0.04166513681411743
0.26292702555656433 0.6822035312652588 -0.06108694151043892
0.28754377365112305 0.5605859756469727 -0.09052033722400665
0.29444125294685364 0.4847109615802765 -0.10543341934680939
0.3021082580089569 0.4277155101299286 -0.11367076635360718
0.29640474915504456 0.7020583152770996 -0.072867251932621
0.360677033662796 0.5849218964576721 -0.10115101933479309
0.399861216545105 0.5159318447113037 -0.10696164518594742
0.4283105134963989 0.47275397181510925 -0.10932014882564545
0.33408206701278687 0.7337567806243896 -0.07811302691698074
0.38588055968284607 0.6650146245956421 -0.08988266438245773
0.3712815046310425 0.6864979863166809 -0.06860894709825516
0.3524446487426758 0.7172538042068481 -0.05170055106282234
0.36506980657577515 0.7712066769599915 -0.08296067267656326
0.4023107886314392 0.7192593216896057 -0.08194569498300552
0.38808977603912354 0.7380085587501526 -0.05786167457699776
0.37135520577430725 0.763701856136322 -0.03842173144221306
