Henrik_image_three_99.jpg
0.7940332889556885 0.8238948583602905 6.97377004144073e-07
0.7417572736740112 0.8167769312858582 -0.022415470331907272
0.6847886443138123 0.7946341633796692 -0.04096618667244911
0.6448095440864563 0.8106957077980042 -0.06156427785754204
0.6113250255584717 0.8425936102867126 -0.08278566598892212
0.7024668455123901 0.6582786440849304 -0.03341208025813103
0.6707893013954163 0.5824525952339172 -0.05409526824951172
0.6522312164306641 0.5359123945236206 -0.06442048400640488
0.6364016532897949 0.4950040280818939 -0.07122074067592621
0.7424166798591614 0.6414669156074524 -0.04061717167496681
0.7482691407203674 0.5593398213386536 -0.06577509641647339
0.7549697756767273 0.5034303665161133 -0.07951752096414566
0.760489821434021 0.4502882957458496 -0.08535916358232498
0.7820163369178772 0.6489632725715637 -0.049715641885995865
0.7920296788215637 0.6604468822479248 -0.0800233781337738
0.7777623534202576 0.7245745658874512 -0.08516284078359604
0.7651930451393127 0.7577953934669495 -0.0800531804561615
0.817324697971344 0.6708768606185913 -0.06081237643957138
0.8210423588752747 0.6907593607902527 -0.08013300597667694
0.8053582310676575 0.7374910712242126 -0.07774534821510315
0.7905741333961487 0.7616205215454102 -0.07144669443368912
