Henrik_image_three_33.jpg
0.2657293975353241 0.8445037007331848 7.154117156460416e-07
0.23535695672035217 0.7677398324012756 0.01675994135439396
0.21174035966396332 0.69088214635849 0.007945814169943333
0.18450891971588135 0.6343445777893066 -0.005402463488280773
0.15270552039146423 0.6101639270782471 -0.019506873562932014
0.23334957659244537 0.6423379778862 -0.034220512956380844
0.2559430003166199 0.5314933657646179 -0.0595894418656826
0.2621570825576782 0.46229827404022217 -0.0748453214764595
0.26642924547195435 0.4105204939842224 -0.08457302302122116
0.2636612355709076 0.6538699269294739 -0.05076814815402031
0.32277366518974304 0.5488308668136597 -0.07420274615287781
0.3574311435222626 0.4860546588897705 -0.08354274183511734
0.3804958462715149 0.44668591022491455 -0.0908803641796112
0.29932934045791626 0.6799530982971191 -0.06160815805196762
0.35425788164138794 0.6332957148551941 -0.0649089440703392
0.3451648950576782 0.6581659913063049 -0.04495963081717491
0.32798051834106445 0.6832330822944641 -0.032484348863363266
0.3322267532348633 0.7139203548431396 -0.07236018776893616
0.37160059809684753 0.6817662119865417 -0.06676838546991348
0.36051884293556213 0.7053014636039734 -0.04617876186966896
0.34267088770866394 0.7248698472976685 -0.03117130510509014
