Henrik_image_five_90.jpg
0.6676694750785828 0.7022732496261597 3.351379973537405e-07
0.6164287328720093 0.7001277208328247 -0.019041800871491432
0.5687050223350525 0.6557974815368652 -0.027810925617814064
0.5331840515136719 0.6191650629043579 -0.03488795831799507
0.4992642402648926 0.6055833697319031 -0.04240911453962326
0.5939174890518188 0.5564603805541992 -0.019516704604029655
0.570618748664856 0.49912819266319275 -0.03396230563521385
0.5514675378799438 0.4636916220188141 -0.046297695487737656
0.5336890816688538 0.43584179878234863 -0.05634058266878128
0.6238343119621277 0.5385820865631104 -0.023979157209396362
0.604525625705719 0.4668823480606079 -0.03780266270041466
0.586376428604126 0.42106878757476807 -0.05167462304234505
0.5695984363555908 0.3853761851787567 -0.06189827248454094
0.6571686863899231 0.5390758514404297 -0.030931085348129272
0.6437101364135742 0.46748363971710205 -0.05067135766148567
0.628317654132843 0.4226280748844147 -0.06681665033102036
0.6131988167762756 0.3841607868671417 -0.07752136141061783
0.6917967796325684 0.5558004379272461 -0.03885192424058914
0.7065747380256653 0.49684178829193115 -0.06072694808244705
0.7127148509025574 0.4558764100074768 -0.07292763143777847
0.7167064547538757 0.4196211099624634 -0.08057577162981033
