Henrik_image_three_54.jpg
0.46463561058044434 0.6862303614616394 4.562836579680152e-07
0.49703919887542725 0.6264091730117798 -0.014780943281948566
0.5101554989814758 0.5692928433418274 -0.02768329158425331
0.5221536159515381 0.5136384963989258 -0.03902309387922287
0.5498476028442383 0.4754718542098999 -0.049183189868927
0.43818798661231995 0.5111545324325562 -0.03106699138879776
0.41656264662742615 0.4199577867984772 -0.041980236768722534
0.4056260883808136 0.37509509921073914 -0.04455336183309555
0.3979295492172241 0.3416486084461212 -0.043747298419475555
0.3999761641025543 0.533729612827301 -0.026348542422056198
0.35532239079475403 0.47226592898368835 -0.034817297011613846
0.327119380235672 0.438970148563385 -0.033583395183086395
0.30589723587036133 0.4195864200592041 -0.030525287613272667
0.3760634660720825 0.5703187584877014 -0.02092582732439041
0.37112510204315186 0.545307993888855 -0.025634484365582466
0.38967013359069824 0.5589970946311951 -0.020761126652359962
0.4051207900047302 0.5789296627044678 -0.013095544651150703
0.36082565784454346 0.6104553937911987 -0.01697308011353016
0.36848050355911255 0.5917931795120239 -0.01226966641843319
0.38156118988990784 0.5999289155006409 -0.003720859531313181
0.39279627799987793 0.613075315952301 0.00544686708599329
