Henrik_image_two_79.jpg
0.4823204278945923 0.8281699419021606 3.52197105257801e-07
0.502470076084137 0.7384095788002014 -0.012072589248418808
0.5074849128723145 0.6632132530212402 -0.029215142130851746
0.5225677490234375 0.5947867631912231 -0.04386056214570999
0.5502068996429443 0.5547133088111877 -0.058986637741327286
0.43713268637657166 0.64996737241745 -0.043757203966379166
0.3807423710823059 0.5683044195175171 -0.05720659717917442
0.3495827317237854 0.5219554901123047 -0.06479135900735855
0.3229122757911682 0.48790913820266724 -0.07003449648618698
0.39870506525039673 0.6806309223175049 -0.03970799595117569
0.3729279637336731 0.614029586315155 -0.04324154183268547
0.395189493894577 0.6201890707015991 -0.033622413873672485
0.41671687364578247 0.6429516673088074 -0.028927674517035484
0.37115079164505005 0.7183741927146912 -0.03436243161559105
0.35842570662498474 0.6555404663085938 -0.03429575636982918
0.3765133321285248 0.6637588739395142 -0.021395105868577957
0.3937591016292572 0.6891252994537354 -0.015074794180691242
0.3492783308029175 0.7507179975509644 -0.029912445694208145
0.34499886631965637 0.6979422569274902 -0.026860326528549194
0.3631944954395294 0.7055745124816895 -0.015636933967471123
0.3771775960922241 0.726479709148407 -0.008298886939883232
