Henrik_image_four_93.jpg
0.4306143522262573 0.8001118898391724 4.094765131412714e-07
0.4005635678768158 0.7222096920013428 -0.010864323005080223
0.3811528980731964 0.6476747989654541 -0.027827361598610878
0.35588350892066956 0.5844409465789795 -0.04377223551273346
0.32499727606773376 0.5543941259384155 -0.06149769946932793
0.44178974628448486 0.6135240197181702 -0.04483484476804733
0.47046953439712524 0.5136678218841553 -0.06598352640867233
0.48754918575286865 0.4522346258163452 -0.07777682691812515
0.5001662373542786 0.40547871589660645 -0.08523766696453094
0.47942399978637695 0.6342755556106567 -0.051716484129428864
0.5197750926017761 0.5316068530082703 -0.06837838143110275
0.5448896288871765 0.4675731360912323 -0.07780671864748001
0.563709557056427 0.41912055015563965 -0.08522965013980865
0.5086561441421509 0.6705286502838135 -0.05746699497103691
0.5630553960800171 0.6002666354179382 -0.0739533007144928
0.5997645854949951 0.5534950494766235 -0.08479315042495728
0.6240076422691345 0.5181070566177368 -0.0929739847779274
0.5275830626487732 0.7142744660377502 -0.06272237747907639
0.5709044337272644 0.6857226490974426 -0.07626692205667496
0.5951735973358154 0.665808916091919 -0.07960353791713715
0.6118994951248169 0.6463521122932434 -0.08180468529462814
