Henrik_image_three_61.jpg
0.5323681235313416 0.8965394496917725 4.3826364048982214e-07
0.5414420366287231 0.824316143989563 0.007937801070511341
0.5384677052497864 0.7501625418663025 0.006181838922202587
0.5375913977622986 0.6912288665771484 0.0018987491494044662
0.5527019500732422 0.6527058482170105 -0.0031853006221354008
0.49390316009521484 0.7194142937660217 -0.016927234828472137
0.4653802812099457 0.6344577074050903 -0.029395965859293938
0.44514742493629456 0.5830405354499817 -0.03511770814657211
0.42936965823173523 0.5471257567405701 -0.03781674802303314
0.4676058292388916 0.7429712414741516 -0.0240053441375494
0.4041043221950531 0.6867095828056335 -0.03851711377501488
0.36193832755088806 0.6540560722351074 -0.04481988400220871
0.3316217064857483 0.6315327286720276 -0.04803309217095375
0.44529834389686584 0.7792971730232239 -0.027668597176671028
0.3973850607872009 0.7626789212226868 -0.03584402799606323
0.4138469696044922 0.7837948203086853 -0.02650543488562107
0.4341167211532593 0.7976036667823792 -0.016500374302268028
0.42707115411758423 0.8213725090026855 -0.030697185546159744
0.39611732959747314 0.8122027516365051 -0.03215445205569267
0.4117025136947632 0.8274447917938232 -0.02075319178402424
0.43047216534614563 0.8334082961082458 -0.008969823829829693
