Henrik_image_four_84.jpg
0.3309567868709564 0.7770863771438599 5.455700602396973e-07
0.2980060279369354 0.7073262929916382 -0.007415198255330324
0.27649953961372375 0.6385827660560608 -0.024145709350705147
0.2422371357679367 0.5893857479095459 -0.037870507687330246
0.2069852501153946 0.5664918422698975 -0.053385209292173386
0.31331172585487366 0.5940641164779663 -0.05902311950922012
0.33036673069000244 0.49221885204315186 -0.0815412774682045
0.3377338647842407 0.4282988905906677 -0.09256748855113983
0.3426487147808075 0.37653428316116333 -0.09893842786550522
0.34791165590286255 0.6068012118339539 -0.06308557093143463
0.38002440333366394 0.5009984970092773 -0.08377175778150558
0.3969869613647461 0.4345335364341736 -0.09107949584722519
0.4063161015510559 0.38630858063697815 -0.09587010741233826
0.3806232810020447 0.6357002258300781 -0.06336876004934311
0.43469002842903137 0.5652610063552856 -0.08019915223121643
0.45900022983551025 0.5196211338043213 -0.08598358929157257
0.47417542338371277 0.49084508419036865 -0.08942804485559464
0.4061610698699951 0.670394241809845 -0.06199037283658981
0.42329537868499756 0.6393172144889832 -0.06901851296424866
0.4091870188713074 0.6469982266426086 -0.06360192596912384
0.39925575256347656 0.660241425037384 -0.05983244627714157
