Henrik_image_three_46.jpg
0.48505717515945435 0.8843280076980591 5.981914341646188e-07
0.5079220533370972 0.8088902235031128 -0.009802525863051414
0.5160165429115295 0.7340700030326843 -0.022895963862538338
0.5278288125991821 0.6668161153793335 -0.03542928025126457
0.5473586916923523 0.6183774471282959 -0.04820791631937027
0.4509841501712799 0.7081344723701477 -0.0332472063601017
0.417125403881073 0.6194368004798889 -0.045694779604673386
0.3958683907985687 0.5716719031333923 -0.05141812190413475
0.37716662883758545 0.535718560218811 -0.05385628342628479
0.41536617279052734 0.7312889099121094 -0.03371576592326164
0.37215209007263184 0.6487493515014648 -0.0422530360519886
0.3418898284435272 0.6024758815765381 -0.04492182284593582
0.31744492053985596 0.5731461048126221 -0.04647933319211006
0.3893444538116455 0.7669459581375122 -0.03217165172100067
0.36442142724990845 0.7099266648292542 -0.03669889643788338
0.3818761706352234 0.7170752882957458 -0.030080601572990417
0.3991759419441223 0.7361038327217102 -0.023170053958892822
0.3721872568130493 0.8047056198120117 -0.03155823051929474
0.3603045642375946 0.7661241888999939 -0.029774915426969528
0.3753613531589508 0.770336389541626 -0.018848903477191925
0.3890784680843353 0.7834140062332153 -0.008426635526120663
