Henrik_image_two_1.jpg
0.41858431696891785 0.8897230625152588 7.707099598519562e-07
0.4625621736049652 0.8659792542457581 -0.030856279656291008
0.49416136741638184 0.7986963391304016 -0.04650949314236641
0.46678856015205383 0.757172167301178 -0.0615711472928524
0.42054101824760437 0.7405402064323425 -0.0739705041050911
0.45460397005081177 0.6677061319351196 -0.022700725123286247
0.4639540910720825 0.5858014225959778 -0.0486023984849453
0.4686064124107361 0.5298039317131042 -0.06362460553646088
0.46927791833877563 0.48009565472602844 -0.07258067280054092
0.4075937569141388 0.6678274273872375 -0.02982093021273613
0.39321112632751465 0.5763160586357117 -0.06606350094079971
0.38929277658462524 0.5142938494682312 -0.08663273602724075
0.38076233863830566 0.45547884702682495 -0.09311523288488388
0.36978834867477417 0.6969379782676697 -0.040561698377132416
0.3948923349380493 0.696097195148468 -0.09274344891309738
0.41877156496047974 0.7654809355735779 -0.1000739112496376
0.4246397316455841 0.7995427846908569 -0.08791937679052353
0.33976566791534424 0.7434934377670288 -0.05338776111602783
0.3753974437713623 0.754083514213562 -0.09071605652570724
0.40058374404907227 0.803214430809021 -0.09000410884618759
0.40725284814834595 0.8244304060935974 -0.07884228974580765
