Henrik_image_two_17.jpg
0.3513548672199249 0.8212579488754272 2.898972617515483e-08
0.3409152626991272 0.7447372674942017 0.006526515819132328
0.3469747304916382 0.6682356595993042 0.0022740119602531195
0.3412192165851593 0.6085801124572754 -0.004033997189253569
0.3184918761253357 0.5775020122528076 -0.01161965448409319
0.3968980312347412 0.6413595676422119 -0.014041510410606861
0.45494723320007324 0.5936741232872009 -0.01819251850247383
0.48926496505737305 0.5706861615180969 -0.019146300852298737
0.5152676701545715 0.5531861782073975 -0.021084284409880638
0.4209698438644409 0.6665888428688049 -0.02112450636923313
0.46850112080574036 0.6667976379394531 -0.02269565314054489
0.4539370834827423 0.6882208585739136 -0.01585421711206436
0.432766854763031 0.6973752379417419 -0.012387517839670181
0.439667671918869 0.7071402072906494 -0.02616097778081894
0.46898776292800903 0.7118746638298035 -0.021738683804869652
0.45658010244369507 0.7293810248374939 -0.010464431717991829
0.4383310079574585 0.737695038318634 -0.00619138078764081
0.45372098684310913 0.7496803998947144 -0.03102542832493782
0.47023531794548035 0.7541508674621582 -0.02169959433376789
0.45825451612472534 0.7669869661331177 -0.009808276779949665
0.442999005317688 0.7733581066131592 -0.003044115612283349
