Henrik_image_five_40.jpg
0.610946536064148 0.5812586545944214 5.263153184387193e-07
0.5533018112182617 0.6027817130088806 -0.02761719934642315
0.49322840571403503 0.5761057138442993 -0.042811620980501175
0.4472002685070038 0.5434974431991577 -0.05490448325872421
0.4069642424583435 0.5377951264381409 -0.06782595068216324
0.49638187885284424 0.4508736729621887 -0.03383642062544823
0.45504406094551086 0.3896804451942444 -0.05487243831157684
0.4271451234817505 0.34834492206573486 -0.07132422924041748
0.4047691822052002 0.31227362155914307 -0.08380250632762909
0.5265254974365234 0.41720619797706604 -0.03710240125656128
0.49158746004104614 0.33201223611831665 -0.056148141622543335
0.46629855036735535 0.2743072807788849 -0.07218067348003387
0.44589078426361084 0.22650228440761566 -0.08386975526809692
0.5634809136390686 0.4040915369987488 -0.04352152720093727
0.5366486310958862 0.3164536952972412 -0.06681325286626816
0.5175132751464844 0.2601713538169861 -0.08373972028493881
0.5012099742889404 0.212028369307518 -0.0949365422129631
0.605277419090271 0.40604162216186523 -0.05168234929442406
0.6032232642173767 0.3308289051055908 -0.07615423947572708
0.5996480584144592 0.27875950932502747 -0.088724285364151
0.5944254994392395 0.23215709626674652 -0.09640442579984665
