Henrik_image_four_75.jpg
0.37551701068878174 0.6980178356170654 8.746877142584708e-07
0.43471142649650574 0.7204043865203857 -0.02525910921394825
0.48892128467559814 0.6958527565002441 -0.03667270764708519
0.5320587754249573 0.6756481528282166 -0.04451962932944298
0.5744129419326782 0.6773516535758972 -0.054445531219244
0.47722774744033813 0.5635703802108765 -0.03749489784240723
0.5170506834983826 0.4948716163635254 -0.05185890570282936
0.541010856628418 0.4547123908996582 -0.05867261812090874
0.5649551153182983 0.41706910729408264 -0.06390956044197083
0.4479621946811676 0.5307042002677917 -0.03978678584098816
0.4851791560649872 0.4509217441082001 -0.05355067551136017
0.5116075873374939 0.40245747566223145 -0.06487439572811127
0.5365027189254761 0.36139431595802307 -0.07175058871507645
0.41330450773239136 0.5265700221061707 -0.043497975915670395
0.41119328141212463 0.4505884349346161 -0.0745556429028511
0.4176306426525116 0.3974924087524414 -0.10224499553442001
0.4285963475704193 0.3522602915763855 -0.11966552585363388
0.3787759244441986 0.5448423027992249 -0.04703456163406372
0.3778216540813446 0.5550758242607117 -0.07990400493144989
0.3779849708080292 0.6077623963356018 -0.09379039704799652
0.38242751359939575 0.6539080142974854 -0.10140778869390488
