Henrik_image_four_95.jpg
0.3444114923477173 0.8134780526161194 4.78972594919469e-07
0.315222829580307 0.7334073781967163 -0.004812036640942097
0.2968076467514038 0.6506951451301575 -0.01797989383339882
0.2679885923862457 0.593808114528656 -0.02762293629348278
0.23366911709308624 0.5607576370239258 -0.03873267024755478
0.3291746973991394 0.6164441704750061 -0.05394008383154869
0.35592252016067505 0.5126441121101379 -0.06786365807056427
0.36862999200820923 0.4484434723854065 -0.07071953266859055
0.3760073482990265 0.39529311656951904 -0.07252638041973114
0.36429426074028015 0.6369014382362366 -0.0599958561360836
0.3981972336769104 0.5248488187789917 -0.08150704205036163
0.41609054803848267 0.4542735815048218 -0.08839072287082672
0.4258204400539398 0.39813774824142456 -0.09214940667152405
0.3987542390823364 0.6714006662368774 -0.061475884169340134
0.4566742777824402 0.5914762616157532 -0.08450961112976074
0.48717236518859863 0.5405939221382141 -0.09236281365156174
0.5063632130622864 0.5055170655250549 -0.09582410007715225
0.4260331690311432 0.7112948894500732 -0.060033902525901794
0.4442446827888489 0.6584607362747192 -0.0712197944521904
0.4253445565700531 0.6723054051399231 -0.06376220285892487
0.41008374094963074 0.6991212368011475 -0.05811970308423042
