Henrik_image_two_100.jpg
0.5255279541015625 0.829425573348999 5.256389101759851e-08
0.5478929877281189 0.7262058258056641 0.008417590521275997
0.5435975790023804 0.641764223575592 0.006231789942830801
0.5433522462844849 0.5731000900268555 0.0018965060589835048
0.5508400797843933 0.5232149362564087 -0.002779042813926935
0.4688926935195923 0.6235058307647705 -0.013175707310438156
0.40831899642944336 0.5601489543914795 -0.019361935555934906
0.3706210255622864 0.5288360118865967 -0.025546077638864517
0.3402501344680786 0.5034398436546326 -0.030426329001784325
0.4343085289001465 0.6607203483581543 -0.01820307970046997
0.4065326750278473 0.614216685295105 -0.009391473606228828
0.4294070601463318 0.6200364828109741 0.0013694310327991843
0.453306645154953 0.6381715536117554 0.003273146692663431
0.41424044966697693 0.7082775831222534 -0.02142026275396347
0.4061386287212372 0.661710262298584 -0.012811359949409962
0.42665359377861023 0.6681187152862549 0.002305396366864443
0.4448624551296234 0.6908677220344543 0.007643304765224457
0.40303152799606323 0.7508474588394165 -0.02440348081290722
0.40018752217292786 0.7128134369850159 -0.0142820430919528
0.41883963346481323 0.7180948257446289 0.001414717291481793
0.43409353494644165 0.7338303327560425 0.01050278265029192
