Henrik_image_three_52.jpg
0.41456854343414307 0.6280343532562256 7.020774432930921e-07
0.43774738907814026 0.5537782907485962 -0.009539077058434486
0.44611072540283203 0.48796308040618896 -0.02002599462866783
0.46276983618736267 0.43017759919166565 -0.030917754396796227
0.48990780115127563 0.3981058597564697 -0.04107476398348808
0.3699200451374054 0.4375499486923218 -0.016913270577788353
0.35156893730163574 0.349841833114624 -0.025826595723628998
0.33850809931755066 0.29986727237701416 -0.030975740402936935
0.3286220133304596 0.2617804706096649 -0.03258451819419861
0.33148789405822754 0.4650874137878418 -0.014832804910838604
0.2908553183078766 0.4074687957763672 -0.01962866820394993
0.2590601444244385 0.374584436416626 -0.022197721526026726
0.2342253029346466 0.3548990786075592 -0.023035727441310883
0.3089304566383362 0.5023171305656433 -0.012044782750308514
0.3095269501209259 0.4708684980869293 -0.014444136060774326
0.32793039083480835 0.4806283414363861 -0.012926594354212284
0.34378284215927124 0.500309407711029 -0.008479872718453407
0.2965299189090729 0.540671169757843 -0.010465242899954319
0.30671846866607666 0.5179767608642578 -0.006518117152154446
0.32044148445129395 0.5274807810783386 0.0008010705350898206
0.33233970403671265 0.5438804030418396 0.009236806072294712
