Henrik_image_two_14.jpg
0.3428971469402313 0.8475390672683716 1.5236606998314528e-07
0.32522696256637573 0.7696055173873901 -0.0013588790316134691
0.34171172976493835 0.6894890069961548 -0.009325239807367325
0.3460195064544678 0.6198744773864746 -0.015839701518416405
0.32128816843032837 0.5866078734397888 -0.024112487211823463
0.38663220405578613 0.6791836023330688 -0.028302354738116264
0.4499175250530243 0.6251164674758911 -0.04353209212422371
0.49287909269332886 0.5941550135612488 -0.054929573088884354
0.5249786376953125 0.5719234943389893 -0.06239033490419388
0.41738182306289673 0.7130994200706482 -0.029054567217826843
0.46199914813041687 0.682492733001709 -0.03167566657066345
0.44397395849227905 0.7004269361495972 -0.021912988275289536
0.4203389883041382 0.7166621685028076 -0.015274018980562687
0.43762606382369995 0.7591437101364136 -0.028303707018494606
0.46731802821159363 0.7295635938644409 -0.028776738792657852
0.4519472122192383 0.7438960075378418 -0.01552590448409319
0.4318337142467499 0.7599782943725586 -0.00703476695343852
0.4505176544189453 0.8065382838249207 -0.026753902435302734
0.46584442257881165 0.7800596356391907 -0.021540580317378044
0.4521528482437134 0.7895297408103943 -0.005751713644713163
0.4365096092224121 0.8019496202468872 0.00560992956161499
