Henrik_image_two_46.jpg
0.3352277874946594 0.8494654297828674 -8.90055744662277e-08
0.31382665038108826 0.7753308415412903 0.01660332642495632
0.30876654386520386 0.6977229714393616 0.014697493985295296
0.30331534147262573 0.6425053477287292 0.00757339084520936
0.28071919083595276 0.6139832735061646 -0.0011274382704868913
0.3443409204483032 0.6331840753555298 -0.008298519998788834
0.3885035216808319 0.5482748746871948 -0.014497604221105576
0.4141268730163574 0.5022021532058716 -0.01653796248137951
0.43320029973983765 0.4663587212562561 -0.019446134567260742
0.36736947298049927 0.651185929775238 -0.024822469800710678
0.4405112564563751 0.6316044926643372 -0.0346660241484642
0.43421080708503723 0.6682302951812744 -0.03135133907198906
0.4120226800441742 0.687199056148529 -0.02844424918293953
0.39438363909721375 0.6871211528778076 -0.038339655846357346
0.45273351669311523 0.682505190372467 -0.042219121009111404
0.4424804747104645 0.7123764753341675 -0.030325260013341904
0.42225122451782227 0.7240808010101318 -0.02395283803343773
0.41964566707611084 0.7281656861305237 -0.05078590661287308
0.4598405361175537 0.7260677814483643 -0.04727298021316528
0.44687631726264954 0.7516865134239197 -0.03389359638094902
0.4268152713775635 0.7622061371803284 -0.025076689198613167
