Henrik_image_spock_96.jpg
0.35405391454696655 0.8210798501968384 2.66829886186315e-07
0.3381043076515198 0.7652677893638611 0.0031073091086000204
0.32882973551750183 0.7061685919761658 -0.0004587162984535098
0.31700465083122253 0.6619431972503662 -0.004473323468118906
0.29529672861099243 0.6404240727424622 -0.009885942563414574
0.347627192735672 0.6865811347961426 -0.023084251210093498
0.3586295545101166 0.6144688725471497 -0.0345769077539444
0.36593395471572876 0.5729945302009583 -0.038894426077604294
0.3708147406578064 0.5371012687683105 -0.04184547811746597
0.3671766519546509 0.6957287788391113 -0.031562548130750656
0.3807287812232971 0.617111325263977 -0.046894170343875885
0.388933926820755 0.5669224858283997 -0.05392814800143242
0.39398470520973206 0.5240887403488159 -0.058493003249168396
0.389362096786499 0.7151081562042236 -0.03814862295985222
0.42380812764167786 0.6487971544265747 -0.05409741774201393
0.4472488760948181 0.6080926060676575 -0.0616094134747982
0.4636395573616028 0.5738047957420349 -0.06533714383840561
0.4110759496688843 0.7391923666000366 -0.04299578815698624
0.4388246536254883 0.6849859952926636 -0.05579078197479248
0.45360687375068665 0.6535199880599976 -0.06039385870099068
0.4657093286514282 0.6237971186637878 -0.06294336169958115
