Henrik_image_four_94.jpg
0.3942594528198242 0.8265461921691895 3.464770372829662e-07
0.36328887939453125 0.7479845285415649 -0.007955670356750488
0.3469357192516327 0.6676713228225708 -0.023553520441055298
0.3174101710319519 0.6053998470306396 -0.03633398562669754
0.2830858826637268 0.5726727247238159 -0.05106983333826065
0.39267808198928833 0.6338644027709961 -0.05317485332489014
0.4214310646057129 0.5285316109657288 -0.07087189704179764
0.43490883708000183 0.4642799496650696 -0.07758379727602005
0.44436711072921753 0.41218850016593933 -0.0819425880908966
0.43158549070358276 0.6541421413421631 -0.05746481940150261
0.466795414686203 0.546528697013855 -0.07821784913539886
0.4867030382156372 0.47892042994499207 -0.0862884446978569
0.4998791813850403 0.426072359085083 -0.09128957241773605
0.4646471440792084 0.6894301772117615 -0.05818130820989609
0.5204222202301025 0.6162944436073303 -0.07881380617618561
0.550155758857727 0.5672034621238708 -0.08904995769262314
0.5682405233383179 0.5337889790534973 -0.09491148591041565
0.4881296753883362 0.7296785116195679 -0.056751951575279236
0.5005599856376648 0.6882830262184143 -0.0694105252623558
0.48124682903289795 0.6865757703781128 -0.06784333288669586
0.46522030234336853 0.6976752281188965 -0.06611581891775131
