Henrik_image_two_24.jpg
0.3962043225765228 0.6860079169273376 6.588580703237312e-08
0.4798847436904907 0.723606526851654 -0.06010157987475395
0.5715252161026001 0.7149357795715332 -0.10098909586668015
0.6460864543914795 0.7178862690925598 -0.13616161048412323
0.7028848528862 0.7521015405654907 -0.1712706834077835
0.5568044185638428 0.5184349417686462 -0.09784811735153198
0.5858407020568848 0.38364920020103455 -0.15231764316558838
0.6031773090362549 0.28482115268707275 -0.18423627316951752
0.6135020852088928 0.19719257950782776 -0.20746742188930511
0.5107818245887756 0.462285578250885 -0.08954235911369324
0.4704529941082001 0.49136143922805786 -0.15450537204742432
0.45473387837409973 0.599108874797821 -0.16012071073055267
0.460889995098114 0.6451199650764465 -0.15457218885421753
0.45311444997787476 0.4483022093772888 -0.08578477799892426
0.4113492965698242 0.5056774020195007 -0.1466912478208542
0.4101513624191284 0.5979107022285461 -0.12924151122570038
0.428114652633667 0.6355301141738892 -0.10668577998876572
0.400431752204895 0.4524356722831726 -0.08790989965200424
0.37186551094055176 0.4980573356151581 -0.13295666873455048
0.3751257658004761 0.5810292363166809 -0.12333124876022339
0.39244192838668823 0.6212303638458252 -0.10657526552677155
