Henrik_image_two_49.jpg
0.693361759185791 0.6748653054237366 -1.3966749179417093e-07
0.6526616811752319 0.6660347580909729 -0.00797139573842287
0.6167307496070862 0.6227445602416992 -0.01280983630567789
0.5954078435897827 0.5877104997634888 -0.01926402933895588
0.5745022296905518 0.5649382472038269 -0.026452459394931793
0.6302444338798523 0.5395900011062622 -0.013025708496570587
0.6147779226303101 0.48191356658935547 -0.03188500180840492
0.6020916700363159 0.4407292306423187 -0.04314279183745384
0.593794584274292 0.40902191400527954 -0.051088232547044754
0.6625549793243408 0.5257712006568909 -0.0199454203248024
0.6294000744819641 0.5539731383323669 -0.046569302678108215
0.6352500319480896 0.6098520159721375 -0.047427430748939514
0.6482090950012207 0.6274657845497131 -0.04146953299641609
0.6943450570106506 0.5349158048629761 -0.028937311843037605
0.661329984664917 0.5810444355010986 -0.05365258827805519
0.6662086844444275 0.6260813474655151 -0.04196212813258171
0.6780695915222168 0.6306136250495911 -0.02761368826031685
0.7225532531738281 0.5553060173988342 -0.03925366699695587
0.6944091320037842 0.5923011302947998 -0.05601084604859352
0.6913999319076538 0.6254582405090332 -0.048311974853277206
0.6985912919044495 0.6272284984588623 -0.037717968225479126
