Henrik_image_four_58.jpg
0.35952988266944885 0.64019775390625 5.623489300887741e-07
0.31983497738838196 0.5655917525291443 -0.003308406798169017
0.30219268798828125 0.4931158423423767 -0.014843751676380634
0.27672964334487915 0.42787402868270874 -0.02471303939819336
0.24690008163452148 0.3895553946495056 -0.036208298057317734
0.35543137788772583 0.4376528263092041 -0.033371489495038986
0.37951087951660156 0.34275931119918823 -0.04783309996128082
0.39494654536247253 0.28641319274902344 -0.05542755126953125
0.408353328704834 0.24142295122146606 -0.05958546698093414
0.3956395983695984 0.45183247327804565 -0.03767884522676468
0.43525663018226624 0.36256200075149536 -0.044568151235580444
0.4596364498138428 0.309512197971344 -0.04576145485043526
0.47562330961227417 0.2696692943572998 -0.04606340825557709
0.42998218536376953 0.4857478439807892 -0.03982425108551979
0.47405144572257996 0.4251782298088074 -0.04527489095926285
0.5023359060287476 0.38615524768829346 -0.049496397376060486
0.5200974941253662 0.35847195982933044 -0.05301862210035324
0.45384520292282104 0.530253529548645 -0.04065899923443794
0.46587082743644714 0.509307861328125 -0.043302781879901886
0.45905083417892456 0.5121555924415588 -0.038287453353405
0.45122236013412476 0.5216111540794373 -0.03382487967610359
