Henrik_image_zero_95.jpg
0.3311269283294678 0.539710521697998 -3.485088200250175e-07
0.3787858188152313 0.5624644756317139 -0.043235860764980316
0.43815675377845764 0.5252031683921814 -0.059488434344530106
0.45669615268707275 0.4625975489616394 -0.0692237913608551
0.43888381123542786 0.4230725169181824 -0.07306158542633057
0.4305844306945801 0.42232444882392883 -0.033847395330667496
0.43066564202308655 0.3656122088432312 -0.06990506500005722
0.40792325139045715 0.4253133237361908 -0.08462502062320709
0.40136831998825073 0.4578711986541748 -0.08897573500871658
0.3932912349700928 0.4058130979537964 -0.02350841462612152
0.3899274170398712 0.35472503304481506 -0.06345264613628387
0.37369799613952637 0.4296374022960663 -0.06983007490634918
0.37863537669181824 0.4540095627307892 -0.06480912864208221
0.36130988597869873 0.3996138572692871 -0.01963295042514801
0.35519880056381226 0.36152026057243347 -0.059284575283527374
0.34474635124206543 0.42876729369163513 -0.05043075606226921
0.35426065325737 0.45136627554893494 -0.03441853076219559
0.3316935896873474 0.3999537527561188 -0.01903640478849411
0.3257893919944763 0.37272876501083374 -0.04272055625915527
0.31946253776550293 0.42313721776008606 -0.03586916625499725
0.3257966637611389 0.44555383920669556 -0.024532446637749672
