Henrik_image_five_19.jpg
0.6646251082420349 0.8294083476066589 5.241086569185427e-07
0.7152559161186218 0.8243257403373718 -0.014217776246368885
0.7624008059501648 0.7976545095443726 -0.023673342540860176
0.7979382872581482 0.7819808721542358 -0.03390661999583244
0.827081024646759 0.7789394855499268 -0.0447506345808506
0.7426520586013794 0.6782799959182739 -0.015893680974841118
0.774170994758606 0.6133823394775391 -0.03380342200398445
0.7977035045623779 0.5773509740829468 -0.047121811658144
0.8196070194244385 0.5488182306289673 -0.05611153319478035
0.7207251191139221 0.663304328918457 -0.022381246089935303
0.7458533048629761 0.5845401883125305 -0.037825632840394974
0.7668936848640442 0.5370875000953674 -0.05056637525558472
0.7857930660247803 0.4968785345554352 -0.05930551141500473
0.6956023573875427 0.6652096509933472 -0.0312771275639534
0.7057137489318848 0.586093544960022 -0.04859619960188866
0.7150530219078064 0.537054717540741 -0.06225791200995445
0.7248678803443909 0.494332492351532 -0.07088257372379303
0.6679055690765381 0.6829157471656799 -0.04137982800602913
0.6586236357688904 0.6299858689308167 -0.05846697837114334
0.653492271900177 0.5940345525741577 -0.06715597212314606
0.6509484648704529 0.5586798191070557 -0.07216667383909225
