Henrik_image_five_70.jpg
0.5776445865631104 0.4251989722251892 3.6084767884858593e-07
0.5190633535385132 0.4365617036819458 -0.022335272282361984
0.46133729815483093 0.4325808882713318 -0.03633474186062813
0.41203466057777405 0.42574816942214966 -0.05013527721166611
0.3728472888469696 0.4368726313114166 -0.06369631737470627
0.43955084681510925 0.30629730224609375 -0.010990118607878685
0.3924357295036316 0.2663372755050659 -0.02495427057147026
0.36237823963165283 0.23603026568889618 -0.0398532971739769
0.3362583816051483 0.2076270431280136 -0.05186144635081291
0.459002286195755 0.26997771859169006 -0.013958245515823364
0.41750019788742065 0.2163867950439453 -0.023976871743798256
0.3923988938331604 0.18018145859241486 -0.035633936524391174
0.3724421262741089 0.15060245990753174 -0.045280784368515015
0.4866022765636444 0.24962756037712097 -0.021113280206918716
0.45455402135849 0.19576171040534973 -0.03339381888508797
0.432662695646286 0.1568867266178131 -0.04698759689927101
0.41475939750671387 0.12418973445892334 -0.0572662428021431
0.520759642124176 0.24187365174293518 -0.03090132214128971
0.5100845098495483 0.18103168904781342 -0.04158739000558853
0.5036634206771851 0.14106416702270508 -0.04897962510585785
0.49626192450523376 0.10367017984390259 -0.05495300889015198
