Henrik_image_zero_25.jpg
0.3751131594181061 0.4110197424888611 -2.3206948185361398e-07
0.42212197184562683 0.42068302631378174 -0.01633612811565399
0.4707982838153839 0.3884224593639374 -0.01966787688434124
0.49116748571395874 0.33122512698173523 -0.021228909492492676
0.495417058467865 0.29033592343330383 -0.01755710504949093
0.4642769992351532 0.32214152812957764 -0.006246231961995363
0.4771074652671814 0.2833642065525055 -0.025227051228284836
0.46172431111335754 0.3329364061355591 -0.030003884807229042
0.4552150368690491 0.3449892997741699 -0.030031956732273102
0.4370838403701782 0.3074961304664612 -0.0041016885079443455
0.44688570499420166 0.2773921489715576 -0.025540273636579514
0.43428918719291687 0.3372102379798889 -0.02643398940563202
0.4329450726509094 0.33699992299079895 -0.022152597084641457
0.41003626585006714 0.30005836486816406 -0.005380172282457352
0.41801825165748596 0.27329790592193604 -0.02867591194808483
0.4092875123023987 0.32986441254615784 -0.018273713067173958
0.40840378403663635 0.3335992097854614 -0.005467088893055916
0.38046035170555115 0.2924039661884308 -0.007563677150756121
0.38754355907440186 0.2754918932914734 -0.020314564928412437
0.38686585426330566 0.316628098487854 -0.011393912136554718
0.3871018588542938 0.3244243264198303 -0.0010337959975004196
