Henrik_image_five_79.jpg
0.5459166765213013 0.5481480360031128 6.164469823488616e-07
0.46310707926750183 0.5623551607131958 -0.008472937159240246
0.3953734338283539 0.552032470703125 -0.009249343536794186
0.3458292484283447 0.5401386618614197 -0.011792569421231747
0.30899834632873535 0.5447124242782593 -0.01545656006783247
0.38007086515426636 0.4321035146713257 0.009009705856442451
0.3311130404472351 0.38295337557792664 0.00035034731263294816
0.2949479818344116 0.3509036898612976 -0.011791185475885868
0.265724778175354 0.32081687450408936 -0.02172582782804966
0.39835983514785767 0.39477548003196716 0.0025001440662890673
0.35191458463668823 0.325073778629303 -0.004408238455653191
0.3157193064689636 0.28040385246276855 -0.018301691859960556
0.2874529957771301 0.24050956964492798 -0.0296644177287817
0.42236602306365967 0.37344688177108765 -0.007248839363455772
0.38601475954055786 0.2988579273223877 -0.01934131607413292
0.35384342074394226 0.25311988592147827 -0.03576628863811493
0.3264191150665283 0.21329322457313538 -0.0481550507247448
0.45572566986083984 0.3682756721973419 -0.017950601875782013
0.4438818693161011 0.29458653926849365 -0.03319677338004112
0.4287879765033722 0.24642205238342285 -0.044574446976184845
0.4137328863143921 0.20310750603675842 -0.05245048552751541
