Henrik_image_two_85.jpg
0.4281524419784546 0.9919841885566711 -3.515269497711415e-07
0.3662119507789612 0.9247559309005737 -0.010615651495754719
0.3346012234687805 0.8491714000701904 -0.02317061461508274
0.30873051285743713 0.7971256971359253 -0.03972712904214859
0.2773515582084656 0.765053391456604 -0.05598410964012146
0.3927096724510193 0.7440233826637268 -0.013694915920495987
0.39107632637023926 0.6694406270980835 -0.039550814777612686
0.38336995244026184 0.616100013256073 -0.05519942194223404
0.3741529583930969 0.572820246219635 -0.06807906180620193
0.4339430630207062 0.7529911994934082 -0.026625359430909157
0.3479260206222534 0.7810362577438354 -0.061787430197000504
0.33775633573532104 0.8515583276748657 -0.06566941738128662
0.35513433814048767 0.8726112842559814 -0.06254315376281738
0.46222633123397827 0.7968119382858276 -0.0426219217479229
0.37155410647392273 0.8444225788116455 -0.07244691997766495
0.3694586157798767 0.8986486792564392 -0.057603880763053894
0.38944756984710693 0.9031513929367065 -0.043232422322034836
0.47864392399787903 0.854381799697876 -0.06153338402509689
0.40400052070617676 0.8952910900115967 -0.0814770981669426
0.4001460075378418 0.9285552501678467 -0.07176849246025085
0.41914647817611694 0.9286341071128845 -0.060270171612501144
