Henrik_image_three_22.jpg
0.3326939046382904 0.6763538122177124 7.600646654282173e-07
0.38664644956588745 0.6211637258529663 -0.05433228984475136
0.4104546308517456 0.5499802827835083 -0.08282668888568878
0.43605607748031616 0.4946695864200592 -0.10769463330507278
0.47420334815979004 0.46011948585510254 -0.13235650956630707
0.30993416905403137 0.47749149799346924 -0.06794007867574692
0.27743080258369446 0.38203713297843933 -0.1073254719376564
0.2522011697292328 0.32182633876800537 -0.12710224092006683
0.22743114829063416 0.27285680174827576 -0.1373690813779831
0.26714760065078735 0.5066379904747009 -0.06218361482024193
0.19459891319274902 0.460453063249588 -0.11235026270151138
0.1414790004491806 0.42343640327453613 -0.13705424964427948
0.0951925665140152 0.39404797554016113 -0.14511199295520782
0.24512135982513428 0.5516000390052795 -0.05985584482550621
0.22731836140155792 0.5902091264724731 -0.12133045494556427
0.27534231543540955 0.6247040033340454 -0.1343279331922531
0.31422823667526245 0.6411826610565186 -0.12415819615125656
0.23773717880249023 0.5996719598770142 -0.06109340116381645
0.23110434412956238 0.6369069814682007 -0.1044534370303154
0.2696111500263214 0.6597766876220703 -0.10758073627948761
0.30684036016464233 0.669975996017456 -0.09762365370988846
