Henrik_image_five_56.jpg
0.6106153726577759 0.486882746219635 3.239030945678678e-07
0.5661813616752625 0.5154314637184143 -0.021301966160535812
0.5167406797409058 0.5201063752174377 -0.033246591687202454
0.47601351141929626 0.5165954828262329 -0.04392983019351959
0.44282710552215576 0.5196146965026855 -0.054773155599832535
0.4923666715621948 0.4210931062698364 -0.018856965005397797
0.44903725385665894 0.3877161145210266 -0.0345870666205883
0.4231157898902893 0.3643385171890259 -0.047497279942035675
0.40162816643714905 0.34117391705513 -0.0572977177798748
0.5089174509048462 0.38589662313461304 -0.02167663723230362
0.4650241434574127 0.3338758945465088 -0.03661515936255455
0.4368079900741577 0.30067121982574463 -0.049777641892433167
0.4128451943397522 0.27102965116500854 -0.05938014015555382
0.5330392718315125 0.36432793736457825 -0.027575703337788582
0.4973682165145874 0.30699706077575684 -0.04558980092406273
0.47361665964126587 0.2694384455680847 -0.058600764721632004
0.451556921005249 0.23804856836795807 -0.06731295585632324
0.5629075169563293 0.35290098190307617 -0.03509489446878433
0.5478641986846924 0.2977618873119354 -0.051904287189245224
0.5362859964370728 0.2603760361671448 -0.06003330275416374
0.523489236831665 0.22750478982925415 -0.06540340185165405
