Henrik_image_two_32.jpg
0.481376975774765 0.6793538928031921 3.5475193271850003e-07
0.5390308499336243 0.6789436340332031 -0.04270297661423683
0.6050543785095215 0.6569012403488159 -0.07542990148067474
0.6490101218223572 0.6585598587989807 -0.10734260082244873
0.6893415451049805 0.6739748120307922 -0.1396861970424652
0.5888305306434631 0.49525386095046997 -0.04584480822086334
0.6156284809112549 0.39899739623069763 -0.07714491337537766
0.6281975507736206 0.33258873224258423 -0.09637252986431122
0.6379262804985046 0.27654579281806946 -0.10929326713085175
0.5429399609565735 0.46431446075439453 -0.04098385199904442
0.5389271974563599 0.4727473855018616 -0.08476166427135468
0.5279054641723633 0.5491449236869812 -0.09499148279428482
0.5266345739364624 0.5793566107749939 -0.09186431765556335
0.49965062737464905 0.45771631598472595 -0.03975294902920723
0.490862101316452 0.47414571046829224 -0.07959884405136108
0.4893905818462372 0.5461684465408325 -0.07117650657892227
0.4951504170894623 0.5733034610748291 -0.054590627551078796
0.4581540822982788 0.46277451515197754 -0.0426662340760231
0.45330139994621277 0.4707719385623932 -0.0672370195388794
0.460060179233551 0.5334553718566895 -0.055156197398900986
0.4689785838127136 0.5624537467956543 -0.03723771870136261
