Henrik_image_zero_27.jpg
0.3168034255504608 0.384407639503479 -2.832416612363886e-07
0.3594449758529663 0.39922234416007996 -0.015720507130026817
0.4057316482067108 0.357551634311676 -0.016710378229618073
0.4232470691204071 0.2963983714580536 -0.015755947679281235
0.42344316840171814 0.25656741857528687 -0.00999164767563343
0.3980487883090973 0.2875068783760071 -0.004140663426369429
0.40244683623313904 0.24937401711940765 -0.023428073152899742
0.39258164167404175 0.2957894206047058 -0.030919216573238373
0.39174115657806396 0.311616986989975 -0.033430539071559906
0.3689156472682953 0.27781152725219727 -0.001587437349371612
0.37334439158439636 0.24515631794929504 -0.022575192153453827
0.3648209571838379 0.3064284026622772 -0.024367811158299446
0.3665914237499237 0.3095322549343109 -0.02083825133740902
0.34246188402175903 0.2732968330383301 -0.0027128495275974274
0.3442552983760834 0.2463076412677765 -0.025686807930469513
0.3390730917453766 0.30329471826553345 -0.016022471711039543
0.341191828250885 0.3096529245376587 -0.004242130555212498
0.31403836607933044 0.26702991127967834 -0.004932911600917578
0.3147476315498352 0.25300830602645874 -0.019015733152627945
0.3145756721496582 0.29473674297332764 -0.01207045093178749
0.31740206480026245 0.30231207609176636 -0.003391899634152651
