Henrik_image_two_26.jpg
0.3592994213104248 0.7615693211555481 1.3609340498987876e-07
0.44246864318847656 0.8171340227127075 -0.0816296637058258
0.5350778698921204 0.8248730897903442 -0.1365782469511032
0.6213443875312805 0.8388612270355225 -0.1816924661397934
0.6885035037994385 0.8692710399627686 -0.22595824301242828
0.5286645293235779 0.6047253012657166 -0.13619273900985718
0.5625612735748291 0.4547392427921295 -0.2012833207845688
0.5812732577323914 0.35359668731689453 -0.2354300320148468
0.5954002141952515 0.25788938999176025 -0.2604922354221344
0.4798371195793152 0.5298917889595032 -0.12074088305234909
0.4253721237182617 0.5735241770744324 -0.19233590364456177
0.40640681982040405 0.701235294342041 -0.19198085367679596
0.42027562856674194 0.7482015490531921 -0.18338172137737274
0.4171043336391449 0.5049188137054443 -0.11171594262123108
0.3603348433971405 0.587684690952301 -0.17755469679832458
0.3585379719734192 0.6929470896720886 -0.15487103164196014
0.3843667507171631 0.7288753390312195 -0.13058394193649292
0.3618546724319458 0.5007870197296143 -0.11089871823787689
0.3178273141384125 0.5718322992324829 -0.1637394279241562
0.3193686008453369 0.6672725677490234 -0.15627215802669525
0.34333086013793945 0.7081878185272217 -0.14093448221683502
