Henrik_image_four_44.jpg
0.42392095923423767 0.8724256753921509 6.214046379682259e-07
0.3945353329181671 0.7966581583023071 -0.012420343235135078
0.3832728862762451 0.715655505657196 -0.029063334688544273
0.36768174171447754 0.6458954811096191 -0.041795991361141205
0.3402080535888672 0.6083322763442993 -0.056367624551057816
0.438796728849411 0.6858517527580261 -0.05660546198487282
0.4749253988265991 0.5862420797348022 -0.07897551357746124
0.4939958453178406 0.5250350832939148 -0.09038372337818146
0.5106492042541504 0.477544367313385 -0.09654578566551208
0.47792482376098633 0.710019052028656 -0.05874190479516983
0.528698205947876 0.6106307506561279 -0.07367601990699768
0.5611895322799683 0.5500457286834717 -0.07809267938137054
0.5864403247833252 0.5079996585845947 -0.08166944980621338
0.5090955495834351 0.7464545369148254 -0.05876035988330841
0.55604487657547 0.6644166707992554 -0.07157900929450989
0.588537871837616 0.6116319894790649 -0.07555370777845383
0.6127022504806519 0.5766534209251404 -0.07863488793373108
0.5292421579360962 0.7868072390556335 -0.05799911543726921
0.5565653443336487 0.7361858487129211 -0.06679300963878632
0.5721025466918945 0.7075430750846863 -0.06494764238595963
0.5839022994041443 0.685842752456665 -0.06316942721605301
