Henrik_image_four_57.jpg
0.3412168323993683 0.685667097568512 5.046460955782095e-07
0.3085760772228241 0.6013734340667725 -0.00426611490547657
0.2942039966583252 0.5198129415512085 -0.009873938746750355
0.2766844928264618 0.45448416471481323 -0.014184689149260521
0.2533162236213684 0.4151705503463745 -0.01899881102144718
0.3458665907382965 0.4822951555252075 -0.008903635665774345
0.36682581901550293 0.4179288148880005 -0.011180216446518898
0.3803249001502991 0.3770189881324768 -0.016330840066075325
0.3914889395236969 0.34074512124061584 -0.022038059309124947
0.3826982080936432 0.49284544587135315 -0.01231725700199604
0.4161677658557892 0.42747145891189575 -0.013027275912463665
0.43653997778892517 0.3825928568840027 -0.01949794590473175
0.45046132802963257 0.3469412922859192 -0.02595621347427368
0.4156119227409363 0.5209658741950989 -0.014539802446961403
0.4564257860183716 0.46538645029067993 -0.01904967799782753
0.4770206809043884 0.42515087127685547 -0.0273134782910347
0.4889543056488037 0.39784544706344604 -0.034351203590631485
0.4402589797973633 0.5601938366889954 -0.01568620093166828
0.45442381501197815 0.529159665107727 -0.019380036741495132
0.44376641511917114 0.5310871601104736 -0.01745397038757801
0.43363362550735474 0.5421570539474487 -0.015956183895468712
