Henrik_image_four_46.jpg
0.3705557584762573 0.8609749674797058 4.880544679508603e-07
0.3401404321193695 0.7852491736412048 -0.006125787738710642
0.3262665867805481 0.7015143632888794 -0.01683298870921135
0.3075687885284424 0.638191819190979 -0.02496968023478985
0.27900147438049316 0.6030551195144653 -0.034642767161130905
0.36786460876464844 0.6659894585609436 -0.04255238547921181
0.39654138684272766 0.5613265037536621 -0.05931864306330681
0.412850022315979 0.49675050377845764 -0.06552235782146454
0.42499563097953796 0.44836971163749695 -0.06817317754030228
0.4056623578071594 0.6826527118682861 -0.04739515110850334
0.4494134187698364 0.5748389363288879 -0.06208552047610283
0.4754035770893097 0.5084551572799683 -0.06435947865247726
0.493196964263916 0.4605741500854492 -0.06443759799003601
0.4390908181667328 0.7145535945892334 -0.05005253106355667
0.49108850955963135 0.635427713394165 -0.06246022880077362
0.5176312327384949 0.5864513516426086 -0.06603654474020004
0.5350823998451233 0.5543588995933533 -0.06785088032484055
0.4643377363681793 0.7552273869514465 -0.05159565806388855
0.4799262285232544 0.7147730588912964 -0.05626513436436653
0.4667724370956421 0.7194896936416626 -0.04872259870171547
0.4567970037460327 0.7366358637809753 -0.0427241288125515
