Henrik_image_spock_87.jpg
0.4119987189769745 0.567022442817688 5.733424472964543e-07
0.36914682388305664 0.51771479845047 -0.013459902256727219
0.3392364978790283 0.46007275581359863 -0.035680271685123444
0.30670809745788574 0.40974971652030945 -0.05593490228056908
0.26822590827941895 0.39082181453704834 -0.07746993750333786
0.3796067237854004 0.3966672718524933 -0.06081680953502655
0.38896432518959045 0.2950272560119629 -0.08689805865287781
0.3973315358161926 0.23370014131069183 -0.09984192252159119
0.40505504608154297 0.1824842393398285 -0.10675272345542908
0.4126783013343811 0.3999119997024536 -0.06595111638307571
0.4223766028881073 0.28823143243789673 -0.0947679802775383
0.4326859712600708 0.21632926166057587 -0.10836796462535858
0.44292184710502625 0.15799856185913086 -0.11571286618709564
0.44780439138412476 0.42088213562965393 -0.06790674477815628
0.4839462637901306 0.34505319595336914 -0.09191981703042984
0.5088016986846924 0.31634092330932617 -0.09588426351547241
0.5239588022232056 0.29922741651535034 -0.09408596158027649
0.47963494062423706 0.4472031593322754 -0.06928140670061111
0.5013710260391235 0.3753088712692261 -0.08369608223438263
0.5178015232086182 0.3311426639556885 -0.08147646486759186
0.5297448039054871 0.2928587794303894 -0.07694010436534882
