Henrik_image_spock_55.jpg
0.419968843460083 0.6258165836334229 1.2979013774838677e-07
0.386099636554718 0.5912455320358276 -0.010095903649926186
0.3608469069004059 0.5473252534866333 -0.026415672153234482
0.33224019408226013 0.5101493000984192 -0.041061509400606155
0.30381450057029724 0.49554207921028137 -0.05701913684606552
0.4060360789299011 0.49198460578918457 -0.046089593321084976
0.41405242681503296 0.4097083806991577 -0.06306648254394531
0.4198753833770752 0.3681606948375702 -0.06979051977396011
0.42551469802856445 0.33151155710220337 -0.07401559501886368
0.43752118945121765 0.494023859500885 -0.04963880777359009
0.44618475437164307 0.40590807795524597 -0.07035627961158752
0.4496906101703644 0.354581356048584 -0.07832475006580353
0.45255929231643677 0.3127017617225647 -0.0830979272723198
0.4644375145435333 0.5112777352333069 -0.05119128152728081
0.4929753839969635 0.44269418716430664 -0.0692497119307518
0.5105319023132324 0.397456556558609 -0.07543652504682541
0.521364152431488 0.36365407705307007 -0.07766517251729965
0.48494890332221985 0.5346513986587524 -0.05188155919313431
0.5055665969848633 0.4775967299938202 -0.06255201995372772
0.5159435868263245 0.4417417645454407 -0.0629449412226677
0.5232293605804443 0.41130146384239197 -0.06212352216243744
