Henrik_image_spock_62.jpg
0.4670752286911011 0.5752894282341003 3.380095279226225e-07
0.44239842891693115 0.5253304839134216 -0.0071632699109613895
0.4267409145832062 0.47754961252212524 -0.019367443397641182
0.410957932472229 0.4330063462257385 -0.03088904730975628
0.38774871826171875 0.408386766910553 -0.0430438257753849
0.4769885838031769 0.42302361130714417 -0.027480876073241234
0.4944884777069092 0.3473701477050781 -0.03911257162690163
0.5060647130012512 0.30608293414115906 -0.04413918778300285
0.5155792236328125 0.2712164521217346 -0.04720703884959221
0.5049815773963928 0.4316403269767761 -0.031064851209521294
0.5207454562187195 0.3499976098537445 -0.04416166990995407
0.5312063694000244 0.3026546835899353 -0.04993357136845589
0.5394033193588257 0.26440298557281494 -0.05366140231490135
0.5276570320129395 0.45536673069000244 -0.03366539254784584
0.5573806166648865 0.4013172388076782 -0.045455969870090485
0.5812633037567139 0.37336745858192444 -0.049545273184776306
0.5974700450897217 0.3522183895111084 -0.05127117782831192
0.5451714396476746 0.48426365852355957 -0.0360306017100811
0.5721718668937683 0.4378426671028137 -0.043583180755376816
0.5872164368629456 0.40966907143592834 -0.04378051683306694
0.5993418097496033 0.3831697106361389 -0.04308592528104782
