Henrik_image_spock_1.jpg
0.7441003918647766 0.677448570728302 3.395100804937101e-07
0.6915973424911499 0.6724458336830139 -0.03691855072975159
0.6602505445480347 0.6253500580787659 -0.05766719579696655
0.6463629603385925 0.5645074248313904 -0.07303206622600555
0.6162416338920593 0.5241072773933411 -0.08883842825889587
0.6782029867172241 0.5326763987541199 -0.05272199958562851
0.6574428081512451 0.45763716101646423 -0.0778382197022438
0.6459436416625977 0.411401629447937 -0.09545577317476273
0.6362994909286499 0.36586785316467285 -0.10858917981386185
0.7113490104675293 0.5104245543479919 -0.04932994395494461
0.6877484917640686 0.42681634426116943 -0.07729389518499374
0.6707592010498047 0.3724763095378876 -0.09882265329360962
0.6537387371063232 0.32148200273513794 -0.11445390433073044
0.7450550198554993 0.5115175247192383 -0.0477144680917263
0.7474071979522705 0.4265475869178772 -0.07503290474414825
0.7456530332565308 0.3704090416431427 -0.09209297597408295
0.7406070828437805 0.32303863763809204 -0.10292673110961914
0.7777201533317566 0.5263127088546753 -0.04803076758980751
0.7821511030197144 0.4565751552581787 -0.07054165005683899
0.7813407182693481 0.41175711154937744 -0.08120351284742355
0.7757900953292847 0.3714870810508728 -0.0884288102388382
