Henrik_image_four_19.jpg
0.6707150936126709 0.9460957050323486 5.071915438747965e-07
0.6987276673316956 0.8615745902061462 -0.004970830399543047
0.6999989748001099 0.7675028443336487 -0.015739712864160538
0.6919296979904175 0.6858736276626587 -0.02274688147008419
0.6961793303489685 0.6276851296424866 -0.031927574425935745
0.6686331033706665 0.7529363036155701 -0.053130339831113815
0.6211718916893005 0.6490013003349304 -0.068821020424366
0.5911030769348145 0.5915069580078125 -0.07178763300180435
0.5675402879714966 0.5497684478759766 -0.07149956375360489
0.6314316987991333 0.7879102230072021 -0.05710483342409134
0.5707703232765198 0.6753561496734619 -0.07409057766199112
0.5352118015289307 0.6144663095474243 -0.07724974304437637
0.5071958303451538 0.5709861516952515 -0.07710587978363037
0.5957125425338745 0.8257242441177368 -0.05717857927083969
0.5389214754104614 0.7275537848472595 -0.0703209787607193
0.5085265040397644 0.6733384728431702 -0.07376679033041
0.4860702157020569 0.6369947791099548 -0.07482139766216278
0.5681635737419128 0.8662645220756531 -0.05569823086261749
0.5381103754043579 0.7884042263031006 -0.06156880035996437
0.5453840494155884 0.7741243839263916 -0.0542929507791996
0.5548169612884521 0.7713611125946045 -0.04729178175330162
