Henrik_image_five_37.jpg
0.7091077566146851 0.6270170211791992 5.33899481069966e-07
0.6439306139945984 0.6408282518386841 -0.032785240560770035
0.5771220326423645 0.610725998878479 -0.04951189458370209
0.522300660610199 0.5821981430053711 -0.06343937665224075
0.4746575951576233 0.5864534974098206 -0.07838504761457443
0.569975733757019 0.4704015552997589 -0.03293762728571892
0.5215059518814087 0.4034121334552765 -0.05670613422989845
0.4905654489994049 0.3609826862812042 -0.07608111947774887
0.4658359885215759 0.3228871822357178 -0.0910198986530304
0.6050925254821777 0.4310224652290344 -0.036320652812719345
0.5626839399337769 0.3401457965373993 -0.05718023329973221
0.536523163318634 0.28477543592453003 -0.07571791112422943
0.515248715877533 0.2352760285139084 -0.08962120115756989
0.6482136845588684 0.4151875972747803 -0.04392377287149429
0.6154196858406067 0.32039129734039307 -0.07278192788362503
0.5939314365386963 0.26149851083755493 -0.09215258061885834
0.5766180157661438 0.20889240503311157 -0.10479454696178436
0.6973370313644409 0.4192200303077698 -0.053649742156267166
0.7011827230453491 0.33731257915496826 -0.0857405960559845
0.7004443407058716 0.280295193195343 -0.10080656409263611
0.6980886459350586 0.22836828231811523 -0.10937308520078659
