Henrik_image_two_6.jpg
0.3530457615852356 0.8666453957557678 6.868241086976923e-08
0.4030967950820923 0.8182148933410645 -0.021615589037537575
0.43950045108795166 0.7429903149604797 -0.038921158760786057
0.4770139455795288 0.7028136253356934 -0.05726581811904907
0.5152772068977356 0.6979856491088867 -0.07635892182588577
0.3621954023838043 0.6480806469917297 -0.03957289829850197
0.34584903717041016 0.5682635307312012 -0.06627342104911804
0.33271515369415283 0.5159822702407837 -0.08266230672597885
0.3205016851425171 0.47068315744400024 -0.09558750689029694
0.3173719644546509 0.6617226600646973 -0.045509010553359985
0.3400650918483734 0.6628432273864746 -0.08889831602573395
0.3662601113319397 0.7255663275718689 -0.09860274195671082
0.37710294127464294 0.7662538290023804 -0.09733107686042786
0.2831251919269562 0.6973414421081543 -0.05288024619221687
0.3174249529838562 0.7230181097984314 -0.09212224930524826
0.3444417715072632 0.7771879434585571 -0.08784669637680054
0.35466283559799194 0.8056579232215881 -0.0762648954987526
0.2566094398498535 0.7414544224739075 -0.06262897700071335
0.28565514087677 0.7608916163444519 -0.0886419489979744
0.3154779076576233 0.7960444688796997 -0.08543283492326736
0.3310314118862152 0.8147671818733215 -0.07703112810850143
