Henrik_image_spock_35.jpg
0.3970319628715515 0.7965874075889587 1.7824631015628256e-07
0.44067126512527466 0.7963852882385254 -0.011533262208104134
0.4828953444957733 0.7692375779151917 -0.01687917858362198
0.5107563138008118 0.7434504628181458 -0.021715618669986725
0.5313884019851685 0.7239266633987427 -0.02811315841972828
0.46615707874298096 0.7135154008865356 -0.023234453052282333
0.4868975579738617 0.6629874110221863 -0.037788279354572296
0.499424010515213 0.6303384304046631 -0.046824708580970764
0.5096597075462341 0.6016600728034973 -0.053153280168771744
0.44398295879364014 0.7005831003189087 -0.027383189648389816
0.46532851457595825 0.6428489685058594 -0.04153411090373993
0.4797249138355255 0.6059924364089966 -0.05142127349972725
0.4911666214466095 0.5728469491004944 -0.058568138629198074
0.419121116399765 0.6979138255119324 -0.03229121118783951
0.42899104952812195 0.6397705078125 -0.04693980887532234
0.4361697733402252 0.6016120910644531 -0.055479586124420166
0.44305670261383057 0.5688834190368652 -0.061037253588438034
0.39300212264060974 0.7027528882026672 -0.03784426674246788
0.39910176396369934 0.6580683588981628 -0.05153178051114082
0.40356892347335815 0.6297988295555115 -0.0573185533285141
0.40809765458106995 0.6047405004501343 -0.060855794697999954
