Henrik_image_two_55.jpg
0.5880128741264343 0.8788101673126221 2.795566445001896e-07
0.5914891958236694 0.7989580035209656 -0.00368107995018363
0.5789116024971008 0.7275940775871277 -0.012292658910155296
0.5772422552108765 0.6616923213005066 -0.020182250067591667
0.5967301726341248 0.6214612722396851 -0.029334258288145065
0.5131235718727112 0.72636878490448 -0.021085241809487343
0.45462876558303833 0.6844637989997864 -0.02469930425286293
0.42014509439468384 0.6616693735122681 -0.026654507964849472
0.39123642444610596 0.6449335217475891 -0.028796976432204247
0.48884764313697815 0.7618317008018494 -0.020337935537099838
0.4558604955673218 0.7398813962936401 -0.01765400916337967
0.4747910797595978 0.7494567036628723 -0.008163807913661003
0.4954456090927124 0.7626832723617554 -0.0031072748824954033
0.4743220806121826 0.8054468631744385 -0.018270693719387054
0.45415055751800537 0.7834835648536682 -0.01513028983026743
0.46944528818130493 0.7916573286056519 -0.005051327869296074
0.4863113760948181 0.8048749566078186 -1.0260603630740661e-05
0.46436092257499695 0.8463240265846252 -0.016255198046565056
0.45217451453208923 0.8260265588760376 -0.008895203471183777
0.4680297374725342 0.830997109413147 0.002734327455982566
0.48168596625328064 0.8399825096130371 0.010375925339758396
