Leon_image_three_86.jpg
0.5364572405815125 0.9789196848869324 7.643278081559401e-07
0.6384878158569336 0.9467328190803528 -0.019819041714072227
0.7220999002456665 0.8610154390335083 -0.022512095049023628
0.7749502062797546 0.7922649383544922 -0.03171225264668465
0.817330002784729 0.7467576861381531 -0.039007723331451416
0.6602139472961426 0.7110183238983154 0.008140534162521362
0.6994042992591858 0.5845499038696289 -0.012278913520276546
0.720796525478363 0.5096909403800964 -0.024325460195541382
0.7386712431907654 0.44662290811538696 -0.03156377002596855
0.6174941062927246 0.6884167194366455 -0.003343188902363181
0.6483728289604187 0.5282909870147705 -0.03850845620036125
0.6779229044914246 0.43384695053100586 -0.060350678861141205
0.7011475563049316 0.35642147064208984 -0.06927278637886047
0.5667822957038879 0.6883499622344971 -0.019325491040945053
0.6201626658439636 0.5740694403648376 -0.08157960325479507
0.6317790150642395 0.6840091347694397 -0.08559718728065491
0.6258221864700317 0.7679774165153503 -0.06736314296722412
0.5151700377464294 0.707385778427124 -0.03595874086022377
0.5731677412986755 0.6447453498840332 -0.0884452685713768
0.5907870531082153 0.7225021123886108 -0.08727136254310608
0.5845192074775696 0.7902546525001526 -0.0718732550740242
