Leon_image_four_25.jpg
0.6605899930000305 0.8697057962417603 4.952762537868693e-07
0.6958996653556824 0.7975929379463196 0.015014157630503178
0.7042311429977417 0.7178946733474731 0.02124401554465294
0.7031594514846802 0.6514950394630432 0.024385498836636543
0.7130460739135742 0.6059463024139404 0.026792533695697784
0.6311869025230408 0.6277244687080383 0.009905563667416573
0.607654333114624 0.5223493576049805 0.012175437994301319
0.591521143913269 0.4687056541442871 0.014779922552406788
0.57718425989151 0.4301648437976837 0.017855394631624222
0.5923726558685303 0.643561601638794 0.0015609535621479154
0.5568777918815613 0.53397136926651 0.00419152295216918
0.5331603288650513 0.4796343147754669 0.007145818788558245
0.5141178369522095 0.443288654088974 0.010346349328756332
0.5599872469902039 0.6786958575248718 -0.0046638865023851395
0.5203328728675842 0.5973447561264038 -0.0013760356232523918
0.4995499849319458 0.5639488697052002 0.0014006829587742686
0.4858744144439697 0.5467898845672607 0.0041414899751544
0.5331300497055054 0.7279381155967712 -0.009425819851458073
0.5069097280502319 0.6776752471923828 0.0005826658452861011
0.5035399794578552 0.6645594835281372 0.012451928108930588
0.5053314566612244 0.6650551557540894 0.02211681939661503
