Leon_image_three_30.jpg
0.25034376978874207 0.8759803771972656 7.568705768790096e-07
0.2159564197063446 0.7484150528907776 0.04170547425746918
0.2108008861541748 0.6168017983436584 0.05017075315117836
0.2020634561777115 0.512915849685669 0.04532799869775772
0.17244218289852142 0.4425789713859558 0.039897650480270386
0.2550603151321411 0.4815542697906494 0.026225347071886063
0.3093036413192749 0.3194238841533661 0.021275026723742485
0.3481800854206085 0.23826730251312256 0.02314586564898491
0.38030850887298584 0.17736586928367615 0.026107337325811386
0.3069548010826111 0.4935722053050995 -0.005752750672399998
0.4113942086696625 0.37405502796173096 -0.006635709200054407
0.47241511940956116 0.3170754909515381 -0.004892211873084307
0.5139948129653931 0.2791268825531006 -0.003247662214562297
0.35774585604667664 0.5398792624473572 -0.03465442731976509
0.4452208876609802 0.5224382877349854 -0.03143426403403282
0.44420570135116577 0.5894334316253662 -0.019904721528291702
0.4270673394203186 0.6389619708061218 -0.011241686530411243
0.40432488918304443 0.6049394607543945 -0.06162217631936073
0.46681904792785645 0.6216821670532227 -0.05189048871397972
0.46103140711784363 0.6676100492477417 -0.03692002594470978
0.4464658200740814 0.6999838948249817 -0.024207742884755135
