Leon_image_zero_45.jpg
0.4828674793243408 0.8447843790054321 -7.473435061911005e-07
0.39351359009742737 0.8458072543144226 -0.0410345196723938
0.2952040433883667 0.7978423237800598 -0.06392566114664078
0.2591788172721863 0.6947640180587769 -0.08855059742927551
0.29963889718055725 0.6038117408752441 -0.1021667867898941
0.2545863687992096 0.6513862013816833 0.0022801598533988
0.21619223058223724 0.5788944363594055 -0.0563896968960762
0.2607179880142212 0.6693745851516724 -0.0830315500497818
0.28210753202438354 0.6879352927207947 -0.09370839595794678
0.3087308704853058 0.6092259287834167 -0.004076050594449043
0.2771915793418884 0.5434487462043762 -0.06588105112314224
0.319104939699173 0.6567303538322449 -0.07104244828224182
0.3315364122390747 0.6651124954223633 -0.057985663414001465
0.3685504198074341 0.5834581851959229 -0.023890670388936996
0.3473697900772095 0.5333327651023865 -0.0823398008942604
0.3792169392108917 0.6488466262817383 -0.06155695766210556
0.38635483384132385 0.6632261276245117 -0.031246155500411987
0.43477505445480347 0.568844199180603 -0.04907865449786186
0.41030681133270264 0.5492465496063232 -0.07461484521627426
0.4256345331668854 0.6349694728851318 -0.0557270310819149
0.4315914511680603 0.6530574560165405 -0.033734407275915146
