Leon_image_five_64.jpg
0.6153351664543152 0.6722226142883301 3.971273940805986e-07
0.5672708749771118 0.5963152050971985 0.01382139977067709
0.5513247847557068 0.5196583271026611 0.013231022283434868
0.5486830472946167 0.45589691400527954 0.007056059781461954
0.5441172122955322 0.39854854345321655 0.0013944146921858191
0.6008002758026123 0.4042362868785858 0.01799260638654232
0.6323542594909668 0.28980016708374023 0.011159361340105534
0.6645587682723999 0.2454674392938614 0.004989747889339924
0.6922572255134583 0.2261102944612503 0.002213238039985299
0.6409144997596741 0.4045543670654297 0.0008965189335867763
0.6771801710128784 0.28814852237701416 0.0011910083703696728
0.7100657224655151 0.2434844672679901 -0.00204798043705523
0.738409698009491 0.22464635968208313 -0.005315062589943409
0.681074321269989 0.4231124520301819 -0.01751549355685711
0.7200032472610474 0.31855309009552 -0.014497129246592522
0.7508564591407776 0.27395865321159363 -0.014908229932188988
0.7754237055778503 0.24771811068058014 -0.01765172742307186
0.7237904667854309 0.46087077260017395 -0.03625255450606346
0.7656678557395935 0.38591209053993225 -0.029319528490304947
0.7897924780845642 0.34554994106292725 -0.023532574996352196
0.8059276938438416 0.3149297833442688 -0.020478596910834312
