Leon_image_spock_42.jpg
0.6177219152450562 0.9140625 2.5645709911259473e-07
0.5636840462684631 0.8359655737876892 0.012950878590345383
0.5405867695808411 0.7467172741889954 0.01682002656161785
0.5301077365875244 0.6661768555641174 0.019080543890595436
0.5164347290992737 0.6103742122650146 0.022428758442401886
0.6155285239219666 0.6586017608642578 0.017026063054800034
0.640550971031189 0.5530005097389221 0.027019066736102104
0.6573659181594849 0.507622241973877 0.03532902151346207
0.6689021587371826 0.4728398621082306 0.04161449894309044
0.660379946231842 0.6735809445381165 0.012305554933845997
0.685831606388092 0.5597839951515198 0.02103131078183651
0.6969839334487915 0.5090342164039612 0.025958428159356117
0.7045155763626099 0.47288385033607483 0.02980768121778965
0.6989538669586182 0.7071040868759155 0.00896462518721819
0.7431867122650146 0.6248816251754761 0.016790231689810753
0.7708742618560791 0.5810084939002991 0.01848696358501911
0.7890773415565491 0.5471552610397339 0.0190208051353693
0.7265215516090393 0.7494252920150757 0.00784807838499546
0.7572034001350403 0.6807528734207153 0.02090357057750225
0.7741146087646484 0.6450154185295105 0.03142755106091499
0.7876747250556946 0.6158432960510254 0.03858156502246857
