Leon_image_five_29.jpg
0.6446271538734436 0.7568073868751526 6.280912430156604e-07
0.6058895587921143 0.6974062919616699 0.018136825412511826
0.5954550504684448 0.6297631859779358 0.012896858155727386
0.6006150841712952 0.5675475597381592 0.0022177875507622957
0.6013820767402649 0.5140109658241272 -0.010169636458158493
0.6478806138038635 0.5230917930603027 -0.012277962639927864
0.7108404040336609 0.4110318422317505 -0.023729220032691956
0.7581244707107544 0.36626142263412476 -0.025910621508955956
0.795400857925415 0.344790518283844 -0.02467629685997963
0.6831042170524597 0.5321957468986511 -0.03254367411136627
0.7543599009513855 0.40556466579437256 -0.0402970016002655
0.8066708445549011 0.36088693141937256 -0.03682322800159454
0.8478220105171204 0.3339284360408783 -0.032193832099437714
0.7208496928215027 0.5613095164299011 -0.05107865110039711
0.7884348630905151 0.43207570910453796 -0.05673623085021973
0.8387672305107117 0.38708966970443726 -0.0508183091878891
0.8780744671821594 0.360739529132843 -0.04638947173953056
0.7619574069976807 0.6097931265830994 -0.0681910589337349
0.8172011375427246 0.5108054280281067 -0.07061407715082169
0.8573634624481201 0.46594178676605225 -0.06343632936477661
0.8890851140022278 0.4320317208766937 -0.05689335614442825
