Leon_image_two_54.jpg
0.4338802099227905 0.8676235675811768 -2.572197956851596e-07
0.3745913505554199 0.7568557262420654 0.015591630712151527
0.33799105882644653 0.6494354605674744 0.0113315274938941
0.3170212209224701 0.5599666833877563 0.0006307034636847675
0.30065780878067017 0.4971833825111389 -0.00764578627422452
0.37393301725387573 0.5197687745094299 0.01002814806997776
0.47733134031295776 0.4687536060810089 0.004683664068579674
0.517671525478363 0.4981561303138733 -0.0008866726420819759
0.5278797149658203 0.5288947224617004 -0.0058732773177325726
0.4163551330566406 0.5289111137390137 -0.007748393341898918
0.5220969319343567 0.5105876922607422 -0.005138984881341457
0.5349350571632385 0.5653805136680603 -0.005477347411215305
0.5175384283065796 0.6133054494857788 -0.009149642661213875
0.46440669894218445 0.5629413723945618 -0.02436014823615551
0.5541467666625977 0.5549765229225159 -0.01680685579776764
0.5625953674316406 0.6052144169807434 -0.0055136228911578655
0.5445573329925537 0.6490260362625122 -0.0024440425913780928
0.5109039545059204 0.6109147071838379 -0.04111195355653763
0.5811721086502075 0.6078731417655945 -0.03180099278688431
0.5895230174064636 0.6487100720405579 -0.017342591658234596
0.5768266916275024 0.6841350793838501 -0.006937895901501179
