Leon_image_one_60.jpg
0.6310974359512329 0.7910877466201782 -1.0488032557987026e-06
0.5509549975395203 0.741651177406311 -0.03577158972620964
0.4774394929409027 0.6296019554138184 -0.045866016298532486
0.42994579672813416 0.5455315113067627 -0.0561685711145401
0.3836069107055664 0.48486554622650146 -0.05868128687143326
0.5301756858825684 0.49785056710243225 -0.0007230675546452403
0.5218621492385864 0.4634607434272766 -0.04913215711712837
0.5259822010993958 0.5561947226524353 -0.0745706781744957
0.5331828594207764 0.5957130193710327 -0.08597685396671295
0.5910807847976685 0.4948660135269165 -0.00483859796077013
0.5867288708686829 0.4730377197265625 -0.055595770478248596
0.5791003108024597 0.5879632234573364 -0.06580670922994614
0.5826106071472168 0.6146835088729858 -0.061283838003873825
0.6491572260856628 0.5158208608627319 -0.019783008843660355
0.6458895802497864 0.508521318435669 -0.0736965611577034
0.6288020014762878 0.6110745668411255 -0.06394867599010468
0.6267736554145813 0.6296929717063904 -0.04377809911966324
0.7033436298370361 0.5487240552902222 -0.038159772753715515
0.6974493861198425 0.5345449447631836 -0.06939975917339325
0.6740208864212036 0.6090909242630005 -0.05890195444226265
0.6646503210067749 0.6301559209823608 -0.04283038526773453
