Leon_image_three_92.jpg
0.45707619190216064 0.9707836508750916 5.428275358099199e-07
0.5543719530105591 0.9341731667518616 -0.017448825761675835
0.6290730237960815 0.8573861718177795 -0.01714942418038845
0.6790676712989807 0.7921083569526672 -0.022610196843743324
0.7148328423500061 0.7532402873039246 -0.027302242815494537
0.5849151611328125 0.7281622290611267 0.011550979688763618
0.617149293422699 0.6183930039405823 -0.00635146489366889
0.6310170888900757 0.551773726940155 -0.019209561869502068
0.642666220664978 0.49144241213798523 -0.028001569211483
0.5423367619514465 0.7030143737792969 0.0010190238244831562
0.5681357979774475 0.5604450702667236 -0.029426656663417816
0.593277633190155 0.4781021475791931 -0.04909975454211235
0.614297091960907 0.41292062401771545 -0.05804440379142761
0.49431341886520386 0.7010999917984009 -0.014042951166629791
0.5322694182395935 0.5909501314163208 -0.07150575518608093
0.5434374809265137 0.6864238381385803 -0.07862232625484467
0.5404239892959595 0.7657359838485718 -0.06510397046804428
0.445323646068573 0.719635009765625 -0.029779501259326935
0.49041175842285156 0.6555346846580505 -0.08085010200738907
0.5082114934921265 0.727043092250824 -0.08338525146245956
0.5059917569160461 0.795762836933136 -0.07219535857439041
