Leon_image_two_99.jpg
0.6281070709228516 0.9334818720817566 1.1277325029368512e-07
0.7105347514152527 0.9248437881469727 -0.02330300584435463
0.7937374114990234 0.861104428768158 -0.03304063528776169
0.8497858047485352 0.8091185688972473 -0.0458236038684845
0.8927986025810242 0.7762888669967651 -0.05846976488828659
0.739190936088562 0.7142763137817383 -0.0027725461404770613
0.7630621790885925 0.6043539643287659 -0.02471120096743107
0.7837327122688293 0.540107011795044 -0.03837383911013603
0.801139235496521 0.4819997549057007 -0.0484372116625309
0.7007033824920654 0.7023464441299438 -0.007198781240731478
0.7434531450271606 0.6420144438743591 -0.05495539680123329
0.7338931560516357 0.7383864521980286 -0.0661517009139061
0.710586428642273 0.7981840372085571 -0.0603187158703804
0.659369707107544 0.6987318992614746 -0.0157840047031641
0.7004280090332031 0.6349645256996155 -0.06672731786966324
0.6930550336837769 0.7346224188804626 -0.05488758534193039
0.6717768311500549 0.7917983531951904 -0.030804282054305077
0.6103448867797852 0.7009122967720032 -0.0261088814586401
0.6551414728164673 0.6476312875747681 -0.06121370568871498
0.6581460237503052 0.7105329036712646 -0.05063248425722122
0.6411036252975464 0.7516262531280518 -0.032802514731884
