Leon_image_four_10.jpg
0.49781718850135803 1.0181094408035278 6.248679937925772e-07
0.5595988631248474 0.9162014126777649 -0.008046010509133339
0.5846434235572815 0.7933595776557922 -0.006097141187638044
0.5922979712486267 0.7011172771453857 -0.004902873188257217
0.6043707132339478 0.6435678005218506 -0.0023588601034134626
0.4815336763858795 0.6808604598045349 0.01936698891222477
0.4535890519618988 0.5515718460083008 0.016662072390317917
0.4358481764793396 0.47510433197021484 0.009878194890916348
0.42179426550865173 0.4183364510536194 0.003973233979195356
0.43394768238067627 0.7031223773956299 0.014781313948333263
0.39426952600479126 0.5684142112731934 0.0097705302760005
0.3742588460445404 0.4923582673072815 -9.999233589041978e-05
0.35487687587738037 0.4351975619792938 -0.0065571218729019165
0.39420604705810547 0.7423216700553894 0.007477813865989447
0.3585098385810852 0.6303110122680664 0.0007225705194287002
0.3420231342315674 0.5666395425796509 -0.0009371569030918181
0.3314429521560669 0.5232259631156921 -0.00015535097918473184
0.36585521697998047 0.7988202571868896 -0.0015603217761963606
0.32680895924568176 0.7143838405609131 -0.00536277424544096
0.3129810094833374 0.6748778820037842 0.0001496826735092327
0.3048703074455261 0.6442727446556091 0.006417745258659124
