Leon_image_five_32.jpg
0.5261130928993225 0.7731399536132812 2.6172145339842245e-07
0.4598345160484314 0.6817610859870911 0.018213767558336258
0.43361055850982666 0.5852413177490234 0.018071578815579414
0.4248627722263336 0.4990304112434387 0.013110392726957798
0.4134160876274109 0.4324926733970642 0.008079095743596554
0.5069853067398071 0.47256866097450256 0.010347277857363224
0.5265339016914368 0.3436628580093384 0.005954624153673649
0.550981342792511 0.2940765619277954 0.005151682533323765
0.5738064646720886 0.27159807085990906 0.006949762813746929
0.5624192357063293 0.4776952266693115 -0.006643022410571575
0.5960304141044617 0.33580482006073 -0.00718684121966362
0.6216638088226318 0.2809542417526245 -0.004899839870631695
0.6435862183570862 0.2598053812980652 -0.001864362508058548
0.6118190884590149 0.5062220096588135 -0.022945422679185867
0.6527122855186462 0.37731653451919556 -0.020843463018536568
0.6776278614997864 0.3280159831047058 -0.015734808519482613
0.6941003799438477 0.3043789565563202 -0.012217959389090538
0.6558358073234558 0.5555562973022461 -0.03801713511347771
0.6901684403419495 0.45899343490600586 -0.030200166627764702
0.7084127068519592 0.4086974859237671 -0.019194047898054123
0.7180941104888916 0.37346842885017395 -0.010283994488418102
