Leon_image_spock_64.jpg
0.4720665514469147 0.8445823192596436 2.4711442847547005e-07
0.43069925904273987 0.7846934199333191 0.004548669792711735
0.4112408757209778 0.7189053893089294 -0.0012420866405591369
0.39899805188179016 0.660618782043457 -0.00808122381567955
0.39003264904022217 0.6141185164451599 -0.014904828742146492
0.4613408148288727 0.6318248510360718 -0.011799645610153675
0.48394355177879333 0.5316596627235413 -0.019415244460105896
0.5022419691085815 0.48046186566352844 -0.021167512983083725
0.5159700512886047 0.4440891146659851 -0.020699353888630867
0.4968988001346588 0.6402981877326965 -0.021073002368211746
0.5241377353668213 0.5325796604156494 -0.030179742723703384
0.5370402336120605 0.47826069593429565 -0.032135508954524994
0.5461453199386597 0.4367007613182068 -0.03111068345606327
0.5337880253791809 0.6642385125160217 -0.0293060801923275
0.5783888101577759 0.5788574814796448 -0.03619189187884331
0.6024323105812073 0.5342601537704468 -0.03469504043459892
0.6180984377861023 0.500436007976532 -0.031772200018167496
0.5656577944755554 0.7015554904937744 -0.03644786775112152
0.5974780917167664 0.6296406984329224 -0.03575477749109268
0.6142686009407043 0.592454731464386 -0.02716633304953575
0.6256246566772461 0.5629952549934387 -0.019250422716140747
