Leon_image_three_95.jpg
0.4319726228713989 0.9707828760147095 5.212239670981944e-07
0.5283690094947815 0.9374919533729553 -0.012132148258388042
0.5984064340591431 0.8598577380180359 -0.007126750890165567
0.6468249559402466 0.7977877855300903 -0.007833966054022312
0.680972158908844 0.7562487721443176 -0.0073725078254938126
0.5540322661399841 0.7397511005401611 0.017278973013162613
0.5841039419174194 0.6369696855545044 0.002649823436513543
0.5963211059570312 0.5718239545822144 -0.007857868447899818
0.6089380383491516 0.512286901473999 -0.01598045602440834
0.5125183463096619 0.7159033417701721 0.004813820589333773
0.5350795388221741 0.5829241275787354 -0.026152897626161575
0.5549829006195068 0.499647855758667 -0.04814866930246353
0.5724198222160339 0.43018749356269836 -0.05904547497630119
0.46546250581741333 0.7171542048454285 -0.011372549459338188
0.4988250434398651 0.6101008057594299 -0.07076490670442581
0.5083932876586914 0.7066668272018433 -0.08005751669406891
0.5064453482627869 0.7830539345741272 -0.06788390129804611
0.4176965355873108 0.7400637865066528 -0.027349526062607765
0.45764827728271484 0.6746271252632141 -0.08184841275215149
0.47488635778427124 0.7460266351699829 -0.08688317239284515
0.47336795926094055 0.8103948831558228 -0.07724365592002869
