Leon_image_spock_54.jpg
0.3517993986606598 0.8908251523971558 2.6089770699400106e-07
0.3187668025493622 0.8340446352958679 0.005961634684354067
0.3039674758911133 0.7728589177131653 0.0010992786847054958
0.298797607421875 0.7178205847740173 -0.005411502439528704
0.2915971279144287 0.6719852089881897 -0.012428278103470802
0.3551251292228699 0.6919409036636353 -0.007420223671942949
0.38016030192375183 0.6010602712631226 -0.015396298840641975
0.39823174476623535 0.5529176592826843 -0.019308965653181076
0.4128383696079254 0.5191439390182495 -0.020540036261081696
0.3880581855773926 0.7002505660057068 -0.017790982499718666
0.41819342970848083 0.6037213206291199 -0.02317062020301819
0.4338318407535553 0.551166296005249 -0.02627946063876152
0.44639942049980164 0.5124188661575317 -0.028090812265872955
0.42036035656929016 0.7206881642341614 -0.027500521391630173
0.4647808372974396 0.640906572341919 -0.03242454305291176
0.4910658299922943 0.5955500602722168 -0.03416021540760994
0.50987309217453 0.5619297623634338 -0.03534291312098503
0.4486018419265747 0.7525829076766968 -0.03622838482260704
0.4819391071796417 0.6889844536781311 -0.03806507959961891
0.5000334978103638 0.6535311937332153 -0.034008726477622986
0.51262366771698 0.6242582201957703 -0.030075468122959137
