Leon_image_one_10.jpg
0.6458390355110168 1.001018762588501 -9.695563676359598e-07
0.5903973579406738 0.8793503642082214 -0.01098805945366621
0.5336222052574158 0.7431352138519287 -0.028724029660224915
0.4988946318626404 0.6365282535552979 -0.046090468764305115
0.4734068512916565 0.5434345602989197 -0.06074773520231247
0.5813642144203186 0.656029224395752 -0.06360834091901779
0.41963380575180054 0.687914252281189 -0.10928097367286682
0.4401567578315735 0.7552522420883179 -0.12294825911521912
0.4894561469554901 0.7640764117240906 -0.12735243141651154
0.611578106880188 0.7240442037582397 -0.07889954745769501
0.4377637505531311 0.7797383069992065 -0.12017824500799179
0.4733552038669586 0.8219178318977356 -0.1149868592619896
0.5207546353340149 0.8189881443977356 -0.11083020269870758
0.6279308199882507 0.8116879463195801 -0.0954170897603035
0.46481090784072876 0.8700720071792603 -0.13635307550430298
0.5021024942398071 0.905803918838501 -0.11494313180446625
0.550237774848938 0.8960296511650085 -0.09811343997716904
0.6351072788238525 0.909674346446991 -0.11185095459222794
0.499510258436203 0.9511839747428894 -0.14535440504550934
0.5288815498352051 0.9710937738418579 -0.13567589223384857
0.5784759521484375 0.9605499505996704 -0.12386739999055862
