Leon_image_four_27.jpg
0.7336781620979309 0.8494651913642883 3.181326349022129e-07
0.7747483253479004 0.7810088396072388 0.01679806411266327
0.7813752889633179 0.7050614356994629 0.025698645040392876
0.7817502021789551 0.6397186517715454 0.03093135356903076
0.7981098890304565 0.5970379710197449 0.0353209562599659
0.7159421443939209 0.6062678098678589 0.019692225381731987
0.6942781805992126 0.5117262601852417 0.024369079619646072
0.6806821227073669 0.4618266522884369 0.02717980556190014
0.6688424348831177 0.4233066439628601 0.029353689402341843
0.6770613193511963 0.6200122237205505 0.0103333480656147
0.6457176804542542 0.5168948769569397 0.013679846189916134
0.6273210644721985 0.46290701627731323 0.015840744599699974
0.6122017502784729 0.4237441122531891 0.018758082762360573
0.6440668106079102 0.6526234149932861 0.0023666862398386
0.606829822063446 0.5761526823043823 0.003905516117811203
0.5858210921287537 0.5405026078224182 0.003458303865045309
0.5707858800888062 0.5192990303039551 0.004681875463575125
0.6162168383598328 0.7012248635292053 -0.003933948930352926
0.5887649059295654 0.6442211270332336 0.003916348796337843
0.5845751762390137 0.6329658627510071 0.01399016659706831
0.5853158235549927 0.6359292268753052 0.022449815645813942
