Leon_image_two_95.jpg
0.5324797630310059 0.9532815217971802 -4.6050864455082774e-08
0.6117179989814758 0.9499281644821167 -0.03056052327156067
0.6983013153076172 0.8850141763687134 -0.041947778314352036
0.7611619234085083 0.8302021622657776 -0.05352099612355232
0.8075833916664124 0.7906211018562317 -0.06399684399366379
0.6553862690925598 0.7361724972724915 -0.013855665922164917
0.6809722781181335 0.6246675252914429 -0.03892102092504501
0.6987752914428711 0.5563740134239197 -0.05410970747470856
0.7107807397842407 0.4942976236343384 -0.06545046716928482
0.615982174873352 0.7244045734405518 -0.015230593271553516
0.6502634286880493 0.660721480846405 -0.06660599261522293
0.6399490237236023 0.7628290057182312 -0.07800336927175522
0.6201056838035583 0.8239424824714661 -0.07146137207746506
0.5711447596549988 0.7232509851455688 -0.020908063277602196
0.6019999980926514 0.6587848663330078 -0.07522488385438919
0.5944189429283142 0.7617645859718323 -0.06201506406068802
0.5770044326782227 0.8156750202178955 -0.03656839206814766
0.5188560485839844 0.7294431924819946 -0.02868710458278656
0.555141031742096 0.6753022074699402 -0.06639225035905838
0.5568106770515442 0.7454230189323425 -0.05408589541912079
0.5415265560150146 0.7877476215362549 -0.03450306877493858
