Leon_image_three_19.jpg
0.4154355823993683 0.9160346984863281 7.485101605197997e-07
0.5104007124900818 0.8448690176010132 -0.026959944516420364
0.5804349780082703 0.7121453881263733 -0.03122139349579811
0.6256109476089478 0.6099609732627869 -0.03897672891616821
0.6663823127746582 0.5455901622772217 -0.04539281129837036
0.5086138248443604 0.5806864500045776 -0.0039558554999530315
0.5266935229301453 0.4452095627784729 -0.026316581293940544
0.5338308811187744 0.36298036575317383 -0.04031040146946907
0.5373912453651428 0.29306647181510925 -0.04951167851686478
0.44947683811187744 0.5778510570526123 -0.012811107560992241
0.44529086351394653 0.408263623714447 -0.04590311646461487
0.44587185978889465 0.3070547580718994 -0.06558716297149658
0.44249072670936584 0.22452056407928467 -0.07369046658277512
0.3926112949848175 0.6085636019706726 -0.026188233867287636
0.3997873365879059 0.4838109612464905 -0.08870279788970947
0.4317672550678253 0.5816501379013062 -0.09366893023252487
0.44780808687210083 0.6669633984565735 -0.07727628201246262
0.34197601675987244 0.6629787087440491 -0.040793467313051224
0.3676035404205322 0.5964944362640381 -0.09836243838071823
0.40267491340637207 0.6675689220428467 -0.10021157562732697
0.4198334515094757 0.7363625764846802 -0.08634358644485474
