Leon_image_four_85.jpg
0.6763386130332947 0.844036877155304 2.4168332402041415e-07
0.6124666929244995 0.8560247421264648 -0.021640362218022346
0.5425109267234802 0.8112126588821411 -0.027162447571754456
0.4904569983482361 0.7710186839103699 -0.03159656748175621
0.44826745986938477 0.7527252435684204 -0.035512764006853104
0.5559677481651306 0.680189311504364 -0.0022177796345204115
0.5193650722503662 0.6022909283638 -0.010695749893784523
0.4996601343154907 0.5545593500137329 -0.022243529558181763
0.48493602871894836 0.5153194069862366 -0.03230597823858261
0.5879577994346619 0.6527631282806396 -0.004529405850917101
0.5489402413368225 0.5690038800239563 -0.009910402819514275
0.5268789529800415 0.516071081161499 -0.0217484962195158
0.5109125971794128 0.476340651512146 -0.031876493245363235
0.6244207620620728 0.6443033814430237 -0.011090998537838459
0.5998396873474121 0.5540782809257507 -0.02386723831295967
0.581977903842926 0.5061070322990417 -0.039289746433496475
0.5649176836013794 0.4723401665687561 -0.05110795795917511
0.6668248772621155 0.649656355381012 -0.019655413925647736
0.6592456698417664 0.5848867893218994 -0.03526773303747177
0.6493915915489197 0.5856327414512634 -0.04212162643671036
0.6385314464569092 0.6006841659545898 -0.04690667614340782
