Leon_image_zero_70.jpg
0.7627027630805969 0.8520535230636597 -9.773191322892671e-07
0.6729347109794617 0.7466031312942505 0.004418330267071724
0.6213073134422302 0.6332898139953613 -0.0016576839843764901
0.6027734875679016 0.5304235816001892 -0.02161143533885479
0.6369104385375977 0.44987982511520386 -0.03579259663820267
0.7100313901901245 0.530467689037323 0.05240381881594658
0.6610212922096252 0.43311405181884766 0.008532033301889896
0.6466953754425049 0.5256710052490234 -0.011991623789072037
0.6724101901054382 0.570704996585846 -0.018861491233110428
0.745487630367279 0.5321532487869263 0.02944159507751465
0.6862024068832397 0.433929443359375 -0.02412448264658451
0.6702361702919006 0.5534204840660095 -0.03232705965638161
0.7063736319541931 0.5908483266830444 -0.02022133767604828
0.7871990203857422 0.5403143167495728 -0.003098501358181238
0.7128528952598572 0.45615154504776 -0.05729318782687187
0.6997328996658325 0.5788304805755615 -0.041234102100133896
0.738413393497467 0.6175984144210815 -0.011955512687563896
0.8324918150901794 0.5624707341194153 -0.03637735918164253
0.7489382028579712 0.5073869228363037 -0.06570546329021454
0.7330283522605896 0.5898039937019348 -0.05135214701294899
0.7666804194450378 0.627234697341919 -0.029885170981287956
