Leon_image_spock_23.jpg
0.37980008125305176 0.9131429195404053 4.7608236286578176e-07
0.33987337350845337 0.8397741913795471 -0.0019721135031431913
0.32352757453918457 0.7665508389472961 -0.014516863971948624
0.31253066658973694 0.7042778134346008 -0.028386138379573822
0.3014709949493408 0.6544259190559387 -0.04293038323521614
0.3789329528808594 0.6668960452079773 -0.016553010791540146
0.4140763580799103 0.5590671300888062 -0.03128553181886673
0.43980711698532104 0.49620383977890015 -0.03998855873942375
0.4594945013523102 0.45221567153930664 -0.04440635070204735
0.41749307513237 0.6816478967666626 -0.026450634002685547
0.4848134517669678 0.5919286012649536 -0.03553422540426254
0.5218716859817505 0.5473915338516235 -0.03900832682847977
0.5508805513381958 0.5086602568626404 -0.04092036560177803
0.45431777834892273 0.7105897665023804 -0.03686738759279251
0.5116232633590698 0.6257442235946655 -0.04393339529633522
0.5452902317047119 0.5774716734886169 -0.042200878262519836
0.569961428642273 0.5358422994613647 -0.04115504398941994
0.4866529107093811 0.7502257227897644 -0.04745234176516533
0.5278539657592773 0.6786145567893982 -0.048457153141498566
0.5504440069198608 0.6420904994010925 -0.03958588093519211
0.5675487518310547 0.6092755794525146 -0.03238523751497269
