Leon_image_spock_57.jpg
0.3253317177295685 0.8766858577728271 3.3775091878851526e-07
0.30322688817977905 0.8223071694374084 0.009280933998525143
0.2937262952327728 0.7638856172561646 0.009345365688204765
0.2927199900150299 0.717882513999939 0.006662054918706417
0.2932465970516205 0.6813645362854004 0.0033233901485800743
0.3560539782047272 0.6908071637153625 0.011711270548403263
0.38213467597961426 0.6032907962799072 0.010926985181868076
0.40146806836128235 0.5578274726867676 0.009944764897227287
0.41536468267440796 0.5255298614501953 0.010065161623060703
0.3855983316898346 0.6991699934005737 0.0026322794146835804
0.4390125870704651 0.6252438426017761 0.004446943290531635
0.4666820764541626 0.5897660851478577 0.004114149603992701
0.4857286512851715 0.5637742280960083 0.00451666908338666
0.4101336598396301 0.7167349457740784 -0.006695856340229511
0.45541733503341675 0.6518361568450928 -0.0039013996720314026
0.47995907068252563 0.6147539019584656 -0.002771920058876276
0.4964621067047119 0.5826845169067383 -0.0025695404037833214
0.4298277497291565 0.7420961260795593 -0.01539374329149723
0.4616714417934418 0.6850051879882812 -0.01099665928632021
0.4772647023200989 0.6535002589225769 -0.00431377999484539
0.4877113103866577 0.6253167986869812 0.0010353695834055543
