Leon_image_two_91.jpg
0.5395851731300354 0.9179067611694336 -1.5442147116573324e-08
0.6218634247779846 0.8924623727798462 -0.023607319220900536
0.7006015777587891 0.8306190371513367 -0.03646434471011162
0.7545826435089111 0.7826743125915527 -0.052597638219594955
0.7973408699035645 0.7409464120864868 -0.06754656881093979
0.6660582423210144 0.6900855898857117 -0.0017382249934598804
0.6953104138374329 0.5823071599006653 -0.0278618223965168
0.7148971557617188 0.5197724103927612 -0.04316933825612068
0.7284528017044067 0.4618982672691345 -0.053315669298172
0.6278457641601562 0.6769578456878662 -0.006841239053755999
0.6685004234313965 0.6085649728775024 -0.05742447078227997
0.6603196859359741 0.7101065516471863 -0.06796179711818695
0.6402237415313721 0.7725692987442017 -0.05957317724823952
0.5841054916381836 0.6729010939598083 -0.01682252250611782
0.6230039596557617 0.6187937259674072 -0.06838171929121017
0.6172716021537781 0.7207757830619812 -0.056066907942295074
0.6002074480056763 0.7732326984405518 -0.030639687553048134
0.532436728477478 0.6754872798919678 -0.02874685265123844
0.5765003561973572 0.6279201507568359 -0.061034783720970154
0.58101886510849 0.6973780989646912 -0.047557421028614044
0.5652753114700317 0.7344218492507935 -0.027396272867918015
