Leon_image_three_68.jpg
0.16700029373168945 0.839745044708252 6.566276624653256e-07
0.16167619824409485 0.7252247333526611 0.035304877907037735
0.1802879273891449 0.6292635798454285 0.03976776823401451
0.20389893651008606 0.5762433409690857 0.03210964798927307
0.2191580981016159 0.5573587417602539 0.022239701822400093
0.20920303463935852 0.5293408036231995 0.016968725249171257
0.2494349181652069 0.39605632424354553 0.013474230654537678
0.2858004570007324 0.33371955156326294 0.014655063860118389
0.31826674938201904 0.2907443642616272 0.017489975318312645
0.25893938541412354 0.5439043045043945 -0.010179744102060795
0.35184937715530396 0.46138691902160645 -0.007402827963232994
0.40536606311798096 0.4202019274234772 -0.006141378544270992
0.44186103343963623 0.3939552307128906 -0.005390780046582222
0.30164575576782227 0.5833418369293213 -0.03420218080282211
0.3708118200302124 0.5728356838226318 -0.025875715538859367
0.35852301120758057 0.6203872561454773 -0.01622926816344261
0.33896782994270325 0.6557344198226929 -0.00993438996374607
0.34088921546936035 0.6357752084732056 -0.056745439767837524
0.3838627338409424 0.6384260058403015 -0.03901611268520355
0.3681502640247345 0.6743736863136292 -0.020092284306883812
0.34835878014564514 0.7023379802703857 -0.006016941275447607
