Leon_image_spock_95.jpg
0.2857101857662201 0.8849077820777893 5.850087632097711e-07
0.3661895990371704 0.8471630811691284 -0.025438325479626656
0.4383883476257324 0.7730581760406494 -0.03468965366482735
0.4923717975616455 0.7029191851615906 -0.043403077870607376
0.5347151756286621 0.6507484316825867 -0.05158179998397827
0.40846195816993713 0.6374825835227966 -0.011762939393520355
0.4400997459888458 0.5312204360961914 -0.03023160807788372
0.4547998309135437 0.46373939514160156 -0.04491834715008736
0.46517467498779297 0.40461280941963196 -0.05557861179113388
0.36467042565345764 0.6134939193725586 -0.015053685754537582
0.3983801007270813 0.49998703598976135 -0.033610887825489044
0.420245498418808 0.4316573739051819 -0.04971339926123619
0.43598270416259766 0.3744508624076843 -0.06023859605193138
0.31740278005599976 0.6120786666870117 -0.022980784997344017
0.32054099440574646 0.49735549092292786 -0.04497266560792923
0.3236643075942993 0.4262106120586395 -0.05962957814335823
0.32772910594940186 0.3700389564037323 -0.06806197762489319
0.26893189549446106 0.6287603974342346 -0.03351220116019249
0.26901888847351074 0.5359788537025452 -0.052615176886320114
0.2720073461532593 0.4779243767261505 -0.061019930988550186
0.2784282863140106 0.42673999071121216 -0.06547018140554428
