Leon_image_three_8.jpg
0.46141868829727173 0.9032162427902222 6.413148412320879e-07
0.5492269396781921 0.8528237342834473 -0.031617093831300735
0.6187721490859985 0.7391873002052307 -0.03941785916686058
0.6651228070259094 0.6486139893531799 -0.04974127560853958
0.7015475034713745 0.5757784843444824 -0.05766737088561058
0.5474541187286377 0.6080514788627625 -0.011351434513926506
0.568822979927063 0.4795810580253601 -0.0343317985534668
0.5776956677436829 0.4022822082042694 -0.04911024123430252
0.5871642231941223 0.3351634442806244 -0.06043177843093872
0.49494534730911255 0.600196361541748 -0.01958514004945755
0.49727576971054077 0.43955108523368835 -0.05931458994746208
0.5039997696876526 0.337259441614151 -0.08637267351150513
0.507953941822052 0.25378337502479553 -0.10096117854118347
0.4420069456100464 0.6228687763214111 -0.03206908702850342
0.46470484137535095 0.5027661323547363 -0.10080874711275101
0.4933372437953949 0.6064983606338501 -0.10928318649530411
0.5047642588615417 0.6918835639953613 -0.09549983590841293
0.3921051621437073 0.6651470065116882 -0.04577169567346573
0.426631361246109 0.5923941731452942 -0.10831557214260101
0.4570598900318146 0.6685298681259155 -0.11385767161846161
0.4665132164955139 0.7373324036598206 -0.10343199223279953
