Leon_image_two_41.jpg
0.5435991883277893 0.913783073425293 -2.0223386343332095e-07
0.4656781852245331 0.7698072791099548 0.028783971443772316
0.4335724711418152 0.621756911277771 0.038821179419755936
0.42223337292671204 0.5020685195922852 0.041046470403671265
0.3931724429130554 0.4250877797603607 0.04040604084730148
0.5289188623428345 0.4995806813240051 0.04191233590245247
0.5742930173873901 0.4061274528503418 0.06754801422357559
0.6064648032188416 0.35284876823425293 0.07326425611972809
0.6326721906661987 0.3113119304180145 0.06984797865152359
0.5984281897544861 0.5020183324813843 0.029322711750864983
0.6118786931037903 0.5281004309654236 0.062439292669296265
0.5993419885635376 0.5796836018562317 0.06432881951332092
0.5886253714561462 0.6169895529747009 0.05726995691657066
0.6560169458389282 0.5513590574264526 0.021110931411385536
0.6494197845458984 0.5822124481201172 0.0551813542842865
0.6362760066986084 0.6222465634346008 0.06051149219274521
0.6211798787117004 0.6541313529014587 0.052450455725193024
0.7024356722831726 0.6149218678474426 0.014101729728281498
0.6932206749916077 0.6355182528495789 0.04409855231642723
0.6781043410301208 0.6696083545684814 0.058273836970329285
0.6606225967407227 0.703510582447052 0.06410562247037888
