Leon_image_spock_15.jpg
0.5853721499443054 0.756249725818634 2.207269034215642e-07
0.5351141691207886 0.6878051161766052 0.007178084924817085
0.5124770402908325 0.6099003553390503 0.004374791868031025
0.5052840709686279 0.5378042459487915 -0.0003220566431991756
0.4916865825653076 0.485480397939682 -0.004701325669884682
0.5899014472961426 0.5210527181625366 0.0045434050261974335
0.6146140098571777 0.4254772961139679 0.0030079111456871033
0.633266806602478 0.3790109157562256 0.0017032405594363809
0.6486069560050964 0.34408169984817505 0.0008989836787804961
0.630549430847168 0.5327131152153015 -0.004950738977640867
0.6554710268974304 0.43115636706352234 -0.0062387012876570225
0.6702742576599121 0.3794544041156769 -0.008523764088749886
0.6818148493766785 0.34152844548225403 -0.010026942007243633
0.6666275262832642 0.5635300874710083 -0.013997355476021767
0.7125616073608398 0.4920564591884613 -0.01693541370332241
0.7440664768218994 0.4497050940990448 -0.018571695312857628
0.7651402950286865 0.4171064496040344 -0.019506335258483887
0.6950395703315735 0.6062860488891602 -0.021732252091169357
0.7302108407020569 0.5451016426086426 -0.020325051620602608
0.7494539022445679 0.509695827960968 -0.014024009928107262
0.7624785304069519 0.47912395000457764 -0.008891512639820576
