Leon_image_four_90.jpg
0.6059970855712891 0.9291353821754456 -3.4511334234821334e-08
0.5286307334899902 0.9162237048149109 -0.015354106202721596
0.4564022123813629 0.868718147277832 -0.020755846053361893
0.39806973934173584 0.8288702964782715 -0.028365308418869972
0.34869635105133057 0.8191195130348206 -0.03529897332191467
0.4478141963481903 0.7258154153823853 0.022533901035785675
0.40319472551345825 0.6531997919082642 0.01578325405716896
0.38258856534957886 0.6124498844146729 0.0015566932270303369
0.3687616288661957 0.5715802311897278 -0.01120797824114561
0.4801879823207855 0.6941633224487305 0.016199570149183273
0.4365914762020111 0.6039975881576538 0.014727873727679253
0.4141210615634918 0.5600661039352417 0.006739953067153692
0.3967354893684387 0.5217515826225281 -0.0016641933470964432
0.5193360447883606 0.6809089183807373 0.0038054899778217077
0.4851970076560974 0.5927386283874512 -0.004542154725641012
0.4628472626209259 0.55239337682724 -0.01072646677494049
0.4452207088470459 0.5208907127380371 -0.016811324283480644
0.5643801689147949 0.6821041107177734 -0.011859447695314884
0.5465861558914185 0.618966817855835 -0.017240028828382492
0.5388744473457336 0.6320679783821106 -0.011771316640079021
0.5377529859542847 0.6542637348175049 -0.009081721305847168
