Leon_image_spock_20.jpg
0.44133684039115906 0.8566297292709351 5.013696409150725e-07
0.39392396807670593 0.7869880795478821 -0.001509639318101108
0.37464097142219543 0.7046023607254028 -0.01218340452760458
0.36909663677215576 0.6343127489089966 -0.02277112938463688
0.3553542494773865 0.582991361618042 -0.0333581268787384
0.45069393515586853 0.6041157841682434 -0.015258537605404854
0.4844883382320404 0.5059422254562378 -0.02434445358812809
0.5042970180511475 0.45167824625968933 -0.029050517827272415
0.5181214809417725 0.4110684096813202 -0.03048352710902691
0.4913789927959442 0.6223883628845215 -0.022418098524212837
0.5554924011230469 0.5393524169921875 -0.02706882916390896
0.5860087275505066 0.4945042133331299 -0.026849357411265373
0.6102556586265564 0.4570150077342987 -0.024741025641560555
0.5252593755722046 0.6524477005004883 -0.029383007436990738
0.5804004073143005 0.5739462375640869 -0.03252260014414787
0.6089459657669067 0.5274990797042847 -0.029701141640543938
0.6305570602416992 0.4891531467437744 -0.02662225067615509
0.5523597598075867 0.6914025545120239 -0.036266643553972244
0.5888099074363708 0.6185622215270996 -0.03355683013796806
0.606712281703949 0.5804760456085205 -0.023460526019334793
0.6204259395599365 0.5472039580345154 -0.014428653754293919
