Leon_image_two_2.jpg
0.3897787034511566 0.9659766554832458 -1.0662084548584971e-07
0.49126002192497253 0.9332507848739624 -0.029079902917146683
0.5866084694862366 0.8227105140686035 -0.03824204206466675
0.6541363596916199 0.7431071400642395 -0.0515606515109539
0.7054464817047119 0.6873319149017334 -0.06418013572692871
0.5240291953086853 0.6723838448524475 -0.004457421135157347
0.5553251504898071 0.5327856540679932 -0.03663776069879532
0.5746881365776062 0.4477786123752594 -0.05548974871635437
0.5878332853317261 0.3678432106971741 -0.06988918781280518
0.4738432765007019 0.6631721258163452 -0.012176664546132088
0.5179135203361511 0.5923299789428711 -0.08005253225564957
0.5104404091835022 0.7199366092681885 -0.09671415388584137
0.48659548163414 0.7867717146873474 -0.08971981704235077
0.4181804656982422 0.669853925704956 -0.02533717453479767
0.4614821672439575 0.5935501456260681 -0.09793228656053543
0.460716187953949 0.72966068983078 -0.08102096617221832
0.4385789632797241 0.7906625270843506 -0.04785633832216263
0.35310691595077515 0.6875614523887634 -0.04017956927418709
0.40513890981674194 0.6232572197914124 -0.08652928471565247
0.41123270988464355 0.7112589478492737 -0.06848904490470886
0.3893013596534729 0.7524905204772949 -0.04259743541479111
