Leon_image_three_34.jpg
0.46955883502960205 0.9215028285980225 7.098002470229403e-07
0.41361328959465027 0.7744537591934204 0.021861733868718147
0.39101511240005493 0.624622642993927 0.018251070752739906
0.37568601965904236 0.4923185408115387 0.0060887085273861885
0.352079838514328 0.40210098028182983 -0.005128058139234781
0.49247026443481445 0.502244770526886 0.0012032223166897893
0.5585002899169922 0.3329368233680725 -0.0065672448836266994
0.6010109186172485 0.24698325991630554 -0.007219573948532343
0.6371062397956848 0.1831699013710022 -0.00618820870295167
0.5570799708366394 0.5332800149917603 -0.018857069313526154
0.6601953506469727 0.4131602644920349 -0.01602073200047016
0.7186909914016724 0.3577654957771301 -0.011541882529854774
0.7590692043304443 0.322060227394104 -0.009522995911538601
0.6123347878456116 0.5985235571861267 -0.035693347454071045
0.6697752475738525 0.567477285861969 -0.023385165259242058
0.646504282951355 0.6209900379180908 -0.0068512591533362865
0.6164274215698242 0.6701511144638062 0.002505740150809288
0.6570683121681213 0.6766194701194763 -0.052328236401081085
0.6776596903800964 0.687870979309082 -0.03568711876869202
0.6515610218048096 0.7236481308937073 -0.016011208295822144
0.626026451587677 0.7549247145652771 -0.0007332087261602283
