Leon_image_one_27.jpg
0.7093034982681274 0.8579397797584534 -6.378414809660171e-07
0.6304776668548584 0.8158351182937622 -0.03421342372894287
0.5617989897727966 0.7227709889411926 -0.045250263065099716
0.5169468522071838 0.6452839374542236 -0.05600813031196594
0.47465938329696655 0.5994030237197876 -0.059023477137088776
0.6019165515899658 0.6131534576416016 0.0038639302365481853
0.6195436716079712 0.5467573404312134 -0.03698539361357689
0.6230803728103638 0.627521812915802 -0.05765953287482262
0.6194507479667664 0.670795738697052 -0.06522290408611298
0.6587005257606506 0.6104759573936462 0.0037393728271126747
0.6759357452392578 0.5436947345733643 -0.04227282106876373
0.6739891767501831 0.6478335857391357 -0.05239659175276756
0.6669183969497681 0.6836114525794983 -0.04683421552181244
0.711159884929657 0.6224042177200317 -0.005599454045295715
0.7283185124397278 0.5679478645324707 -0.05191763490438461
0.7212567925453186 0.6589301824569702 -0.04092179983854294
0.7112685441970825 0.6928244233131409 -0.01986605115234852
0.7593490481376648 0.6452183127403259 -0.017727026715874672
0.7702314257621765 0.6011406183242798 -0.041199252009391785
0.7581260204315186 0.6640689373016357 -0.028024662286043167
0.7444366812705994 0.6901745200157166 -0.010716898366808891
