Leon_image_four_97.jpg
0.46698617935180664 0.9281387329101562 1.989077986763732e-07
0.40096205472946167 0.9374704360961914 -0.01359434425830841
0.3273252248764038 0.8992378115653992 -0.012966882437467575
0.2755839228630066 0.8667234182357788 -0.013301389291882515
0.23538468778133392 0.8601354956626892 -0.013575024902820587
0.3284033238887787 0.764420747756958 0.012323020957410336
0.2864445149898529 0.6958504915237427 0.008821950294077396
0.26373040676116943 0.6549000144004822 0.0005323613295331597
0.24393784999847412 0.6203904747962952 -0.0077618383802473545
0.3576924800872803 0.7321548461914062 0.006399596109986305
0.3159191310405731 0.6517320275306702 0.004761060234159231
0.291462242603302 0.6042959690093994 -0.003828109707683325
0.2712067663669586 0.5690351724624634 -0.012204287573695183
0.39077961444854736 0.7158471345901489 -0.004061501938849688
0.3604736030101776 0.6322581768035889 -0.013456775806844234
0.3350551724433899 0.5913700461387634 -0.02638085000216961
0.31360068917274475 0.5653882026672363 -0.03697872534394264
0.4291873276233673 0.7104204893112183 -0.016502536833286285
0.406600683927536 0.651104748249054 -0.028247300535440445
0.3935624659061432 0.6600145697593689 -0.03262639418244362
0.3854027986526489 0.6854496598243713 -0.03644280880689621
