Leon_image_five_20.jpg
0.3131122887134552 0.8433088064193726 5.403721274888085e-07
0.39846399426460266 0.8053058385848999 -0.018219225108623505
0.4757314920425415 0.7395904660224915 -0.026166753843426704
0.5308731198310852 0.6745491623878479 -0.03594556078314781
0.5740846991539001 0.6292772889137268 -0.04573160037398338
0.460160493850708 0.6138693690299988 -6.223820946615888e-06
0.5078891515731812 0.5161937475204468 -0.017171986401081085
0.5292037129402161 0.45831236243247986 -0.03377661108970642
0.5444178581237793 0.4088638424873352 -0.0447232685983181
0.41804733872413635 0.5869811773300171 -0.00529998354613781
0.45848548412323 0.477278470993042 -0.017703315243124962
0.47748368978500366 0.41188356280326843 -0.032041918486356735
0.4901270270347595 0.3617567718029022 -0.04216163232922554
0.37334349751472473 0.5779892206192017 -0.014901379123330116
0.40469712018966675 0.47538408637046814 -0.02645939402282238
0.4212659001350403 0.4138835072517395 -0.034263353794813156
0.43556997179985046 0.36746838688850403 -0.03960847109556198
0.32370826601982117 0.5841977000236511 -0.02743815816938877
0.3404439389705658 0.49874040484428406 -0.036605313420295715
0.3540375828742981 0.44684529304504395 -0.03672737255692482
0.3686268627643585 0.4047605097293854 -0.0355004146695137
