Leon_image_spock_29.jpg
0.3039267957210541 0.9510561227798462 5.442743713501841e-07
0.26371896266937256 0.8762059211730957 0.0011305033694952726
0.24398644268512726 0.7951666116714478 -0.009778567589819431
0.2320483922958374 0.7275574803352356 -0.022350218147039413
0.21561846137046814 0.674278974533081 -0.03494250774383545
0.29951173067092896 0.6955856680870056 -0.010891454294323921
0.3347964286804199 0.5827215909957886 -0.022332921624183655
0.3602168560028076 0.5172692537307739 -0.028943361714482307
0.3797093629837036 0.4721985161304474 -0.031810320913791656
0.33808550238609314 0.7104806900024414 -0.02189721167087555
0.40261614322662354 0.6080067157745361 -0.02891862392425537
0.43944209814071655 0.5594661235809326 -0.030859844759106636
0.467329740524292 0.5233186483383179 -0.030996626242995262
0.37380486726760864 0.7368036508560181 -0.033049385994672775
0.4326809048652649 0.6411706209182739 -0.03685541823506355
0.4681437611579895 0.5882756114006042 -0.03305387124419212
0.49379414319992065 0.5478730201721191 -0.030658623203635216
0.40579673647880554 0.7724332213401794 -0.04422030970454216
0.44332629442214966 0.6904520392417908 -0.04349071532487869
0.4646753668785095 0.6468414664268494 -0.03337188437581062
0.47992783784866333 0.6114990711212158 -0.024874616414308548
