Leon_image_four_99.jpg
0.4514869153499603 0.935677170753479 1.7529846729757992e-07
0.3846227526664734 0.9474824666976929 -0.015667499974370003
0.31007248163223267 0.9105837941169739 -0.0156437736004591
0.25850212574005127 0.8803518414497375 -0.016383180394768715
0.2182348221540451 0.8726710081100464 -0.016997624188661575
0.31098946928977966 0.7762619853019714 0.013511400669813156
0.26956555247306824 0.7101573348045349 0.010549799539148808
0.24653230607509613 0.6716577410697937 0.002112672897055745
0.22660483419895172 0.6379553079605103 -0.00644878251478076
0.34030988812446594 0.7435643672943115 0.008551493287086487
0.2982850670814514 0.6670646667480469 0.007669148501008749
0.27422380447387695 0.6219140291213989 -0.0010264543816447258
0.2543194591999054 0.5869033336639404 -0.009804975241422653
0.3729701638221741 0.724780261516571 -0.001372805330902338
0.3389431834220886 0.6462687253952026 -0.010602399706840515
0.3119902014732361 0.6085488796234131 -0.023814760148525238
0.28919097781181335 0.5837627649307251 -0.03478799760341644
0.4108092188835144 0.7148306369781494 -0.013574455864727497
0.3844074010848999 0.6603835821151733 -0.02569267898797989
0.3721580505371094 0.6716633439064026 -0.03046303801238537
0.3657848536968231 0.6966797113418579 -0.03462730348110199
