Leon_image_zero_71.jpg
0.7659131288528442 0.8452332019805908 -9.881708820103086e-07
0.6793799996376038 0.743144154548645 0.006487517151981592
0.634567141532898 0.6387227177619934 0.00046045423368923366
0.6143718957901001 0.5445702075958252 -0.019633905962109566
0.6398320198059082 0.46239587664604187 -0.03467399254441261
0.7309442162513733 0.5415481925010681 0.054770465940237045
0.6832713484764099 0.4468234181404114 0.012833393178880215
0.6635867953300476 0.5238191485404968 -0.010337219573557377
0.6844157576560974 0.5780619382858276 -0.01982959173619747
0.7626655697822571 0.5385274291038513 0.03093205764889717
0.694645881652832 0.43978381156921387 -0.02473839744925499
0.6759527921676636 0.5508393049240112 -0.039726994931697845
0.7108128666877747 0.6021730899810791 -0.031988535076379776
0.7991758584976196 0.5386688709259033 -0.001511544338427484
0.7114596962928772 0.46037065982818604 -0.05683115869760513
0.6983574032783508 0.5754693150520325 -0.0470687560737133
0.7375541925430298 0.6228285431861877 -0.02203093096613884
0.8365647196769714 0.5518344640731812 -0.03456000238656998
0.741600751876831 0.5111205577850342 -0.06963832676410675
0.7274084687232971 0.5917543172836304 -0.06174279376864433
0.7616382241249084 0.6322330236434937 -0.044028908014297485
