Leon_image_spock_84.jpg
0.5055157542228699 0.895656168460846 5.558795237448066e-07
0.5832807421684265 0.8784273862838745 -0.016172226518392563
0.6487811803817749 0.8298889994621277 -0.021931955590844154
0.6984961032867432 0.7790918350219727 -0.027552995830774307
0.7385271787643433 0.7532377243041992 -0.03326944634318352
0.6246735453605652 0.7049781084060669 -0.00771801732480526
0.6621798276901245 0.6189543604850769 -0.021098341792821884
0.6821396946907043 0.5635871291160583 -0.03272674232721329
0.6966384053230286 0.5147351622581482 -0.041499871760606766
0.5868414044380188 0.675421416759491 -0.011512423865497112
0.6250662803649902 0.5818895697593689 -0.02441825158894062
0.6512246131896973 0.5292056798934937 -0.0355561338365078
0.6708312630653381 0.48903289437294006 -0.04320511594414711
0.5456786155700684 0.6647549867630005 -0.018569178879261017
0.5636025667190552 0.5643978118896484 -0.033956825733184814
0.5772870182991028 0.5000735521316528 -0.045778919011354446
0.5892592668533325 0.45030638575553894 -0.05305111035704613
0.5047499537467957 0.6690986752510071 -0.02730712667107582
0.5226172804832458 0.5853524804115295 -0.041132714599370956
0.5364260673522949 0.5334771275520325 -0.048066068440675735
0.5512498617172241 0.4903210401535034 -0.05201641097664833
