Leon_image_three_41.jpg
0.5471474528312683 0.9886581301689148 6.86342957578745e-07
0.5256614685058594 0.8664107322692871 0.054407913237810135
0.5324187874794006 0.7539161443710327 0.07200363278388977
0.5317688584327698 0.6787101626396179 0.07424754649400711
0.5156209468841553 0.632110059261322 0.07582481950521469
0.5620511770248413 0.6477192640304565 0.04390271008014679
0.6225584149360657 0.5200700759887695 0.043409112840890884
0.6576379537582397 0.45256391167640686 0.04595449939370155
0.6844232678413391 0.3990412950515747 0.04747377336025238
0.5938894152641296 0.6610404849052429 0.007565496955066919
0.7019712924957275 0.565771222114563 0.0063027446158230305
0.7652802467346191 0.518882155418396 0.004882682580500841
0.81256502866745 0.48197948932647705 0.002993033966049552
0.6253058910369873 0.7008829712867737 -0.02507934346795082
0.7340009212493896 0.6940928101539612 -0.01799696497619152
0.7218973636627197 0.7560496926307678 -0.004267075564712286
0.6991949081420898 0.7848736047744751 0.0032810126431286335
0.6572526693344116 0.7555916905403137 -0.05559263378381729
0.7339143753051758 0.7865495085716248 -0.039115503430366516
0.7124586701393127 0.8322241306304932 -0.02213754877448082
0.6851826906204224 0.8452237844467163 -0.011465081013739109
