Leon_image_zero_24.jpg
0.454071044921875 0.7953011989593506 3.705232032302774e-08
0.561155378818512 0.7625071406364441 -0.026457181200385094
0.6293437480926514 0.6714229583740234 -0.024483121931552887
0.6608840227127075 0.5974072217941284 -0.014023966155946255
0.6564620137214661 0.5727168917655945 0.004049002192914486
0.5406686067581177 0.5101961493492126 -0.014961580745875835
0.6318069100379944 0.4960450232028961 -0.011178306303918362
0.6380542516708374 0.5631080865859985 -0.005965033546090126
0.6165210604667664 0.604327380657196 -0.0013979481300339103
0.488856703042984 0.49636632204055786 0.004407214000821114
0.5848225355148315 0.4917702078819275 0.01046597957611084
0.5978506207466125 0.5538701415061951 0.013770882040262222
0.5815256834030151 0.5948975682258606 0.014347715303301811
0.45639410614967346 0.5150671601295471 0.022747786715626717
0.5453780293464661 0.5030531287193298 0.026027390733361244
0.5642935037612915 0.5555505752563477 0.026106715202331543
0.5513777136802673 0.5943021774291992 0.024866292253136635
0.43915194272994995 0.5449700951576233 0.03968721628189087
0.5144992470741272 0.5283868312835693 0.03962857276201248
0.5333924889564514 0.5636392831802368 0.039348624646663666
0.526233434677124 0.594710648059845 0.039278917014598846
