Leon_image_two_97.jpg
0.6155663132667542 1.0094398260116577 1.7444051536585903e-07
0.701008141040802 0.9973060488700867 -0.012658173218369484
0.7766456007957458 0.9463939666748047 -0.02197604812681675
0.8317604660987854 0.9038980007171631 -0.037839893251657486
0.875965416431427 0.8653316497802734 -0.05404561385512352
0.726525604724884 0.8031392097473145 0.01176365278661251
0.7468692064285278 0.6912974119186401 -0.010928729549050331
0.7693645358085632 0.624765932559967 -0.02557619847357273
0.7867100238800049 0.5660672783851624 -0.035452283918857574
0.6912944316864014 0.7878453731536865 0.0005278927856124938
0.7386024594306946 0.7257173657417297 -0.049759916961193085
0.736663818359375 0.8238105773925781 -0.0644381195306778
0.7122970819473267 0.8834395408630371 -0.05843246728181839
0.6496716737747192 0.7820499539375305 -0.014259584248065948
0.6968978643417358 0.7195447087287903 -0.06626430153846741
0.6961169838905334 0.8225823640823364 -0.05518372356891632
0.6720768213272095 0.875922441482544 -0.029660925269126892
0.6000606417655945 0.7845762372016907 -0.029647691175341606
0.647693932056427 0.7331498265266418 -0.06350051611661911
0.6570508480072021 0.8022315502166748 -0.04899296909570694
0.6388419270515442 0.8453949689865112 -0.026853635907173157
