Leon_image_three_37.jpg
0.4841780364513397 0.8374825716018677 1.1993943189736456e-06
0.4409351050853729 0.7424448132514954 -0.005718802101910114
0.43428024649620056 0.6282487511634827 -0.02741147205233574
0.4298710823059082 0.5234374403953552 -0.05243173614144325
0.40828579664230347 0.43896064162254333 -0.0769195407629013
0.5112468004226685 0.5197902917861938 -0.05445626750588417
0.5725889205932617 0.36413925886154175 -0.0891069695353508
0.6196339726448059 0.2753116190433502 -0.10232667624950409
0.6573753356933594 0.21194621920585632 -0.10786373913288116
0.5583871006965637 0.5520697832107544 -0.07433485239744186
0.6761466264724731 0.4175494313240051 -0.11013370752334595
0.7517285943031311 0.3649188280105591 -0.11806132644414902
0.802610456943512 0.33143872022628784 -0.11730851233005524
0.6026646494865417 0.6184993982315063 -0.09142477065324783
0.7069941759109497 0.5762476325035095 -0.12115015834569931
0.6870441436767578 0.6438392996788025 -0.10395734012126923
0.6545594930648804 0.6855682134628296 -0.08384757488965988
0.6379351615905762 0.7023323178291321 -0.10908492654561996
0.7027155756950378 0.7117896676063538 -0.12838615477085114
0.6811373233795166 0.7577450275421143 -0.11169321089982986
0.649709939956665 0.7797876000404358 -0.09215831011533737
0.47114869952201843 0.9417506456375122 8.073624258031487e-07
0.43552258610725403 0.8012295961380005 0.046416569501161575
0.4327441155910492 0.658967912197113 0.05363482981920242
0.43227824568748474 0.5379288196563721 0.04621196910738945
0.4134368300437927 0.4504266679286957 0.038310062140226364
0.4992639422416687 0.5222411751747131 0.022753503173589706
0.5704264640808105 0.34713807702064514 0.012753642164170742
0.6186668872833252 0.25923824310302734 0.011866164393723011
0.6606801748275757 0.19607558846473694 0.013815736398100853
0.5519752502441406 0.5491340756416321 -0.012043287977576256
0.6759846210479736 0.418475866317749 -0.018482597544789314
0.7482200264930725 0.3599525988101959 -0.01831231452524662
0.8004651069641113 0.32245129346847534 -0.01675678975880146
0.5992814898490906 0.6097214221954346 -0.042584698647260666
0.7001286745071411 0.5838607549667358 -0.03788716346025467
0.6819032430648804 0.6468677520751953 -0.018734635785222054
0.6506819725036621 0.6937229037284851 -0.005159514956176281
0.6414046883583069 0.6872364282608032 -0.07135120779275894
0.7000952959060669 0.7085821032524109 -0.05601432919502258
0.6790176630020142 0.7545711994171143 -0.033424537628889084
0.6521154642105103 0.7831553816795349 -0.015506529249250889
