Leon_image_zero_4.jpg
0.5768700838088989 0.9502497315406799 -8.881453936737671e-07
0.462617963552475 0.9244092702865601 -0.04130864888429642
0.34178227186203003 0.816068172454834 -0.06313041597604752
0.30459097027778625 0.675607442855835 -0.086985282599926
0.3571692109107971 0.5728274583816528 -0.09515009820461273
0.34071651101112366 0.6425339579582214 0.011995580978691578
0.28631719946861267 0.5474479794502258 -0.05373011529445648
0.32688185572624207 0.6645010709762573 -0.08173251152038574
0.3645695447921753 0.7046944499015808 -0.090924933552742
0.40709707140922546 0.6004027128219604 0.009880314581096172
0.35263416171073914 0.5192736983299255 -0.06669405102729797
0.40659940242767334 0.6618538498878479 -0.07555149495601654
0.44629138708114624 0.6863596439361572 -0.05854952335357666
0.4757648706436157 0.5756204128265381 -0.0065069375559687614
0.42634809017181396 0.5168387293815613 -0.07994541525840759
0.4679550528526306 0.6571791172027588 -0.05926494300365448
0.5093821287155151 0.6809967160224915 -0.02287384122610092
0.5534208416938782 0.5643646121025085 -0.027136726304888725
0.49208253622055054 0.5370045304298401 -0.06991053372621536
0.5203795433044434 0.6320396065711975 -0.057670507580041885
0.5615191459655762 0.6467945575714111 -0.034101150929927826
