Leon_image_two_84.jpg
0.5082222819328308 0.886276125907898 8.894988212659882e-08
0.5856775641441345 0.8692653775215149 -0.02592073567211628
0.6567146182060242 0.7940593361854553 -0.036436840891838074
0.7088820934295654 0.7390505075454712 -0.04893753305077553
0.7509201765060425 0.6978169083595276 -0.060038626194000244
0.6080340147018433 0.6618908047676086 -0.010687495581805706
0.629760205745697 0.5428345799446106 -0.038127779960632324
0.6502485275268555 0.4709418714046478 -0.053105201572179794
0.6663126349449158 0.408675879240036 -0.06362687051296234
0.5706009864807129 0.6541828513145447 -0.01596740074455738
0.6146038174629211 0.5873044729232788 -0.07066002488136292
0.610409140586853 0.6909235119819641 -0.08070072531700134
0.5905365347862244 0.7517500519752502 -0.07187478989362717
0.5284032821655273 0.6550338268280029 -0.02606607787311077
0.5736371874809265 0.5955048203468323 -0.08398579806089401
0.5696888566017151 0.6994636654853821 -0.07039258629083633
0.5482705235481262 0.7450963854789734 -0.043552055954933167
0.47915560007095337 0.6632663607597351 -0.03783774748444557
0.5284245014190674 0.6186593174934387 -0.07581476867198944
0.5319240093231201 0.6847032904624939 -0.06294756382703781
0.5098499655723572 0.7165049910545349 -0.04313979670405388
