Leon_image_spock_89.jpg
0.4478801488876343 0.8686323165893555 7.483350827897084e-07
0.5354442596435547 0.8642922639846802 -0.029457494616508484
0.6178278923034668 0.8079065084457397 -0.0411246083676815
0.6777287721633911 0.7464566230773926 -0.05001186206936836
0.7258661985397339 0.7077208161354065 -0.05838162824511528
0.5957168340682983 0.6553424000740051 -0.027615077793598175
0.6422169804573059 0.5504330992698669 -0.04722839593887329
0.667179524898529 0.4829377830028534 -0.0608464851975441
0.6861812472343445 0.42478498816490173 -0.07031567394733429
0.5521734952926636 0.6188699007034302 -0.02714000642299652
0.6017802357673645 0.5087954998016357 -0.04625391960144043
0.6343477964401245 0.44266659021377563 -0.060404952615499496
0.6591533422470093 0.389118492603302 -0.06889020651578903
0.5051522850990295 0.6056703925132751 -0.030245378613471985
0.5245327353477478 0.4880750775337219 -0.05161770433187485
0.5400795340538025 0.4141646921634674 -0.06654077023267746
0.5534259080886841 0.3584630787372589 -0.07468179613351822
0.45736202597618103 0.611757218837738 -0.03574570640921593
0.47520917654037476 0.5166937708854675 -0.05483550578355789
0.48932188749313354 0.4593260884284973 -0.0643804594874382
0.5048759579658508 0.4128130078315735 -0.06889160722494125
