Leon_image_two_100.jpg
0.5564197897911072 0.9772783517837524 6.904569360699497e-09
0.6617820262908936 0.9137469530105591 -0.003554781200364232
0.7421995997428894 0.8460657000541687 -0.00630163075402379
0.7980114221572876 0.7894884943962097 -0.018510162830352783
0.8445045351982117 0.7414699196815491 -0.028184812515974045
0.6943938732147217 0.7137932181358337 0.04431161656975746
0.7356587648391724 0.631003201007843 0.022124815732240677
0.7593001127243042 0.6591596603393555 0.0050593772903084755
0.7617049217224121 0.6828408241271973 -0.0027677761390805244
0.6579106450080872 0.6934405565261841 0.03129097819328308
0.7049989700317383 0.6220252513885498 -0.0030924289021641016
0.6988794207572937 0.7191839814186096 -0.018980586901307106
0.673656165599823 0.7754898071289062 -0.018145116046071053
0.6148552298545837 0.6817209720611572 0.012230288237333298
0.6645444631576538 0.6100583672523499 -0.024481497704982758
0.6569613218307495 0.7090276479721069 -0.015636514872312546
0.6317343711853027 0.7634468674659729 0.003966426011174917
0.5607401728630066 0.6813874244689941 -0.007927155122160912
0.6135843396186829 0.6246886253356934 -0.03098081797361374
0.617595911026001 0.6912705302238464 -0.015304136089980602
0.5991421937942505 0.7324356436729431 0.005560070741921663
