Leon_image_spock_90.jpg
0.4320422410964966 0.8458573818206787 6.868622790534573e-07
0.517555832862854 0.8367987871170044 -0.027787484228610992
0.5988686084747314 0.7759292125701904 -0.03714382275938988
0.6565247774124146 0.7125586271286011 -0.044200289994478226
0.7015209197998047 0.6722639203071594 -0.050888754427433014
0.5764117240905762 0.63104647397995 -0.023521464318037033
0.6159760355949402 0.5256432890892029 -0.04264688864350319
0.6385740041732788 0.45799505710601807 -0.0568968802690506
0.6558546423912048 0.3993269205093384 -0.06720827519893646
0.5337124466896057 0.5985612869262695 -0.02509588748216629
0.5784281492233276 0.4881736636161804 -0.042865607887506485
0.6063558459281921 0.42086300253868103 -0.05817568674683571
0.626761794090271 0.36726346611976624 -0.06830841302871704
0.48553845286369324 0.5880297422409058 -0.030453341081738472
0.5007162094116211 0.472586989402771 -0.05089915171265602
0.5111883878707886 0.4003782272338867 -0.0667187049984932
0.5213112235069275 0.34384360909461975 -0.07604040205478668
0.43527936935424805 0.5962326526641846 -0.038322873413562775
0.4509003162384033 0.5031166076660156 -0.056537020951509476
0.4620380401611328 0.4455212950706482 -0.0663011372089386
0.4748740792274475 0.39623817801475525 -0.07168150693178177
