Leon_image_two_57.jpg
0.34604954719543457 0.8085256814956665 1.778482214831456e-07
0.3117392361164093 0.694057822227478 0.02864152193069458
0.31833845376968384 0.5953754186630249 0.03050304390490055
0.3576797544956207 0.5470020174980164 0.022717544808983803
0.40197044610977173 0.5395097732543945 0.01383043359965086
0.30859726667404175 0.5114505887031555 0.02463957667350769
0.3966734707355499 0.44080638885498047 0.023025698959827423
0.4394734501838684 0.41319406032562256 0.019666051492094994
0.46117323637008667 0.3992387056350708 0.014898248948156834
0.3400619924068451 0.5148289799690247 0.0024780461098998785
0.4350493252277374 0.49706441164016724 0.0015537498984485865
0.4428050220012665 0.5410122871398926 0.0006416841642931104
0.4243164658546448 0.5737298130989075 -0.0010391277028247714
0.37852245569229126 0.5395718812942505 -0.017379503697156906
0.46686258912086487 0.5358507633209229 -0.011321241967380047
0.4641924500465393 0.5819953680038452 -0.0014345868257805705
0.4406142234802246 0.610018253326416 0.0024133559782058
0.41776517033576965 0.5760743618011475 -0.03654925525188446
0.4838322699069977 0.584347665309906 -0.023053476586937904
0.47934484481811523 0.6247618198394775 -0.008934901095926762
0.4582868814468384 0.6505948901176453 0.00017083330021705478
