Leon_image_four_24.jpg
0.6647573709487915 0.924623429775238 4.790030061485595e-07
0.7023776173591614 0.8476647138595581 0.012180011719465256
0.7115346789360046 0.7648810148239136 0.016280556097626686
0.7135018706321716 0.6938842535018921 0.017684033140540123
0.7292217016220093 0.6448202729225159 0.017814647406339645
0.6409851312637329 0.6654449701309204 0.007721686735749245
0.6181215047836304 0.5578696727752686 0.008099304512143135
0.6029773950576782 0.5015692710876465 0.00832382682710886
0.590226411819458 0.4603422284126282 0.009845520369708538
0.599734902381897 0.6833086013793945 -0.00011889420420629904
0.5641196966171265 0.568915843963623 0.0024000140838325024
0.541946530342102 0.5085287094116211 0.004023881163448095
0.5242694020271301 0.46866661310195923 0.006124963518232107
0.5655016303062439 0.7215463519096375 -0.0062469192780554295
0.5295032262802124 0.6360811591148376 -0.0027410604525357485
0.5092182755470276 0.5957092642784119 -0.0009872890077531338
0.49543333053588867 0.5740408897399902 0.0008880193927325308
0.53790283203125 0.7742042541503906 -0.011193725280463696
0.5129679441452026 0.7177863717079163 -0.001051923492923379
0.5072240233421326 0.7001489996910095 0.010768350213766098
0.5066092610359192 0.6964111328125 0.02033458650112152
