Leon_image_five_30.jpg
0.6451185941696167 0.7672432661056519 3.1445432568943943e-07
0.5898810029029846 0.6819818615913391 0.013572352938354015
0.5747532844543457 0.5901956558227539 0.012568637728691101
0.573261559009552 0.5106796026229858 0.00727209122851491
0.5624005794525146 0.45127156376838684 0.001469032489694655
0.6531504392623901 0.4945846199989319 0.00599040137603879
0.6975566148757935 0.37451815605163574 0.0008259829482994974
0.7324414849281311 0.335091233253479 -0.0014127694303169847
0.7610397338867188 0.3198584020137787 -0.0013235186925157905
0.7058999538421631 0.5105960369110107 -0.00868110079318285
0.7617969512939453 0.3844006359577179 -0.007471992168575525
0.8005918860435486 0.33512771129608154 -0.00712299719452858
0.8315111994743347 0.31400030851364136 -0.007316037081182003
0.7522767782211304 0.5464795231819153 -0.023066289722919464
0.8101418018341064 0.42694950103759766 -0.02108573354780674
0.8473248481750488 0.382187157869339 -0.019291158765554428
0.8751171827316284 0.35597771406173706 -0.01979437842965126
0.7917506098747253 0.5985805988311768 -0.03656094893813133
0.8450348973274231 0.5162830948829651 -0.0322284922003746
0.8727039098739624 0.47010940313339233 -0.025761842727661133
0.8919541239738464 0.4327701926231384 -0.021281860768795013
