Leon_image_zero_38.jpg
0.46197736263275146 0.9459456205368042 -1.1404539463910623e-06
0.356702983379364 0.828521728515625 0.006962981540709734
0.30537158250808716 0.7077403664588928 0.004534885287284851
0.28935152292251587 0.6093453168869019 -0.013624517247080803
0.3127560615539551 0.5246945023536682 -0.023740321397781372
0.4286303222179413 0.5775063633918762 0.0786249041557312
0.35877326130867004 0.4927866458892822 0.026410210877656937
0.34653225541114807 0.590244710445404 -0.010128762573003769
0.38053175806999207 0.6477181911468506 -0.026930058375000954
0.4526148736476898 0.5779668092727661 0.05239368602633476
0.3733806312084198 0.47747212648391724 -0.017858654260635376
0.36039358377456665 0.5994285345077515 -0.04638613387942314
0.3980984091758728 0.6632212996482849 -0.043532222509384155
0.4844881594181061 0.5758661031723022 0.015400299802422523
0.389060378074646 0.4848008155822754 -0.046666670590639114
0.37934374809265137 0.6128823161125183 -0.04171757772564888
0.4218967854976654 0.67347252368927 -0.01686028577387333
0.5219211578369141 0.5867665410041809 -0.023359330371022224
0.4237193763256073 0.5376436114311218 -0.06061592698097229
0.4118676781654358 0.6283370852470398 -0.05466897785663605
0.451409250497818 0.6771571636199951 -0.03581620007753372
