Leon_image_one_54.jpg
0.6462996006011963 0.7533082962036133 -7.62122624564654e-07
0.5691254734992981 0.7217305898666382 -0.030396906659007072
0.492116242647171 0.6319762468338013 -0.037013839930295944
0.4446521997451782 0.5609803199768066 -0.044418446719646454
0.4011203646659851 0.5182417631149292 -0.04508297145366669
0.5408768653869629 0.5068199038505554 0.006968711037188768
0.5452014803886414 0.44157660007476807 -0.03537477180361748
0.547418475151062 0.5144402980804443 -0.05659710615873337
0.5491862893104553 0.5676496028900146 -0.06399788707494736
0.5962914824485779 0.5044496059417725 0.0026228262577205896
0.6026858687400818 0.43317586183547974 -0.042272403836250305
0.6016305088996887 0.5420754551887512 -0.048806846141815186
0.5998464226722717 0.5825662612915039 -0.04035661742091179
0.648482084274292 0.5227988362312317 -0.011802480556070805
0.6550495028495789 0.467096745967865 -0.05967995896935463
0.6447230577468872 0.563233494758606 -0.048956096172332764
0.6376316547393799 0.5967758893966675 -0.027669096365571022
0.6998140215873718 0.5520943999290466 -0.02881970815360546
0.6984028816223145 0.5017326474189758 -0.05535226687788963
0.6854864954948425 0.5643993020057678 -0.04302564635872841
0.6737670302391052 0.5889384746551514 -0.025926023721694946
