Leon_image_five_27.jpg
0.39827629923820496 0.8323818445205688 6.807009640397155e-07
0.4101007878780365 0.7303240299224854 0.022014331072568893
0.44149816036224365 0.6235372424125671 0.02162593975663185
0.4855971336364746 0.552318274974823 0.012545064091682434
0.5267106890678406 0.4978519678115845 0.004742133431136608
0.4233313500881195 0.5656035542488098 0.017061961814761162
0.48776301741600037 0.45862406492233276 0.000915705575607717
0.5466024875640869 0.3979814350605011 -0.010376989841461182
0.5951088070869446 0.3621468245983124 -0.016201872378587723
0.4377812445163727 0.5663243532180786 -0.006689694244414568
0.5051729679107666 0.44109857082366943 -0.019234778359532356
0.5669706463813782 0.38438504934310913 -0.026204850524663925
0.6151078939437866 0.35415688157081604 -0.0290891844779253
0.46456336975097656 0.5863757133483887 -0.0304354690015316
0.5270044803619385 0.45500442385673523 -0.03938669338822365
0.5833715200424194 0.3974011242389679 -0.03950514271855354
0.6260155439376831 0.3617214262485504 -0.03879931941628456
0.5061892867088318 0.6253823637962341 -0.05343380197882652
0.5624383687973022 0.526405930519104 -0.05618862807750702
0.6020157933235168 0.472470223903656 -0.05180737376213074
0.6340592503547668 0.4328172206878662 -0.04797496274113655
