Leon_image_spock_70.jpg
0.5455825924873352 0.8952733278274536 1.679657657405187e-07
0.5969981551170349 0.8241555690765381 0.046965450048446655
0.6142969131469727 0.7477802634239197 0.07054650038480759
0.6312620639801025 0.6964593529701233 0.08044685423374176
0.6452745199203491 0.6526330709457397 0.08897964656352997
0.568720817565918 0.6791329979896545 0.0784931555390358
0.5978825092315674 0.6014878749847412 0.08722761273384094
0.6241298317909241 0.5503973960876465 0.08482266217470169
0.6474977135658264 0.5070469379425049 0.07993113994598389
0.5622432231903076 0.6719785928726196 0.04758418723940849
0.599388837814331 0.5863929986953735 0.053480517119169235
0.6305462718009949 0.5297330021858215 0.04550944268703461
0.6582996249198914 0.48553985357284546 0.03724180534482002
0.5625898838043213 0.6740517020225525 0.016260646283626556
0.6003307104110718 0.5923875570297241 0.02257704921066761
0.6317569613456726 0.5400762557983398 0.018488818779587746
0.657077968120575 0.49914297461509705 0.01183243840932846
0.5725945830345154 0.6868160963058472 -0.013105541467666626
0.6001338958740234 0.6187410354614258 -0.007955127395689487
0.6192003488540649 0.5733562111854553 -0.006369879003614187
0.6358181238174438 0.5371865630149841 -0.008190269581973553
