Leon_image_three_48.jpg
0.4847002625465393 0.9517859220504761 6.009575486132235e-07
0.45386213064193726 0.8343278765678406 0.05459163710474968
0.4551873207092285 0.723092794418335 0.07010111957788467
0.45585548877716064 0.6327845454216003 0.0705854594707489
0.4372788667678833 0.5703821778297424 0.06963019073009491
0.49632710218429565 0.6112645864486694 0.03810514509677887
0.5522288680076599 0.47392141819000244 0.03727293387055397
0.5907407999038696 0.40745779871940613 0.0404561311006546
0.6218644976615906 0.3583295941352844 0.04406922683119774
0.5362929105758667 0.6262394785881042 0.0031375442631542683
0.6403380632400513 0.5222657918930054 0.008542615920305252
0.6987471580505371 0.476684033870697 0.013770283199846745
0.7380903959274292 0.44562703371047974 0.015853064134716988
0.574979841709137 0.6692583560943604 -0.027923796325922012
0.6672768592834473 0.654343843460083 -0.015116553753614426
0.6595497131347656 0.7093764543533325 0.0008926815935410559
0.636022686958313 0.7421258687973022 0.008929802104830742
0.6092468500137329 0.7278621196746826 -0.05656014382839203
0.6735826730728149 0.7416317462921143 -0.037115633487701416
0.6556652188301086 0.782601535320282 -0.017995834350585938
0.6272116303443909 0.8040587902069092 -0.005655268207192421
