Leon_image_three_39.jpg
0.5258349776268005 0.9213511943817139 9.376294656249229e-07
0.5021829605102539 0.8405443429946899 0.005176530219614506
0.5017821788787842 0.7464258074760437 -0.004472371190786362
0.4976167380809784 0.6632909178733826 -0.01969720982015133
0.4792112112045288 0.6027326583862305 -0.03468089923262596
0.5406385064125061 0.6404367685317993 -0.02267560549080372
0.5941352844238281 0.5168381333351135 -0.05032314732670784
0.6313187479972839 0.4494739770889282 -0.06415247917175293
0.6619585752487183 0.4006332457065582 -0.07239824533462524
0.5716977715492249 0.6523979902267456 -0.04545009136199951
0.6749147176742554 0.5529217720031738 -0.07599760591983795
0.7400580048561096 0.5062858462333679 -0.08734466135501862
0.7846295833587646 0.47403866052627563 -0.0912841409444809
0.6058199405670166 0.6959991455078125 -0.06670960783958435
0.7000061273574829 0.6795613765716553 -0.09103778749704361
0.6866289377212524 0.7342440485954285 -0.08174902200698853
0.6603258848190308 0.7634680867195129 -0.07043097913265228
0.6364496350288391 0.7590062022209167 -0.08865262567996979
0.7012462019920349 0.7874277830123901 -0.10531773418188095
0.6843539476394653 0.8270971179008484 -0.09604205191135406
0.655335009098053 0.8405699729919434 -0.08424834907054901
0.5182132720947266 1.00679612159729 4.189066658000229e-07
0.4930054843425751 0.8717827796936035 0.06372032314538956
0.49838176369667053 0.7578032612800598 0.08846415579319
0.5010093450546265 0.6789892911911011 0.09634032845497131
0.49011534452438354 0.6191136837005615 0.1036420464515686
0.5387603640556335 0.6314758062362671 0.06939386576414108
0.5942128300666809 0.5037901401519775 0.08256113529205322
0.6273524761199951 0.4423617124557495 0.09024659544229507
0.6550716161727905 0.39170876145362854 0.09484434127807617
0.575093686580658 0.6499655246734619 0.03311346098780632
0.679863691329956 0.561137318611145 0.04945282265543938
0.7427931427955627 0.5198916792869568 0.052350763231515884
0.7908612489700317 0.4873225688934326 0.05028938129544258
0.6092668771743774 0.6961703896522522 0.0005031594773754478
0.705230176448822 0.6835310459136963 0.020444799214601517
0.6930004954338074 0.7417256832122803 0.03147752210497856
0.6703867316246033 0.7741595506668091 0.034152861684560776
0.644257664680481 0.7556081414222717 -0.028926778584718704
0.7120213508605957 0.7611890435218811 -0.0007907550316303968
0.6911812424659729 0.8092978000640869 0.02012828178703785
0.6660200357437134 0.8351345062255859 0.03155278041958809
