Leon_image_five_2.jpg
0.28338825702667236 0.8705663681030273 1.1766376246669097e-06
0.36674830317497253 0.8588056564331055 -0.05712253972887993
0.4379712641239166 0.8124738931655884 -0.0988815426826477
0.5005627274513245 0.7673784494400024 -0.13084964454174042
0.5518319606781006 0.7286074161529541 -0.16381601989269257
0.39496755599975586 0.6788678169250488 -0.11426852643489838
0.45611584186553955 0.545378565788269 -0.1562417447566986
0.487942099571228 0.45612114667892456 -0.17912892997264862
0.5092334151268005 0.38804274797439575 -0.19687728583812714
0.3315831422805786 0.6447966694831848 -0.11078131198883057
0.3643254041671753 0.4950932264328003 -0.1617828756570816
0.3919333219528198 0.39344412088394165 -0.1956588327884674
0.4151141047477722 0.31809136271476746 -0.22131513059139252
0.2694481611251831 0.638529896736145 -0.10822392255067825
0.2832058072090149 0.4967384934425354 -0.1542765498161316
0.30319929122924805 0.39043450355529785 -0.18660105764865875
0.32134369015693665 0.30788084864616394 -0.20942001044750214
0.21628068387508392 0.6543601751327515 -0.10738878697156906
0.21283729374408722 0.5471450686454773 -0.1515638679265976
0.21451333165168762 0.47374603152275085 -0.17931745946407318
0.21828141808509827 0.4110281467437744 -0.19902434945106506
