Leon_image_three_35.jpg
0.4778170585632324 0.9224905967712402 7.420224505949591e-07
0.42419010400772095 0.7738422155380249 0.033773843199014664
0.4010189473628998 0.6217162013053894 0.03453516587615013
0.38676607608795166 0.49077174067497253 0.024201082065701485
0.3597577214241028 0.4000961184501648 0.013858160004019737
0.5007801651954651 0.500224769115448 0.012450549751520157
0.5649027824401855 0.32643741369247437 0.010148677043616772
0.6064410209655762 0.23801001906394958 0.013393371365964413
0.6408096551895142 0.17287525534629822 0.016340693458914757
0.5635759830474854 0.5289727449417114 -0.01338454894721508
0.6737084984779358 0.40610814094543457 -0.006643963512033224
0.7321069240570068 0.3525107204914093 -0.0002664807252585888
0.7721966505050659 0.3194248080253601 0.0027729652356356382
0.6175426244735718 0.5946216583251953 -0.03527107462286949
0.6871492266654968 0.5669482350349426 -0.017485162243247032
0.6639682650566101 0.6194700598716736 0.00011838393402285874
0.6322627663612366 0.66484534740448 0.008031600154936314
0.663428783416748 0.6762818098068237 -0.056282732635736465
0.6933109164237976 0.6975365281105042 -0.036144159734249115
0.6673957705497742 0.7343131303787231 -0.017499258741736412
0.6396790742874146 0.7622655034065247 -0.004469011910259724
