Leon_image_three_57.jpg
0.2720140516757965 0.9590369462966919 5.780097467322776e-07
0.23941448330879211 0.8381232023239136 0.03786167874932289
0.24029938876628876 0.7368818521499634 0.044457025825977325
0.25197482109069824 0.6697381138801575 0.038817279040813446
0.2569698095321655 0.6380653977394104 0.03203153610229492
0.2751130759716034 0.632794201374054 0.026703795418143272
0.3124709725379944 0.5009481310844421 0.03154246509075165
0.3427385687828064 0.44007524847984314 0.03648347780108452
0.36898061633110046 0.3951868712902069 0.03984788432717323
0.3250387907028198 0.6443813443183899 -0.0003245616389904171
0.40822798013687134 0.5614556074142456 0.010835767723619938
0.45378342270851135 0.5215221643447876 0.01478504203259945
0.48459547758102417 0.4936947226524353 0.015996329486370087
0.3675728738307953 0.68426513671875 -0.023757224902510643
0.4187932014465332 0.6793338656425476 -0.004001080524176359
0.4038141965866089 0.7291049361228943 0.008115583099424839
0.3830763101577759 0.7655326724052429 0.012571156956255436
0.4045862555503845 0.7367799282073975 -0.046344172209501266
0.43212682008743286 0.7547643780708313 -0.023342274129390717
0.41497737169265747 0.7899463176727295 -0.005282386671751738
0.397402286529541 0.8160156011581421 0.00692330114543438
