Leon_image_zero_78.jpg
0.8491727113723755 0.8188265562057495 -6.465723458859429e-07
0.8654049634933472 0.6889725923538208 0.02481667511165142
0.8375873565673828 0.5602821707725525 0.02326682023704052
0.7695435285568237 0.4843215048313141 0.014699061401188374
0.7033505439758301 0.47062522172927856 0.007636500988155603
0.8643271327018738 0.4649086594581604 0.006681173108518124
0.7181007266044617 0.4127391278743744 -0.014393584802746773
0.7091223001480103 0.47577279806137085 -0.02483459562063217
0.7361840009689331 0.506669282913208 -0.03080116957426071
0.8462527990341187 0.484427809715271 -0.0174100361764431
0.685174822807312 0.43942195177078247 -0.03337601572275162
0.6916616559028625 0.5086424946784973 -0.028520535677671432
0.7241622805595398 0.5402277112007141 -0.026028938591480255
0.8151186108589172 0.5207778811454773 -0.04102582484483719
0.6679416298866272 0.4931289255619049 -0.04962620511651039
0.682998538017273 0.5622575879096985 -0.034805815666913986
0.7185813188552856 0.5868673920631409 -0.02855769358575344
0.7777450680732727 0.5699127912521362 -0.06400623917579651
0.6692408323287964 0.5676297545433044 -0.07355265319347382
0.6825740337371826 0.6238702535629272 -0.06858747452497482
0.7125083208084106 0.6449990272521973 -0.06474276632070541
