Leon_image_one_66.jpg
0.5472711324691772 0.8429104685783386 -6.447625651162525e-07
0.4725232720375061 0.7752804756164551 0.0018085951451212168
0.37147289514541626 0.7206155061721802 -0.011243157088756561
0.2932407557964325 0.6762992739677429 -0.02678643725812435
0.24923564493656158 0.6119184494018555 -0.03889773041009903
0.3190402686595917 0.6782390475273132 -0.034994158893823624
0.20760491490364075 0.8079258799552917 -0.07127819210290909
0.24924489855766296 0.8381041288375854 -0.08262426406145096
0.2829466462135315 0.8124171495437622 -0.08659376204013824
0.3468148708343506 0.7183683514595032 -0.051263999193906784
0.23371444642543793 0.8771361708641052 -0.08560539782047272
0.2818645238876343 0.8830935955047607 -0.07856357842683792
0.31309905648231506 0.846352756023407 -0.07274333387613297
0.3796156942844391 0.7770083546638489 -0.06887147575616837
0.27739787101745605 0.9191836714744568 -0.0991910845041275
0.32446420192718506 0.9194619059562683 -0.07413645088672638
0.3547031283378601 0.8819199204444885 -0.05548707768321037
0.41424238681793213 0.8447324633598328 -0.08616503328084946
0.3285619616508484 0.9563985466957092 -0.10824570059776306
0.36243927478790283 0.9553854465484619 -0.09623122960329056
0.3902481496334076 0.9220289587974548 -0.08448325097560883
