Leon_image_four_18.jpg
0.4632737636566162 0.9365679621696472 5.568059009419812e-07
0.5269536375999451 0.8654171824455261 -0.006901113782078028
0.5539230704307556 0.764257550239563 -0.004806674085557461
0.5667980909347534 0.6762719750404358 -0.00227793725207448
0.5847196578979492 0.6212143898010254 0.0011474333005025983
0.4658164381980896 0.6297253370285034 0.007920721545815468
0.4526732563972473 0.5073103308677673 0.01259368471801281
0.44263800978660583 0.44600167870521545 0.012771730311214924
0.4310173988342285 0.39760565757751465 0.012751268222928047
0.4159899353981018 0.6427170634269714 0.008040087297558784
0.3923669755458832 0.5138165950775146 0.016176113858819008
0.3758557140827179 0.4456557333469391 0.016674330458045006
0.3579031825065613 0.39846906065940857 0.016626184806227684
0.3724953830242157 0.6801783442497253 0.007368149701505899
0.3478681743144989 0.5809008479118347 0.011753315106034279
0.33654993772506714 0.5357480049133301 0.009080945514142513
0.3251171410083771 0.5074464678764343 0.007043422665446997
0.33441805839538574 0.7329165935516357 0.005814198404550552
0.3169746994972229 0.6652585864067078 0.012621140107512474
0.3185220956802368 0.6546730995178223 0.021422037854790688
0.3207894563674927 0.6599032282829285 0.02880892902612686
