Leon_image_four_86.jpg
0.6548013091087341 0.8493139147758484 2.9169473236834165e-07
0.5897530317306519 0.8524987101554871 -0.015935605391860008
0.5222674012184143 0.808068573474884 -0.018888991326093674
0.4721543788909912 0.7680203914642334 -0.02227606251835823
0.43162086606025696 0.7486147284507751 -0.02496178075671196
0.5328258275985718 0.6735430955886841 0.007398999761790037
0.4992876350879669 0.5976971983909607 0.0016676491359248757
0.48189011216163635 0.5527234673500061 -0.008201445452868938
0.4676082134246826 0.514769971370697 -0.017325883731245995
0.5646833777427673 0.6485162377357483 0.0024673170410096645
0.528779923915863 0.5645855665206909 -0.0008092737989500165
0.5085349678993225 0.5143311023712158 -0.010368836112320423
0.49221089482307434 0.4762318730354309 -0.01911068707704544
0.6004729866981506 0.64081871509552 -0.00689691212028265
0.5762790441513062 0.553038477897644 -0.018023282289505005
0.5582396984100342 0.5081053376197815 -0.030960239470005035
0.5411584973335266 0.47592610120773315 -0.041235100477933884
0.6425133347511292 0.6455252766609192 -0.018177691847085953
0.6334580183029175 0.5801401138305664 -0.03232942521572113
0.6230207085609436 0.5813678503036499 -0.037942297756671906
0.6126840114593506 0.5972117781639099 -0.042025454342365265
