Leon_image_four_54.jpg
0.4173257350921631 0.8006495833396912 4.4132988819001184e-07
0.4468722343444824 0.7578821182250977 -0.005114121362566948
0.45427587628364563 0.7045625448226929 -0.009143662638962269
0.4556889533996582 0.6574196815490723 -0.012723960913717747
0.46197280287742615 0.6225500702857971 -0.016541453078389168
0.3971591293811798 0.6412881016731262 -0.012335802428424358
0.3739423453807831 0.5724804997444153 -0.01843946985900402
0.35752028226852417 0.5337021350860596 -0.02054804190993309
0.3426131308078766 0.5059217810630798 -0.021030357107520103
0.36820656061172485 0.6578055620193481 -0.014892240054905415
0.33713871240615845 0.5845198631286621 -0.022562362253665924
0.31557586789131165 0.5452663898468018 -0.026150159537792206
0.2973686754703522 0.5192833542823792 -0.026456274092197418
0.3440483510494232 0.6879332661628723 -0.016844414174556732
0.31144529581069946 0.643295407295227 -0.02617291919887066
0.29198572039604187 0.6260676383972168 -0.029629919677972794
0.27891045808792114 0.6164777278900146 -0.028713127598166466
0.3244558572769165 0.729133665561676 -0.018404006958007812
0.30001401901245117 0.7000899910926819 -0.022448362782597542
0.29794827103614807 0.6987677812576294 -0.01784663461148739
0.30132099986076355 0.7032225728034973 -0.011692461557686329
