Leon_image_one_90.jpg
0.7237589955329895 0.7724806070327759 -7.711692546763516e-07
0.6328710317611694 0.7891387939453125 -0.04710467904806137
0.5224137902259827 0.7539506554603577 -0.0665978193283081
0.43596094846725464 0.7251502871513367 -0.0849028006196022
0.3705568313598633 0.7220224142074585 -0.0931040421128273
0.5130878686904907 0.6008517742156982 -0.007269030902534723
0.49690714478492737 0.5013859272003174 -0.05617879703640938
0.5466969013214111 0.5785284638404846 -0.07950753718614578
0.561647891998291 0.6281753182411194 -0.08759278804063797
0.5640591382980347 0.5505010485649109 -0.0031909483950585127
0.5502975583076477 0.4597456455230713 -0.0579492412507534
0.6015375256538391 0.5606570839881897 -0.06990157067775726
0.6023709177970886 0.6018821597099304 -0.06445182859897614
0.6154521107673645 0.5143942832946777 -0.009848224930465221
0.6065196990966797 0.4360920786857605 -0.06248169392347336
0.6455113887786865 0.5266660451889038 -0.049031008034944534
0.6449183225631714 0.5657366514205933 -0.02561187371611595
0.6653691530227661 0.4904802441596985 -0.020483799278736115
0.6550417542457581 0.4252687096595764 -0.04432323947548866
0.6765583753585815 0.4940122663974762 -0.02738199569284916
0.6747651100158691 0.5316765904426575 -0.007492579985409975
