Leon_image_three_62.jpg
0.29775118827819824 0.9502309560775757 6.859640961920377e-07
0.2586224675178528 0.8439890146255493 0.027224989607930183
0.2543264627456665 0.7466472387313843 0.03148899972438812
0.2576533854007721 0.681847333908081 0.02586120180785656
0.25727707147598267 0.6453391313552856 0.019388731569051743
0.29699400067329407 0.6382235288619995 0.017533231526613235
0.3382795453071594 0.5158108472824097 0.016179284080863
0.3681827485561371 0.4538443088531494 0.017392631620168686
0.39320096373558044 0.40699565410614014 0.01870102994143963
0.34480127692222595 0.6494864821434021 -0.005680317059159279
0.42390576004981995 0.5586165189743042 -0.003654724219813943
0.46884310245513916 0.5104880332946777 -0.005287025589495897
0.5019671320915222 0.4763403534889221 -0.006276735570281744
0.3864186406135559 0.6881824731826782 -0.02639768272638321
0.439753919839859 0.6777365207672119 -0.019703827798366547
0.4253113269805908 0.7267460227012634 -0.011700939387083054
0.40671563148498535 0.7615078687667847 -0.006183226592838764
0.4218924343585968 0.7403680086135864 -0.04643221199512482
0.45014050602912903 0.7544397711753845 -0.03514596074819565
0.43460026383399963 0.7912325859069824 -0.02119859680533409
0.4194983243942261 0.8161253929138184 -0.009628808125853539
