Leon_image_two_83.jpg
0.5149238109588623 0.8717128038406372 2.5438701811708597e-08
0.5945512056350708 0.8485779762268066 -0.018624525517225266
0.6607175469398499 0.7786746621131897 -0.025712499395012856
0.7088131308555603 0.7270345091819763 -0.03652811422944069
0.7490386962890625 0.6893160939216614 -0.04629760980606079
0.6119866967201233 0.6517764925956726 -0.000726382655557245
0.6331292390823364 0.5360543727874756 -0.02515912614762783
0.6536619663238525 0.46973708271980286 -0.03957466408610344
0.6698472499847412 0.4105572998523712 -0.049944501370191574
0.5777475237846375 0.6448180675506592 -0.008605617098510265
0.619730532169342 0.5812373161315918 -0.059446997940540314
0.6172700524330139 0.6775544285774231 -0.07078477740287781
0.5964964628219604 0.7347865104675293 -0.06419655680656433
0.5386528968811035 0.6450722217559814 -0.02088048681616783
0.5816370248794556 0.5867086052894592 -0.07473678141832352
0.5782621502876282 0.6858606338500977 -0.06355172395706177
0.5560478568077087 0.7307513952255249 -0.039445970207452774
0.4914529621601105 0.6514399647712708 -0.03435270115733147
0.5373254418373108 0.6048402786254883 -0.06941746175289154
0.5432297587394714 0.6691281795501709 -0.05767704173922539
0.523351788520813 0.7033095955848694 -0.0394124835729599
