Leon_image_spock_49.jpg
0.44869595766067505 0.8453104496002197 1.841107177824597e-07
0.41087865829467773 0.7768654823303223 0.014322084374725819
0.3975461423397064 0.7096899747848511 0.016404680907726288
0.3926515281200409 0.646146297454834 0.014403460547327995
0.38693296909332275 0.5979613661766052 0.012071778066456318
0.4553113579750061 0.633878767490387 0.018041634932160378
0.47880038619041443 0.5407862663269043 0.01910126581788063
0.4973297119140625 0.4964900016784668 0.020516233518719673
0.5116174817085266 0.46481677889823914 0.02231629006564617
0.4889516532421112 0.6415639519691467 0.005560541059821844
0.5176535248756409 0.5433383584022522 0.008193960413336754
0.5317321419715881 0.4950655698776245 0.008274806663393974
0.5431290864944458 0.4586048126220703 0.008226449601352215
0.521294116973877 0.6632989048957825 -0.006999562494456768
0.5663326382637024 0.5942190289497375 -0.004428091924637556
0.5925635099411011 0.5560855865478516 -0.004823293071240187
0.61063152551651 0.5263344049453735 -0.006120497826486826
0.5487128496170044 0.6966691613197327 -0.018518779426813126
0.5823988318443298 0.639477014541626 -0.012165899388492107
0.6020402312278748 0.6115425229072571 -0.005665714852511883
0.6170188188552856 0.5882379412651062 -0.0013437955640256405
