Leon_image_two_56.jpg
0.3920203447341919 0.8330084085464478 -4.0515232058169204e-07
0.3416306674480438 0.7296693325042725 0.015226132236421108
0.316920667886734 0.6302288770675659 0.01364775002002716
0.30201539397239685 0.5478270053863525 0.007318679243326187
0.2852817177772522 0.49600279331207275 0.0038993123453110456
0.346230149269104 0.5176748037338257 0.008320641703903675
0.43859779834747314 0.47977980971336365 0.002487121382728219
0.45310670137405396 0.5255715250968933 -0.00031540339114144444
0.4390859603881836 0.565829873085022 -0.002801646012812853
0.38261210918426514 0.5248869061470032 -0.00778950285166502
0.47356486320495605 0.5090778470039368 -0.004273430444300175
0.4775305688381195 0.555436372756958 -0.0016943083610385656
0.45744842290878296 0.5922132134437561 -0.003937262110412121
0.42249274253845215 0.5516752600669861 -0.023000473156571388
0.5016489028930664 0.5489252805709839 -0.017597980797290802
0.49969589710235596 0.5926918387413025 -0.007631060667335987
0.47766122221946716 0.6251649856567383 -0.005567238200455904
0.46179282665252686 0.590908408164978 -0.03805503621697426
0.5200457572937012 0.5962294936180115 -0.03172050043940544
0.5178700089454651 0.6365541219711304 -0.02037755586206913
0.4998610317707062 0.6636918783187866 -0.012869181111454964
