Leon_image_spock_5.jpg
0.42616233229637146 0.8432043790817261 4.892664264843916e-07
0.4955907166004181 0.8345110416412354 -0.01914834976196289
0.5627793073654175 0.7987972497940063 -0.028720200061798096
0.6134530305862427 0.758789598941803 -0.037693317979574203
0.6490364074707031 0.7289066314697266 -0.046476081013679504
0.5480449795722961 0.6878162026405334 -0.01436795573681593
0.5864091515541077 0.6134422421455383 -0.029752492904663086
0.6067706942558289 0.5683443546295166 -0.0406494140625
0.622769296169281 0.5294537544250488 -0.047983571887016296
0.517310380935669 0.65997713804245 -0.01630251854658127
0.5582964420318604 0.581992506980896 -0.029081085696816444
0.5821846723556519 0.5393009781837463 -0.038847051560878754
0.6001313924789429 0.5049305558204651 -0.045316725969314575
0.4804172217845917 0.6485149264335632 -0.02162039838731289
0.4957541227340698 0.5637058019638062 -0.037281133234500885
0.502930760383606 0.5091432332992554 -0.048756059259176254
0.5090263485908508 0.4649078845977783 -0.05544636398553848
0.4410814940929413 0.6502776741981506 -0.02854839898645878
0.45361143350601196 0.5771871209144592 -0.04037318006157875
0.46301373839378357 0.5327803492546082 -0.04506462812423706
0.4726538062095642 0.49577030539512634 -0.047599583864212036
