Leon_image_zero_63.jpg
0.7528792023658752 0.8685461282730103 -9.988856390918954e-07
0.6427537202835083 0.8153455257415771 -0.011196409352123737
0.5548914670944214 0.7145930528640747 -0.018273809924721718
0.5127745866775513 0.5973153710365295 -0.03487536311149597
0.5407087206840515 0.5030637979507446 -0.04431738704442978
0.5805199146270752 0.5866755843162537 0.04491758719086647
0.5357956886291504 0.5033479332923889 -0.004477251321077347
0.5525681972503662 0.6045335531234741 -0.02951742894947529
0.5807722806930542 0.6489711999893188 -0.036892641335725784
0.6306427121162415 0.5703393220901489 0.029306089505553246
0.583143949508667 0.4839498698711395 -0.02097172848880291
0.6013872623443604 0.6085991859436035 -0.02855117805302143
0.6334862112998962 0.6380139589309692 -0.016321489587426186
0.6879674196243286 0.5661616921424866 0.002261061454191804
0.6371826529502869 0.49652886390686035 -0.05112208425998688
0.6507757306098938 0.6202946901321411 -0.03392016142606735
0.6824150681495667 0.6535863280296326 -0.002825408009812236
0.7528804540634155 0.5719718337059021 -0.02651452273130417
0.6884380578994751 0.5260211229324341 -0.049325015395879745
0.6903995275497437 0.6170291304588318 -0.027532333508133888
0.7195957899093628 0.6503605842590332 -0.001001568860374391
