Leon_image_five_53.jpg
0.7297225594520569 0.9823004603385925 3.5135684584020055e-07
0.6449617147445679 0.8821352124214172 0.003279846627265215
0.6049667000770569 0.7508077621459961 -5.4978536354610696e-05
0.5890278220176697 0.6353008151054382 -0.0025864923372864723
0.5676445960998535 0.5494840741157532 -0.00291954493150115
0.7018858790397644 0.6455270648002625 -0.008697104640305042
0.7238126397132874 0.48825621604919434 -0.013216250576078892
0.7451692819595337 0.4177534878253937 -0.011042158119380474
0.7639606595039368 0.3746940493583679 -0.006154133006930351
0.7771093249320984 0.6641601324081421 -0.014096603728830814
0.8190832734107971 0.5041470527648926 -0.010444247163832188
0.8414707183837891 0.42578884959220886 -0.002056603552773595
0.8567568063735962 0.382051944732666 0.006198944058269262
0.8392326235771179 0.7046203017234802 -0.018816541880369186
0.8822793364524841 0.5646507740020752 -0.013406693004071712
0.9031558036804199 0.49735596776008606 -0.003960133530199528
0.9136576652526855 0.45408427715301514 0.0036863985005766153
0.8880845308303833 0.7601815462112427 -0.02252536453306675
0.9233293533325195 0.6530541181564331 -0.013048748485744
0.9360350370407104 0.5967975854873657 0.001761548570357263
0.9396789073944092 0.5537888407707214 0.015208878554403782
