Leon_image_four_96.jpg
0.4811391234397888 0.9206305742263794 2.434928774164291e-07
0.4139782190322876 0.9318446516990662 -0.015100343152880669
0.3402636647224426 0.894389271736145 -0.015445656143128872
0.28778356313705444 0.8611663579940796 -0.016605952754616737
0.24743111431598663 0.8543961644172668 -0.017561718821525574
0.3389362394809723 0.7596867084503174 0.012767091393470764
0.2980816662311554 0.6908175945281982 0.008976532146334648
0.27664715051651 0.6500932574272156 0.00015513204562012106
0.2578360438346863 0.6155275702476501 -0.008463345468044281
0.36912283301353455 0.7281812429428101 0.0073161558248102665
0.3285384476184845 0.6482440829277039 0.005569132510572672
0.30539292097091675 0.6014750599861145 -0.003125459188595414
0.2862281799316406 0.5662901997566223 -0.011463139206171036
0.4030514657497406 0.7127047181129456 -0.0029616686515510082
0.3713076710700989 0.6308016777038574 -0.012424520216882229
0.346702516078949 0.5911184549331665 -0.02485658787190914
0.3255191445350647 0.564193606376648 -0.035076290369033813
0.4426229000091553 0.7076438665390015 -0.015430436469614506
0.421188086271286 0.648821234703064 -0.026730624958872795
0.4103888273239136 0.655759334564209 -0.030495015904307365
0.40438663959503174 0.6762807369232178 -0.0338703915476799
