Leon_image_spock_85.jpg
0.49945324659347534 0.8722991943359375 5.402633860285277e-07
0.5756441950798035 0.8601188659667969 -0.019119227305054665
0.6463335156440735 0.8142935037612915 -0.026562925428152084
0.6968727111816406 0.765714168548584 -0.03329391032457352
0.7374312281608582 0.7386395931243896 -0.04031173139810562
0.62408047914505 0.6899082064628601 -0.012748516164720058
0.6638314127922058 0.6074219942092896 -0.02803928032517433
0.6840847134590149 0.5528146028518677 -0.040605299174785614
0.6996661424636841 0.5054030418395996 -0.04978277534246445
0.5883530974388123 0.6604210138320923 -0.015461341477930546
0.6308383345603943 0.5711419582366943 -0.03023330308496952
0.6572027802467346 0.5174947381019592 -0.0427396334707737
0.6769101619720459 0.47623103857040405 -0.0509602427482605
0.5491395592689514 0.6487911343574524 -0.021311333402991295
0.5698271989822388 0.5516388416290283 -0.03776564449071884
0.5833081007003784 0.49011462926864624 -0.04955604299902916
0.5953432321548462 0.4421314597129822 -0.056581348180770874
0.5081092715263367 0.6524055004119873 -0.028997361660003662
0.5239729881286621 0.5702665448188782 -0.04386572539806366
0.5369459986686707 0.5186697244644165 -0.05076941102743149
0.5523571372032166 0.4742279648780823 -0.05440593883395195
