Leon_image_three_87.jpg
0.5401219129562378 0.984168529510498 7.453820671798894e-07
0.6462544798851013 0.950305163860321 -0.0178853590041399
0.7249730229377747 0.8696639537811279 -0.019279904663562775
0.7813333868980408 0.8053076863288879 -0.027291135862469673
0.8230115175247192 0.7567756175994873 -0.03372157737612724
0.6671193838119507 0.7160589098930359 0.013510620221495628
0.7085356712341309 0.5959389209747314 -0.005730984732508659
0.7276148796081543 0.5227015018463135 -0.017791060730814934
0.7459543943405151 0.45904844999313354 -0.025653447955846786
0.6247954964637756 0.6936694979667664 0.00016376911662518978
0.6562786102294922 0.5400986671447754 -0.03780378773808479
0.6817206740379333 0.44705963134765625 -0.06347526609897614
0.7026919722557068 0.3716440498828888 -0.07484430074691772
0.5745799541473389 0.6962633728981018 -0.017379876226186752
0.6238164305686951 0.5872206687927246 -0.08516563475131989
0.6353467106819153 0.6964099407196045 -0.09311462938785553
0.6303207874298096 0.7770837545394897 -0.07650177925825119
0.5224945545196533 0.720059335231781 -0.03497157245874405
0.5738815069198608 0.6499782800674438 -0.09312908351421356
0.5918546915054321 0.7310657501220703 -0.09386172145605087
0.5854992866516113 0.7997834086418152 -0.07902786880731583
