Leon_image_two_4.jpg
0.39320799708366394 0.9559664726257324 1.1034146041311033e-08
0.4867332875728607 0.9336581230163574 -0.03145203739404678
0.5810967087745667 0.8277809023857117 -0.04176086559891701
0.6465048789978027 0.7505040168762207 -0.054096709936857224
0.6928985714912415 0.6927022337913513 -0.06570319086313248
0.5157070755958557 0.6763966083526611 -0.012822646647691727
0.5458047986030579 0.5326822400093079 -0.04739426076412201
0.5711529850959778 0.444521963596344 -0.06771676987409592
0.5898126363754272 0.36782321333885193 -0.08193787187337875
0.46916651725769043 0.668073296546936 -0.01884366013109684
0.5159357786178589 0.5925201773643494 -0.08722799271345139
0.5088548064231873 0.7181943655014038 -0.1019781157374382
0.484262615442276 0.7910852432250977 -0.09292416274547577
0.41596508026123047 0.6742718815803528 -0.03033219836652279
0.4592202305793762 0.5991036295890808 -0.10048935562372208
0.457685649394989 0.7268563508987427 -0.08282887190580368
0.4352731704711914 0.7865553498268127 -0.04972083866596222
0.3539029061794281 0.6932776570320129 -0.04394243285059929
0.4035489857196808 0.6300902366638184 -0.08940334618091583
0.4104987382888794 0.7123221755027771 -0.07158999145030975
0.3877209424972534 0.7547910809516907 -0.04575211927294731
