Leon_image_four_87.jpg
0.6428642868995667 0.8533544540405273 2.2820252354449622e-07
0.5765321254730225 0.8572549223899841 -0.014313045889139175
0.5075767040252686 0.8118705749511719 -0.014576494693756104
0.4570842683315277 0.7731682062149048 -0.015518791042268276
0.41709357500076294 0.7522914409637451 -0.015650775283575058
0.5180985927581787 0.6774483919143677 0.014116638340055943
0.48474687337875366 0.603891909122467 0.011342731304466724
0.4675409197807312 0.560859739780426 0.0035435014870017767
0.45274680852890015 0.5234144926071167 -0.004326259717345238
0.5497395396232605 0.6507391333580017 0.008984636515378952
0.5138255953788757 0.5676316022872925 0.0076178922317922115
0.49346452951431274 0.5186982750892639 -0.00010336414561606944
0.4761391878128052 0.4808284044265747 -0.007469004951417446
0.5844762325286865 0.6410451531410217 -0.0009304963750764728
0.5608118772506714 0.55495685338974 -0.010929632931947708
0.5430222749710083 0.5109490156173706 -0.02288428321480751
0.5258342623710632 0.47935861349105835 -0.032337408512830734
0.6249899864196777 0.6437129974365234 -0.012807398103177547
0.6151519417762756 0.5791658163070679 -0.025443991646170616
0.6063446402549744 0.5859951376914978 -0.029548628255724907
0.5983911156654358 0.6071768403053284 -0.03272154927253723
