Leon_image_two_6.jpg
0.3644741475582123 0.922845721244812 -1.3199982618061767e-07
0.4513505697250366 0.9020788669586182 -0.01779048517346382
0.529818058013916 0.8157637119293213 -0.03176744282245636
0.5639997720718384 0.7355051636695862 -0.05208003520965576
0.5934621095657349 0.6755895018577576 -0.0727355107665062
0.49746575951576233 0.6568546891212463 -0.008747989311814308
0.5393690466880798 0.5084074139595032 -0.05096141993999481
0.5671442747116089 0.43143123388290405 -0.07358917593955994
0.5844224095344543 0.3611254096031189 -0.087995246052742
0.45205914974212646 0.6470194458961487 -0.024143794551491737
0.5144029259681702 0.5703150033950806 -0.09426947683095932
0.5216358304023743 0.7000075578689575 -0.10970150679349899
0.5038859248161316 0.7699776887893677 -0.10211718082427979
0.4027932286262512 0.6491632461547852 -0.04468053951859474
0.4642018973827362 0.5810120701789856 -0.11870579421520233
0.4710334241390228 0.7116698622703552 -0.10499391704797745
0.44543424248695374 0.7729984521865845 -0.07497735321521759
0.3410492539405823 0.6651353240013123 -0.06600062549114227
0.40817171335220337 0.6126622557640076 -0.11428758502006531
0.42211925983428955 0.7030560970306396 -0.0996277779340744
0.39718055725097656 0.7507134675979614 -0.07654260098934174
