Leon_image_three_98.jpg
0.4560299217700958 1.0155649185180664 4.5713039753536577e-07
0.5446605682373047 0.9742173552513123 -0.011905140243470669
0.6061352491378784 0.9063274264335632 -0.007136604283004999
0.6479753255844116 0.8519781231880188 -0.008619023486971855
0.6801242828369141 0.8121629357337952 -0.009000214748084545
0.5621894598007202 0.7971668839454651 0.025807714089751244
0.5946003794670105 0.6966648697853088 0.01716107875108719
0.6096358299255371 0.6378897428512573 0.00889017153531313
0.6258994936943054 0.5853397846221924 0.0027082045562565327
0.522431492805481 0.7726879715919495 0.01513978373259306
0.540094256401062 0.6371051073074341 -0.0036598965525627136
0.5608869194984436 0.5599632859230042 -0.018986022099852562
0.5793841481208801 0.5016602277755737 -0.026531152427196503
0.477939635515213 0.7699828743934631 -0.0003876731207128614
0.5146159529685974 0.6656602621078491 -0.0485476516187191
0.525368869304657 0.7553741931915283 -0.05741118639707565
0.521668553352356 0.8295317888259888 -0.0472901314496994
0.43335965275764465 0.7862714529037476 -0.016115281730890274
0.47598740458488464 0.7200905084609985 -0.06103690713644028
0.4932928681373596 0.7876929044723511 -0.06392011791467667
0.49134930968284607 0.8537477254867554 -0.054628897458314896
