Leon_image_zero_65.jpg
0.7543280720710754 0.8643383979797363 -9.955941777661792e-07
0.6526502966880798 0.7894226908683777 -0.008095973171293736
0.577987790107727 0.6725451350212097 -0.015178335830569267
0.5488680601119995 0.5550191402435303 -0.032401811331510544
0.5866825580596924 0.4701937139034271 -0.04201320558786392
0.6227015852928162 0.548025906085968 0.045527197420597076
0.5806529521942139 0.4547703266143799 -0.0028309240005910397
0.5848448276519775 0.5636577606201172 -0.02371489442884922
0.6139787435531616 0.6043909788131714 -0.02875659614801407
0.6727973818778992 0.5430488586425781 0.027848441153764725
0.6271690726280212 0.4451180696487427 -0.02363714948296547
0.6301974058151245 0.5769757032394409 -0.02720779925584793
0.6652234196662903 0.6053257584571838 -0.011203480884432793
0.729457437992096 0.5502562522888184 -0.0011486109578981996
0.6765472888946533 0.4678073525428772 -0.05419735610485077
0.6777533888816833 0.5979018211364746 -0.03320499509572983
0.7114691138267517 0.629332959651947 -2.2058922695578076e-05
0.793615996837616 0.5676887035369873 -0.03189167007803917
0.7270601987838745 0.513817310333252 -0.056049808859825134
0.7194703221321106 0.6064487099647522 -0.034871090203523636
0.7478638887405396 0.6415048837661743 -0.008750502951443195
