Leon_image_four_12.jpg
0.44240710139274597 0.9960929155349731 8.894448342289252e-07
0.5153420567512512 0.9019342660903931 -0.016049088910222054
0.5487016439437866 0.8010046482086182 -0.024749232456088066
0.5658289194107056 0.7042258977890015 -0.031049050390720367
0.5883901119232178 0.6440407037734985 -0.03648795932531357
0.4439927935600281 0.669285774230957 -0.005519451107829809
0.4256540536880493 0.5373976826667786 -0.0035887830890715122
0.4143281579017639 0.4681054353713989 -0.0056767771020531654
0.4014264643192291 0.41675323247909546 -0.007272041402757168
0.3856642246246338 0.6847749948501587 0.00031957236933521926
0.361477255821228 0.5491476058959961 0.00927351601421833
0.34368130564689636 0.4730238914489746 0.009213137440383434
0.3285004198551178 0.4228608310222626 0.007358556613326073
0.33951079845428467 0.7280504107475281 0.004900298081338406
0.31751689314842224 0.6229771375656128 0.012378734536468983
0.3108212351799011 0.574476957321167 0.0065081422217190266
0.3085970878601074 0.54913729429245 0.0007802129257470369
0.30171850323677063 0.7844652533531189 0.0077682859264314175
0.2855827808380127 0.719046413898468 0.01695370301604271
0.2926318645477295 0.7055063247680664 0.022896071895956993
0.3044377565383911 0.7110537886619568 0.02719631791114807
