Leon_image_spock_76.jpg
0.6536904573440552 0.9092838764190674 6.270603876146197e-07
0.728439211845398 0.9082468748092651 -0.019991133362054825
0.7920985221862793 0.8753436803817749 -0.02699410542845726
0.8378587365150452 0.8346555233001709 -0.032897043973207474
0.8768227100372314 0.8089288473129272 -0.03852953761816025
0.7634111046791077 0.7367095947265625 -0.00965238269418478
0.8003944754600525 0.6595379710197449 -0.02133023366332054
0.8213369846343994 0.6098567843437195 -0.03103620931506157
0.8372170925140381 0.5664217472076416 -0.03822203353047371
0.7285835146903992 0.7037087082862854 -0.010738927870988846
0.769327700138092 0.6203600764274597 -0.022274574264883995
0.7966655492782593 0.5727279186248779 -0.032274045050144196
0.8178187012672424 0.5365092754364014 -0.03860712796449661
0.6888483762741089 0.6881401538848877 -0.015331811271607876
0.7085286378860474 0.5895711183547974 -0.031146317720413208
0.722506046295166 0.5297534465789795 -0.04370596259832382
0.7348237633705139 0.48378387093544006 -0.05058377981185913
0.6478739976882935 0.6876453161239624 -0.021522587165236473
0.6680945754051208 0.6034253835678101 -0.03669021278619766
0.6830762624740601 0.552701473236084 -0.04458870738744736
0.6988523006439209 0.5113190412521362 -0.048510655760765076
