Leon_image_spock_88.jpg
0.4671965539455414 0.8899856805801392 6.318367127278179e-07
0.5498530268669128 0.8863680362701416 -0.027747036889195442
0.628581702709198 0.8326601982116699 -0.03855536878108978
0.6849759817123413 0.7749233245849609 -0.047100234776735306
0.7320026159286499 0.7440415620803833 -0.055586397647857666
0.611404538154602 0.6845239996910095 -0.02501682937145233
0.6571273803710938 0.591170072555542 -0.04454265162348747
0.6806786060333252 0.5296530723571777 -0.05954241380095482
0.6983721852302551 0.47459572553634644 -0.07030569016933441
0.5695945620536804 0.6508362293243408 -0.025749994441866875
0.6163647770881653 0.5487840175628662 -0.04365057498216629
0.6456326246261597 0.4874943494796753 -0.05781174823641777
0.66754549741745 0.4377948045730591 -0.06727965176105499
0.5240426659584045 0.638927698135376 -0.030071530491113663
0.5461137294769287 0.530555248260498 -0.04996325448155403
0.5618898868560791 0.4625793397426605 -0.06338537484407425
0.5751879811286926 0.4104306697845459 -0.071275494992733
0.47642821073532104 0.6447706818580627 -0.036874059587717056
0.4955599308013916 0.5555137395858765 -0.05484718084335327
0.5105862617492676 0.5018764734268188 -0.06301354616880417
0.5265131592750549 0.45787110924720764 -0.06715063005685806
