Leon_image_three_67.jpg
0.1923287808895111 0.8703761100769043 6.46017724648118e-07
0.16670063138008118 0.7511181235313416 0.03829766809940338
0.1702863574028015 0.6456722021102905 0.046232499182224274
0.17669498920440674 0.579451858997345 0.041092392057180405
0.17412245273590088 0.5514243245124817 0.03347073495388031
0.20477953553199768 0.5393078327178955 0.02945510856807232
0.2467884123325348 0.40893077850341797 0.032706812024116516
0.2804889678955078 0.345856636762619 0.03691159933805466
0.3100086748600006 0.300866037607193 0.039886679500341415
0.25929662585258484 0.5486809611320496 0.0007838362362235785
0.3513864278793335 0.46799957752227783 0.009778843261301517
0.40274298191070557 0.42922016978263855 0.012855472974479198
0.43779391050338745 0.40361177921295166 0.013461826369166374
0.30619075894355774 0.5857462882995605 -0.025061490014195442
0.37084251642227173 0.577987790107727 -0.011639107950031757
0.3560294806957245 0.6312950253486633 -0.0017238405998796225
0.33378303050994873 0.670961856842041 0.002739722840487957
0.3485657572746277 0.6363691687583923 -0.049582213163375854
0.38511085510253906 0.6492847204208374 -0.031284261494874954
0.3675960898399353 0.6888601779937744 -0.014486340805888176
0.34650397300720215 0.7189736366271973 -0.00276298844255507
