Leon_image_four_26.jpg
0.6961643099784851 0.8554578423500061 3.323719397485547e-07
0.7360100746154785 0.7860108613967896 0.00887762289494276
0.7414001226425171 0.7063034772872925 0.014120824635028839
0.7404550313949585 0.6420347094535828 0.01699891872704029
0.7536320686340332 0.5983870625495911 0.01941988617181778
0.6724197864532471 0.6137501001358032 0.007529283873736858
0.6493285298347473 0.5174501538276672 0.0086778299883008
0.6344639658927917 0.46615070104599 0.009820397943258286
0.6213862895965576 0.4277992844581604 0.01096759270876646
0.6326332688331604 0.6284323334693909 0.0005516934324987233
0.6003285646438599 0.525098443031311 0.0013287633191794157
0.5803800821304321 0.4709770381450653 0.0018365859286859632
0.5632853507995605 0.4329644739627838 0.0031463811174035072
0.5992184281349182 0.6605762839317322 -0.005263186059892178
0.5640789270401001 0.5828958749771118 -0.005411271471530199
0.5453053712844849 0.5480856895446777 -0.006900169886648655
0.5315353274345398 0.5296312570571899 -0.00697214063256979
0.5714783668518066 0.7070569396018982 -0.010070104151964188
0.5489142537117004 0.6546529531478882 -0.005037228111177683
0.5459421873092651 0.6423090696334839 0.0027341514360159636
0.5473224520683289 0.6462876200675964 0.009545421227812767
