Leon_image_spock_50.jpg
0.38815248012542725 0.8830103874206543 2.621685979420363e-08
0.3673539161682129 0.7993851900100708 0.012728210538625717
0.37631458044052124 0.7274439334869385 0.01467909011989832
0.39854779839515686 0.6751871109008789 0.012701544910669327
0.4129851758480072 0.6352877616882324 0.010479840449988842
0.4044867157936096 0.6624900102615356 0.015155808068811893
0.4311419725418091 0.571314811706543 0.013088326901197433
0.4503386914730072 0.5226661562919617 0.011936668306589127
0.4621463418006897 0.489018976688385 0.011932963505387306
0.4374537467956543 0.6735243201255798 0.0020941640250384808
0.4754549562931061 0.5806498527526855 0.0021955035626888275
0.49058181047439575 0.5305823087692261 0.001306178979575634
0.4996180236339569 0.49239829182624817 0.0009040238219313323
0.46884119510650635 0.6963565945625305 -0.011157725006341934
0.5148580074310303 0.6183124780654907 -0.010463419370353222
0.5357435345649719 0.5751857757568359 -0.008794162422418594
0.5495577454566956 0.5419002771377563 -0.008258319459855556
0.4959433674812317 0.7292249202728271 -0.023754829540848732
0.5291674733161926 0.6633387804031372 -0.018856149166822433
0.5420756340026855 0.6303784251213074 -0.010551192797720432
0.5493555665016174 0.6038454174995422 -0.004440091550350189
