Leon_image_four_98.jpg
0.4664415121078491 0.9267200231552124 1.8054163319902727e-07
0.39876097440719604 0.9398130178451538 -0.01641632616519928
0.3244360387325287 0.9028281569480896 -0.017743028700351715
0.2719481289386749 0.8693557977676392 -0.01969301514327526
0.22946615517139435 0.8623385429382324 -0.02182912640273571
0.323136568069458 0.7690930962562561 0.01045459695160389
0.2795800566673279 0.7041322588920593 0.005385014694184065
0.2562979757785797 0.6634288430213928 -0.004820577334612608
0.23618458211421967 0.6268743276596069 -0.014496521092951298
0.3520658016204834 0.7346372604370117 0.00497863907366991
0.3096694350242615 0.6554762125015259 0.0029766338411718607
0.2854335904121399 0.6082884073257446 -0.006424781866371632
0.26560765504837036 0.5728731155395508 -0.01568775251507759
0.38490697741508484 0.7172828912734985 -0.005367321893572807
0.35333511233329773 0.6351093649864197 -0.01540689542889595
0.32718002796173096 0.5944084525108337 -0.029061000794172287
0.3047217130661011 0.5679692029953003 -0.04052440822124481
0.4235132038593292 0.7104189395904541 -0.018007438629865646
0.40008795261383057 0.6511310338973999 -0.031056977808475494
0.38892418146133423 0.6637226343154907 -0.03560676425695419
0.38173940777778625 0.6917080283164978 -0.03961268067359924
