Leon_image_spock_16.jpg
0.5902910828590393 0.7635849714279175 2.2003557376137906e-07
0.5378051400184631 0.6941909790039062 0.00616045854985714
0.5165144801139832 0.6159665584564209 0.0035150558687746525
0.5082154870033264 0.5416746139526367 -0.0006215812172740698
0.49218079447746277 0.4892524480819702 -0.0047571370378136635
0.5936198234558105 0.530473530292511 0.001267847022973001
0.6164270043373108 0.4309825897216797 0.0006422893493436277
0.6335105299949646 0.3840214014053345 0.0009474335820414126
0.6476338505744934 0.3487374782562256 0.0013110586442053318
0.6356549859046936 0.5439897179603577 -0.0065252636559307575
0.6588690876960754 0.4418691098690033 -0.006245097145438194
0.6709964871406555 0.3898126482963562 -0.006884338799864054
0.6812523603439331 0.3524262309074402 -0.007674300577491522
0.6725022196769714 0.5747371912002563 -0.013763803988695145
0.715868353843689 0.49833086133003235 -0.014491903595626354
0.7439514398574829 0.4563766121864319 -0.015225759707391262
0.7634850144386292 0.42475301027297974 -0.016265014186501503
0.7014517784118652 0.6161235570907593 -0.01972399279475212
0.7362610101699829 0.5536161661148071 -0.016144821420311928
0.7558889389038086 0.5187522172927856 -0.009610414505004883
0.7697257399559021 0.48954513669013977 -0.004862693138420582
