Leon_image_three_80.jpg
0.3928443193435669 0.933020830154419 6.923547744008829e-07
0.48337483406066895 0.8795868158340454 -0.012664739973843098
0.5446399450302124 0.7922161817550659 -0.014107069931924343
0.5833771824836731 0.724101185798645 -0.02257382683455944
0.615744948387146 0.6803061962127686 -0.03056979738175869
0.48843103647232056 0.6563065052032471 0.012402697466313839
0.5197168588638306 0.5380122661590576 -0.005313158500939608
0.536331832408905 0.4689999222755432 -0.017228880897164345
0.5480090379714966 0.40805232524871826 -0.023804889991879463
0.44646674394607544 0.6395105123519897 -0.0021953771356493235
0.4687177836894989 0.48062944412231445 -0.031613484025001526
0.49565553665161133 0.3916431665420532 -0.049072667956352234
0.5160737633705139 0.3230173885822296 -0.05501728132367134
0.4002012014389038 0.6426601409912109 -0.020996272563934326
0.4468974769115448 0.539473831653595 -0.07773067057132721
0.46941426396369934 0.635056734085083 -0.08434269577264786
0.47150465846061707 0.7126749753952026 -0.06950616091489792
0.3567282557487488 0.6642481684684753 -0.03988860547542572
0.4114900529384613 0.598908007144928 -0.08616845309734344
0.433682382106781 0.676357090473175 -0.08409961313009262
0.4351646304130554 0.7499750256538391 -0.06981441378593445
