Leon_image_one_84.jpg
0.5389466285705566 0.6922752261161804 -8.261537800535734e-07
0.45677196979522705 0.7258448004722595 -0.040154583752155304
0.34916064143180847 0.7249743938446045 -0.0587313212454319
0.2659502327442169 0.719010055065155 -0.07783158868551254
0.20426000654697418 0.7239645719528198 -0.08786813169717789
0.3204483687877655 0.5830262303352356 -0.0044029527343809605
0.2787303626537323 0.48950570821762085 -0.056667130440473557
0.3269714415073395 0.5539901256561279 -0.08252346515655518
0.34973201155662537 0.5979493260383606 -0.09087400883436203
0.36197954416275024 0.5306687355041504 -0.003932800143957138
0.3282102644443512 0.44792139530181885 -0.057403936982154846
0.3819441497325897 0.5338246822357178 -0.06844493001699448
0.3937796950340271 0.5686649680137634 -0.06160418316721916
0.405049592256546 0.4892159104347229 -0.014236925169825554
0.37703242897987366 0.4218112826347351 -0.06588312983512878
0.4223112463951111 0.5018808841705322 -0.05264660716056824
0.4340211749076843 0.5366495251655579 -0.02817564085125923
0.45152759552001953 0.45548176765441895 -0.028008438646793365
0.42419880628585815 0.40113431215286255 -0.052554525434970856
0.4527880847454071 0.4596704840660095 -0.035455696284770966
0.4619012475013733 0.49282681941986084 -0.013893690891563892
