Leon_image_spock_8.jpg
0.5127673149108887 0.8064406514167786 1.6234096733569459e-07
0.5684056878089905 0.7994743585586548 0.0021934551186859608
0.6089317202568054 0.748985767364502 0.010704334825277328
0.641093373298645 0.7060810923576355 0.013889904133975506
0.6689029932022095 0.684264600276947 0.016654683277010918
0.5883320569992065 0.6302968859672546 0.0383913554251194
0.6148905158042908 0.5618727207183838 0.03890162333846092
0.6320351958274841 0.51955646276474 0.033122267574071884
0.6452811360359192 0.4810258448123932 0.027478119358420372
0.5704692602157593 0.605748176574707 0.026714159175753593
0.5975308418273926 0.5249903798103333 0.027467302978038788
0.6169010996818542 0.4790525436401367 0.020266888663172722
0.6332194805145264 0.44031476974487305 0.014639302156865597
0.548324465751648 0.5901255011558533 0.010769326239824295
0.5688011646270752 0.5054647326469421 0.006145247723907232
0.5877115726470947 0.4538609981536865 -0.0025458764284849167
0.6036536693572998 0.4118548631668091 -0.008224262855947018
0.5214149355888367 0.5818600058555603 -0.006642312742769718
0.5386338829994202 0.5022463798522949 -0.01189124770462513
0.5524481534957886 0.45044875144958496 -0.014765994623303413
0.5668945908546448 0.4061976671218872 -0.01700163632631302
