Leon_image_one_73.jpg
0.7604638934135437 0.7784957885742188 -9.251898518414237e-07
0.6928036212921143 0.711168646812439 -0.050418365746736526
0.6456733345985413 0.570850670337677 -0.06655371934175491
0.6142458915710449 0.46449169516563416 -0.07973770052194595
0.5823853611946106 0.3902339041233063 -0.08266421407461166
0.7315137982368469 0.46211984753608704 -0.016259677708148956
0.7417826652526855 0.4275205135345459 -0.06634970754384995
0.724148690700531 0.5239049196243286 -0.0861414447426796
0.7214550375938416 0.5583325028419495 -0.09316304326057434
0.7967480421066284 0.48546579480171204 -0.01385426428169012
0.8086883425712585 0.4708516299724579 -0.06802386045455933
0.7759236693382263 0.5731850266456604 -0.07652254402637482
0.7725974917411804 0.5791477560997009 -0.06976980715990067
0.8491421937942505 0.5314769744873047 -0.023284820839762688
0.8619983196258545 0.5265327095985413 -0.08464356511831284
0.8239700794219971 0.60973060131073 -0.07430814206600189
0.8157562613487244 0.6074383854866028 -0.051952067762613297
0.8895898461341858 0.5848824977874756 -0.03665342554450035
0.9020450711250305 0.5797068476676941 -0.07421667873859406
0.8734731674194336 0.634486734867096 -0.06485433131456375
0.8638567924499512 0.6350113749504089 -0.04813225194811821
