Leon_image_five_23.jpg
0.31988325715065 0.8478606939315796 5.235120852375985e-07
0.3988489806652069 0.829135537147522 -0.026488328352570534
0.4763657748699188 0.7645084261894226 -0.0355236679315567
0.53291255235672 0.7017655968666077 -0.043379731476306915
0.579509973526001 0.658852219581604 -0.05124231055378914
0.458382248878479 0.6360796689987183 -0.017205432057380676
0.5074523687362671 0.5438184142112732 -0.037281583994627
0.5330551266670227 0.48425567150115967 -0.054021455347537994
0.5525356531143188 0.43323999643325806 -0.06551305949687958
0.4163568317890167 0.6073268055915833 -0.01882464438676834
0.4545700252056122 0.500491738319397 -0.03642461448907852
0.4768282473087311 0.4321447014808655 -0.05281984433531761
0.4925078749656677 0.37870916724205017 -0.0640086755156517
0.37198108434677124 0.5984357595443726 -0.024484246969223022
0.395965039730072 0.4951407313346863 -0.0427996888756752
0.41347792744636536 0.4324706792831421 -0.054731592535972595
0.4279802143573761 0.38460275530815125 -0.061903052031993866
0.32479915022850037 0.6051874160766602 -0.03294263780117035
0.3420649468898773 0.5211736559867859 -0.049548257142305374
0.3551429510116577 0.4669615626335144 -0.055770453065633774
0.3682682514190674 0.4210819602012634 -0.058395903557538986
