Leon_image_two_59.jpg
0.2961862087249756 0.8296000957489014 2.0447259885258973e-07
0.27563267946243286 0.7190096974372864 0.025573313236236572
0.29113641381263733 0.6054941415786743 0.027655288577079773
0.3370032012462616 0.5502742528915405 0.019561411812901497
0.3817742168903351 0.5253485441207886 0.010347393341362476
0.2688963711261749 0.5257948637008667 0.022825326770544052
0.3573091924190521 0.432550847530365 0.014441264793276787
0.40365520119667053 0.37548142671585083 0.007387466728687286
0.435177743434906 0.3305598497390747 0.00022940973576623946
0.2917923927307129 0.5259537100791931 -0.0008240548777393997
0.40108367800712585 0.48986876010894775 -0.01558471005409956
0.4073444604873657 0.5405707359313965 -0.019317736849188805
0.3876003324985504 0.5739337801933289 -0.019529949873685837
0.3259609043598175 0.5467981696128845 -0.023180676624178886
0.4295084476470947 0.5312778353691101 -0.02868075668811798
0.42420536279678345 0.5876801609992981 -0.017862491309642792
0.3987736999988556 0.6133356094360352 -0.010711331851780415
0.36401307582855225 0.5803343653678894 -0.045171767473220825
0.4420553743839264 0.576146125793457 -0.03707202896475792
0.43379515409469604 0.6233210563659668 -0.022257231175899506
0.4084843695163727 0.6474491357803345 -0.012394621968269348
