Leon_image_two_49.jpg
0.5708075761795044 0.8591580390930176 -2.8269295171412523e-07
0.4967782497406006 0.7638428211212158 0.01943417266011238
0.45609572529792786 0.6512447595596313 0.01794559881091118
0.4332389831542969 0.5446606278419495 0.010322303511202335
0.4058759808540344 0.4748016595840454 0.0008832734893076122
0.5162815451622009 0.5194821357727051 0.00071422551991418
0.5694359540939331 0.4012572467327118 0.005086441058665514
0.6060304045677185 0.34670206904411316 0.007053684443235397
0.6347435116767883 0.3097454607486725 0.00490755308419466
0.5732051730155945 0.5200689435005188 -0.015007385984063148
0.6358234882354736 0.5037057399749756 -0.004234222695231438
0.6301589012145996 0.5584700107574463 0.00415194733068347
0.6105415225028992 0.5962224006652832 0.004321310203522444
0.6312115788459778 0.5593026876449585 -0.027108389884233475
0.6724256873130798 0.5602009296417236 -0.013056608848273754
0.6658183932304382 0.607599139213562 0.0027059330604970455
0.6461697816848755 0.6443024277687073 0.0050590564496815205
0.6841756105422974 0.6100579500198364 -0.03845718502998352
0.7112136483192444 0.6165956854820251 -0.022214900702238083
0.6995248794555664 0.6564287543296814 -0.0045449137687683105
0.678907036781311 0.6896544098854065 0.005368471145629883
