Leon_image_five_88.jpg
0.3078662157058716 0.7761106491088867 2.6339623104831844e-07
0.35389870405197144 0.7586023807525635 -0.012922288849949837
0.3947385847568512 0.721035897731781 -0.02009635791182518
0.4232591986656189 0.6866843104362488 -0.02715175971388817
0.4464368522167206 0.661858320236206 -0.03505415469408035
0.3799911141395569 0.6571624875068665 -0.01667410507798195
0.3990687429904938 0.5986277461051941 -0.030093597248196602
0.40626463294029236 0.5618370771408081 -0.03995109349489212
0.4100891053676605 0.5305895209312439 -0.04640970751643181
0.35446271300315857 0.6464246511459351 -0.019147701561450958
0.3676105737686157 0.5832520723342896 -0.030722642317414284
0.3720739483833313 0.5436884760856628 -0.03950505703687668
0.373418927192688 0.511933445930481 -0.0454782173037529
0.3286481201648712 0.6469472646713257 -0.023063024505972862
0.3358343541622162 0.5876615047454834 -0.03317863494157791
0.3392341136932373 0.55051189661026 -0.03839889168739319
0.3414384722709656 0.5219764709472656 -0.041807036846876144
0.3022066056728363 0.6565952301025391 -0.028282364830374718
0.30397680401802063 0.6098960041999817 -0.03727070614695549
0.3059055507183075 0.5788440704345703 -0.03978824242949486
0.3083595037460327 0.5523931384086609 -0.04054804891347885
