Leon_image_one_24.jpg
0.6998060941696167 0.8547406792640686 -7.902088441369415e-07
0.6335669755935669 0.7860861420631409 -0.0261202622205019
0.5913276672363281 0.6710820198059082 -0.036565639078617096
0.5677570700645447 0.5825309753417969 -0.04713262617588043
0.5425693988800049 0.5110204219818115 -0.05211273208260536
0.6617735028266907 0.5476662516593933 0.0009123135823756456
0.6075475215911865 0.5377120971679688 -0.03728488087654114
0.6007233262062073 0.617717981338501 -0.06189050152897835
0.6113157272338867 0.6585907340049744 -0.07434972375631332
0.7131932377815247 0.5522071123123169 -0.003144732676446438
0.6528846621513367 0.5651792287826538 -0.039659276604652405
0.6387205123901367 0.6579079031944275 -0.04966321215033531
0.6463849544525146 0.6898902654647827 -0.049022071063518524
0.7601864337921143 0.5866813659667969 -0.014958766289055347
0.700090765953064 0.6091310977935791 -0.05305805057287216
0.6797773241996765 0.6915726661682129 -0.043913986533880234
0.6856662034988403 0.7170353531837463 -0.028999151661992073
0.8012107014656067 0.6358740925788879 -0.03002823144197464
0.7462242841720581 0.6559737920761108 -0.05329162999987602
0.7229786515235901 0.7096234560012817 -0.045202940702438354
0.7264683246612549 0.7275908589363098 -0.0326710008084774
