Leon_image_zero_76.jpg
0.8253607749938965 0.8294400572776794 -8.967020335148845e-07
0.7353846430778503 0.7345412969589233 0.004799359943717718
0.6947284936904907 0.6378479599952698 -0.007885045371949673
0.6613419651985168 0.5619581937789917 -0.02699841558933258
0.6489949226379395 0.49133938550949097 -0.03915324807167053
0.8445687294006348 0.4841948449611664 0.01774454489350319
0.708550214767456 0.4298558831214905 -0.019065523520112038
0.6935505270957947 0.5063457489013672 -0.04527721181511879
0.7167100310325623 0.5516356229782104 -0.059439558535814285
0.8481301069259644 0.48815709352493286 -0.00024862002464942634
0.6901282072067261 0.44577741622924805 -0.03893581032752991
0.6852540969848633 0.5333682894706726 -0.05195776745676994
0.7183051705360413 0.5734956860542297 -0.05445298179984093
0.8304431438446045 0.5067936778068542 -0.021867111325263977
0.6784772276878357 0.5022661089897156 -0.04952467605471611
0.6846771240234375 0.5874700546264648 -0.04017326235771179
0.7216313481330872 0.6143508553504944 -0.03045904077589512
0.7972924113273621 0.5389220118522644 -0.04535156115889549
0.682849109172821 0.5672884583473206 -0.0661437138915062
0.6905747652053833 0.6364603042602539 -0.06386024504899979
0.7240689396858215 0.6556589603424072 -0.05729120224714279
