Leon_image_spock_48.jpg
0.5162657499313354 0.8208655118942261 2.4156105382644455e-07
0.4759645164012909 0.7548909187316895 0.017327452078461647
0.4595475196838379 0.6863621473312378 0.019730230793356895
0.4549013376235962 0.6219419240951538 0.01848393678665161
0.44415533542633057 0.5747875571250916 0.017044108361005783
0.5238701105117798 0.6097332835197449 0.015201990492641926
0.5504641532897949 0.5203897953033447 0.017093675211071968
0.5704566240310669 0.4800271689891815 0.01984216645359993
0.5855047106742859 0.4499862492084503 0.02287808619439602
0.5602853298187256 0.6191844940185547 0.003170351032167673
0.5909600257873535 0.5196310877799988 0.0035623193252831697
0.605620801448822 0.47069770097732544 0.0048674168065190315
0.6160895824432373 0.435228168964386 0.007224534172564745
0.5928630232810974 0.6452562212944031 -0.007664809934794903
0.6369715929031372 0.5761609077453613 -0.006216897163540125
0.664776086807251 0.5399379134178162 -0.003672115970402956
0.6826710104942322 0.5106614828109741 -0.0012769801542162895
0.617929220199585 0.6825972199440002 -0.016687529161572456
0.6514905691146851 0.6209387183189392 -0.009947679936885834
0.6680729985237122 0.5877987742424011 -0.0006442640442401171
0.6796648502349854 0.558669924736023 0.006730773951858282
