Leon_image_spock_1.jpg
0.38148021697998047 0.8213455080986023 2.2894329276823555e-07
0.45194873213768005 0.8179481029510498 -0.012249646708369255
0.5208115577697754 0.7844263315200806 -0.01608951948583126
0.5807759165763855 0.7529916167259216 -0.02040145732462406
0.6242574453353882 0.7340325117111206 -0.02513439580798149
0.5170515179634094 0.6831033825874329 -0.0009941381867974997
0.5571526885032654 0.6053206324577332 -0.007600109092891216
0.5728193521499634 0.5618019700050354 -0.014181850478053093
0.5832842588424683 0.5237603783607483 -0.019299788400530815
0.4838195741176605 0.6548194289207458 -0.00527800852432847
0.5276278257369995 0.5779547691345215 -0.011579936370253563
0.5488625764846802 0.535559356212616 -0.02194754220545292
0.5618458986282349 0.5016718506813049 -0.0299180019646883
0.44591856002807617 0.640633225440979 -0.011926877312362194
0.46171143651008606 0.5582574009895325 -0.023538077250123024
0.46525412797927856 0.5126738548278809 -0.033470675349235535
0.46670016646385193 0.47978734970092773 -0.03972259536385536
0.40598127245903015 0.6361104846000671 -0.019709432497620583
0.4198644757270813 0.5605164170265198 -0.0304188784211874
0.4284067749977112 0.5106623768806458 -0.03442436456680298
0.4401344656944275 0.4671865999698639 -0.03689558804035187
