Leon_image_one_1.jpg
0.5582728981971741 0.9401410222053528 -4.0402215972790145e-07
0.6379046440124512 0.8294909596443176 -0.014175184071063995
0.6490914821624756 0.6749231815338135 -0.018214616924524307
0.629391610622406 0.5464234352111816 -0.019770052284002304
0.6338174343109131 0.44709041714668274 -0.02114025130867958
0.5334020853042603 0.5864194631576538 -0.006587659008800983
0.47090035676956177 0.565065860748291 -0.008925355970859528
0.4794720709323883 0.6212678551673889 -0.015359625220298767
0.507938027381897 0.6569350957870483 -0.020881688222289085
0.46576112508773804 0.638327419757843 -0.0022912926506251097
0.4299655556678772 0.6399993896484375 0.0073931035585701466
0.44754016399383545 0.6916632652282715 0.005146019160747528
0.47684183716773987 0.7202421426773071 -0.0012999860337004066
0.4119132161140442 0.7112385034561157 0.0011900478275492787
0.4007703959941864 0.7165353894233704 0.005839367397129536
0.4214831590652466 0.7626158595085144 0.007686354219913483
0.4499400556087494 0.7912142872810364 0.004887026268988848
0.3676699995994568 0.7870864868164062 0.003397186752408743
0.36986440420150757 0.7929919958114624 0.007220240775495768
0.39422738552093506 0.8338019251823425 0.013731954619288445
0.4180780053138733 0.8553717136383057 0.018990684300661087
