Leon_image_five_41.jpg
0.266367644071579 0.8849163055419922 2.3333621701482343e-09
0.228501096367836 0.7819728255271912 0.02932998165488243
0.2203839272260666 0.684844970703125 0.03831585869193077
0.22062240540981293 0.6125811338424683 0.0381341427564621
0.22415941953659058 0.5583388209342957 0.0376289039850235
0.24886539578437805 0.5863364338874817 0.04421519115567207
0.2667301297187805 0.45669999718666077 0.04512179270386696
0.2894085645675659 0.4021366834640503 0.04414556547999382
0.31155967712402344 0.37165290117263794 0.04409626126289368
0.2878045439720154 0.5794111490249634 0.022132743149995804
0.31116440892219543 0.44194406270980835 0.026793576776981354
0.3346472978591919 0.37840622663497925 0.025211617350578308
0.35475996136665344 0.34402239322662354 0.022739216685295105
0.32887330651283264 0.5904941558837891 -0.0006511028623208404
0.35547634959220886 0.4597850441932678 0.00811258889734745
0.37418097257614136 0.40211498737335205 0.00996330939233303
0.3905785083770752 0.3650819659233093 0.008076577447354794
0.3726235032081604 0.6197417378425598 -0.02248230017721653
0.39706727862358093 0.5197709202766418 -0.012070666067302227
0.4113712012767792 0.46695905923843384 -0.0042265173979103565
0.422687828540802 0.42849960923194885 -3.9654063584748656e-05
