Leon_image_spock_58.jpg
0.31565582752227783 0.8563674688339233 3.835238828742149e-07
0.2938903570175171 0.7965428233146667 0.0023631714284420013
0.2841738164424896 0.7391446828842163 -0.0028788552153855562
0.27869749069213867 0.6984558701515198 -0.009817996062338352
0.2762138843536377 0.6650504469871521 -0.017083844169974327
0.3360099792480469 0.6692802309989929 -0.001710584037937224
0.36157768964767456 0.5852039456367493 -0.00873251911252737
0.3821299076080322 0.5432685017585754 -0.013060069642961025
0.39862626791000366 0.5144690275192261 -0.01502570416778326
0.36856159567832947 0.6808863282203674 -0.00997108407318592
0.4183350205421448 0.611694872379303 -0.013119743205606937
0.4467984139919281 0.5775536894798279 -0.016178879886865616
0.4683745205402374 0.5540022850036621 -0.01806100457906723
0.39404502511024475 0.7016223669052124 -0.01883462816476822
0.4359562397003174 0.6425615549087524 -0.01966140791773796
0.457963228225708 0.6098408102989197 -0.01900455169379711
0.47369569540023804 0.5832261443138123 -0.019109830260276794
0.4140218496322632 0.7297149300575256 -0.027723781764507294
0.44322118163108826 0.6773247718811035 -0.025764117017388344
0.4575488269329071 0.6461395621299744 -0.019764956086874008
0.46701639890670776 0.6191378831863403 -0.014975353144109249
