Leon_image_two_96.jpg
0.549913763999939 1.020376205444336 -2.867132842254705e-08
0.6256760358810425 1.0041940212249756 -0.02381892316043377
0.7029414772987366 0.9547567367553711 -0.03898971155285835
0.7635732293128967 0.9111786484718323 -0.057627882808446884
0.8059661388397217 0.8642160892486572 -0.07569532841444016
0.6526665687561035 0.8121206164360046 -0.013375915586948395
0.6769547462463379 0.6934646964073181 -0.04286517575383186
0.6978598833084106 0.624068558216095 -0.060758594423532486
0.7133569121360779 0.5625138878822327 -0.07279177755117416
0.6142664551734924 0.8017486333847046 -0.01972690224647522
0.6608696579933167 0.737678050994873 -0.0704895630478859
0.6572573781013489 0.8374295234680176 -0.08184033632278442
0.6349214911460876 0.8968925476074219 -0.07679203897714615
0.5731672644615173 0.8005699515342712 -0.030205683782696724
0.6185092329978943 0.7345293164253235 -0.08190552145242691
0.614763081073761 0.8360978364944458 -0.06687796860933304
0.5919487476348877 0.8906148672103882 -0.041788458824157715
0.5256612300872803 0.8046795129776001 -0.0424751453101635
0.5705735683441162 0.7487361431121826 -0.07550231367349625
0.5761539340019226 0.8160725831985474 -0.05991267412900925
0.5568100810050964 0.8585804104804993 -0.03952809050679207
