Leon_image_one_87.jpg
0.6575236320495605 0.7271838784217834 -8.664903816679725e-07
0.570348858833313 0.7536985874176025 -0.04642888158559799
0.4544987678527832 0.7219970226287842 -0.06361991912126541
0.36829403042793274 0.6976790428161621 -0.0801994800567627
0.3043341636657715 0.6978646516799927 -0.08601256459951401
0.4385946989059448 0.5666424632072449 -0.0014667084906250238
0.41690850257873535 0.47177332639694214 -0.05561821907758713
0.46897438168525696 0.5506813526153564 -0.08100266754627228
0.4842514395713806 0.5940755605697632 -0.08935978263616562
0.4884952902793884 0.5171597599983215 0.00040845610783435404
0.4695760905742645 0.4316791594028473 -0.0601993128657341
0.5227832794189453 0.5346447229385376 -0.0727195292711258
0.5236192345619202 0.5688605308532715 -0.06520562618970871
0.540745198726654 0.4810888171195984 -0.009772718884050846
0.5257019996643066 0.41012340784072876 -0.06720451265573502
0.5680274963378906 0.501258909702301 -0.05333063378930092
0.5686076283454895 0.5308864712715149 -0.02761341817677021
0.594188392162323 0.45518943667411804 -0.024066366255283356
0.5775095224380493 0.3953772485256195 -0.05042651295661926
0.6028607487678528 0.4617767333984375 -0.03351793438196182
0.6055322885513306 0.4895467758178711 -0.012233354151248932
