Leon_image_zero_54.jpg
0.510708749294281 0.9073858261108398 -2.700178640679951e-07
0.4792178273200989 0.8886027336120605 -0.11495739966630936
0.46809253096580505 0.8151966333389282 -0.16723734140396118
0.5107659101486206 0.703873872756958 -0.1935737282037735
0.5543259382247925 0.6208813786506653 -0.20292037725448608
0.30376237630844116 0.6449172496795654 -0.11185859888792038
0.43014833331108093 0.57706218957901 -0.16047996282577515
0.4637010395526886 0.6579970121383667 -0.1748618483543396
0.4505893588066101 0.7078825831413269 -0.1829141229391098
0.35025352239608765 0.5867236256599426 -0.07307823747396469
0.47153428196907043 0.5325020551681519 -0.12817911803722382
0.5085652470588684 0.6225523948669434 -0.13377273082733154
0.49305403232574463 0.6581239104270935 -0.12924031913280487
0.4110778272151947 0.5623875856399536 -0.044498998671770096
0.520917534828186 0.518866777420044 -0.1049933061003685
0.5542750954627991 0.604128360748291 -0.1010446846485138
0.5363051891326904 0.6419001817703247 -0.08738909661769867
0.4777698814868927 0.5633795261383057 -0.0242790374904871
0.5630131959915161 0.5285254716873169 -0.07746205478906631
0.5870188474655151 0.5971048474311829 -0.08648867160081863
0.5681928396224976 0.63577800989151 -0.08153468370437622
