Leon_image_five_42.jpg
0.28574231266975403 0.8507554531097412 4.070968770975014e-07
0.24019774794578552 0.767050564289093 0.012602520175278187
0.2161177694797516 0.6803233623504639 0.008147447369992733
0.20054015517234802 0.6088924407958984 -0.0014751030830666423
0.18235072493553162 0.552638828754425 -0.010512861423194408
0.26161596179008484 0.5719740986824036 0.007459646090865135
0.2805798649787903 0.43804478645324707 -0.0026461672969162464
0.3064289391040802 0.38185298442840576 -0.009829733520746231
0.33155176043510437 0.34890216588974 -0.01287257019430399
0.2987087368965149 0.5718458890914917 -0.008084927685558796
0.322448194026947 0.43180903792381287 -0.012163027189671993
0.3481168746948242 0.3705594539642334 -0.015188716351985931
0.3720721900463104 0.33669984340667725 -0.01752808690071106
0.33666205406188965 0.5867076516151428 -0.024125950410962105
0.3658454418182373 0.46030163764953613 -0.02145501784980297
0.3889298141002655 0.4013582468032837 -0.01857149787247181
0.4078173041343689 0.36242568492889404 -0.019082877784967422
0.3781112730503082 0.6179237365722656 -0.040177274495363235
0.4092109203338623 0.523696780204773 -0.033089593052864075
0.4275982677936554 0.47196364402770996 -0.02486221306025982
0.440354585647583 0.4325418174266815 -0.019687725231051445
