Leon_image_five_35.jpg
0.4339222311973572 0.788661003112793 3.108085877556732e-07
0.37135055661201477 0.704418420791626 0.03099634125828743
0.3433414697647095 0.6169317364692688 0.037877436727285385
0.3258318603038788 0.5330567955970764 0.03656983748078346
0.30226224660873413 0.4709841310977936 0.034315209835767746
0.38644614815711975 0.5059441924095154 0.033516936004161835
0.40428557991981506 0.3707094192504883 0.03460521623492241
0.42823442816734314 0.3144579529762268 0.034205809235572815
0.4496433734893799 0.2803840935230255 0.035098202526569366
0.42814016342163086 0.5010002255439758 0.012039531953632832
0.46131110191345215 0.35674405097961426 0.02100701630115509
0.4897754490375519 0.2937581539154053 0.02370741032063961
0.5140275955200195 0.2578120231628418 0.02359224110841751
0.4701603651046753 0.5168070793151855 -0.00878709927201271
0.5066261887550354 0.38725143671035767 0.0026580027770251036
0.5339862704277039 0.33091914653778076 0.00729044945910573
0.5549629926681519 0.29580986499786377 0.005938007030636072
0.5155219435691833 0.5495447516441345 -0.028216207399964333
0.5544578433036804 0.4555964171886444 -0.014123162254691124
0.5780857801437378 0.41200000047683716 -0.0032118221279233694
0.596483588218689 0.38077014684677124 0.0023393172305077314
