Leon_image_zero_46.jpg
0.49515917897224426 0.8414784073829651 -7.850829888411681e-07
0.408309668302536 0.8422993421554565 -0.041559457778930664
0.31524747610092163 0.7919861674308777 -0.06505687534809113
0.2825953960418701 0.6920756101608276 -0.08992549031972885
0.3147379159927368 0.6010580062866211 -0.10370085388422012
0.2725001275539398 0.6547061204910278 0.0013055435847491026
0.23563812673091888 0.5812569856643677 -0.05977379158139229
0.28207123279571533 0.6717427968978882 -0.08848387002944946
0.3059169054031372 0.6978328824043274 -0.09962239116430283
0.3265034258365631 0.6129449605941772 -0.0047453963197767735
0.29730480909347534 0.5407350063323975 -0.06705557554960251
0.33942416310310364 0.6539379358291626 -0.0743740126490593
0.35163307189941406 0.6662340760231018 -0.06306970864534378
0.3861634433269501 0.5872167348861694 -0.024297639727592468
0.3700280487537384 0.5332140326499939 -0.08272156119346619
0.39922937750816345 0.6479640007019043 -0.0637015700340271
0.40234920382499695 0.6632250547409058 -0.0351925790309906
0.45164552330970764 0.5717638731002808 -0.0490577407181263
0.4321317672729492 0.5491622090339661 -0.07467705011367798
0.44684088230133057 0.6324779987335205 -0.05644453689455986
0.44998112320899963 0.6479978561401367 -0.03530002385377884
