Leon_image_four_16.jpg
0.40199998021125793 0.9337942600250244 6.396838330147148e-07
0.4694986343383789 0.859271764755249 -0.004676738753914833
0.5020631551742554 0.7573533058166504 -0.0009088857914321125
0.5165531039237976 0.6691669225692749 0.003700999775901437
0.5321316123008728 0.6109058260917664 0.009540964849293232
0.4070436954498291 0.6303012371063232 0.010733303613960743
0.39245909452438354 0.5078182220458984 0.01791703701019287
0.3831872344017029 0.444580614566803 0.01978379115462303
0.3739388883113861 0.39602625370025635 0.021393755450844765
0.35582005977630615 0.6476666927337646 0.012035168707370758
0.332413911819458 0.5183569192886353 0.02278391644358635
0.31808555126190186 0.4477718472480774 0.024636609479784966
0.30411943793296814 0.40004605054855347 0.025385664775967598
0.3142405152320862 0.6881123185157776 0.012802373617887497
0.29194939136505127 0.5917345285415649 0.020868441089987755
0.28262749314308167 0.5456070899963379 0.020483344793319702
0.2757445275783539 0.5183480978012085 0.01972362957894802
0.2824150323867798 0.7412846684455872 0.012755701318383217
0.26488643884658813 0.6793209910392761 0.024782970547676086
0.26788854598999023 0.6705025434494019 0.036265186965465546
0.2735508680343628 0.6797388792037964 0.045111268758773804
