Leon_image_four_13.jpg
0.4347902536392212 0.9615737795829773 6.904847396072e-07
0.488822340965271 0.8753277063369751 -0.002491940278559923
0.5141564011573792 0.7753816843032837 -0.002592968987300992
0.531104326248169 0.6860238313674927 -0.003127751871943474
0.5551229119300842 0.6318495273590088 -0.003101588226854801
0.42305508255958557 0.6540919542312622 0.0116773946210742
0.40597832202911377 0.5312420725822449 0.017602628096938133
0.39591434597969055 0.4701857268810272 0.017276722937822342
0.38497182726860046 0.42289042472839355 0.01746666617691517
0.372989684343338 0.6726347208023071 0.011056378483772278
0.3480767011642456 0.542348325252533 0.026156922802329063
0.3333374857902527 0.47465187311172485 0.029221471399068832
0.3197062611579895 0.42878708243370056 0.029330521821975708
0.3318122923374176 0.7131072282791138 0.009983454830944538
0.307463675737381 0.6195432543754578 0.02491910755634308
0.2972852885723114 0.5722450613975525 0.02489250898361206
0.291959285736084 0.5454889535903931 0.021799292415380478
0.29767754673957825 0.7656952738761902 0.007780914660543203
0.27937835454940796 0.7117290496826172 0.0237848199903965
0.2807983160018921 0.6941831707954407 0.03459925949573517
0.28705525398254395 0.6919421553611755 0.041757360100746155
