Leon_image_zero_56.jpg
0.5168243646621704 0.9053712487220764 -2.68011319803918e-07
0.4907749891281128 0.8889071941375732 -0.11971671134233475
0.48251110315322876 0.819920539855957 -0.1768953800201416
0.5238450169563293 0.7179907560348511 -0.20779453217983246
0.5677361488342285 0.6452690362930298 -0.22240091860294342
0.324959397315979 0.6438977122306824 -0.11823740601539612
0.4490979015827179 0.5918754935264587 -0.1704617440700531
0.4807036519050598 0.6758330464363098 -0.1881583333015442
0.4632822275161743 0.7234588265419006 -0.1985265612602234
0.3707693815231323 0.5876024961471558 -0.07783704251050949
0.4881161153316498 0.5447291731834412 -0.1385810375213623
0.5262678265571594 0.6394351720809937 -0.1476331502199173
0.5079113245010376 0.6735902428627014 -0.144706591963768
0.4293878376483917 0.5636870861053467 -0.04773450270295143
0.5361314415931702 0.532878041267395 -0.1122526004910469
0.5687886476516724 0.621746838092804 -0.1097009927034378
0.544830322265625 0.6567578315734863 -0.09655332565307617
0.48936882615089417 0.5643065571784973 -0.0260687917470932
0.5730984210968018 0.5406429767608643 -0.07828863710165024
0.5958203077316284 0.6140170693397522 -0.08624300360679626
0.5729597210884094 0.6512918472290039 -0.08155229687690735
