Leon_image_one_67.jpg
0.5577350854873657 0.8248133063316345 -8.51538516144501e-07
0.48558443784713745 0.7508518099784851 0.00552901579067111
0.3879327178001404 0.6894224882125854 -0.00587468221783638
0.3103792667388916 0.6394357085227966 -0.019641868770122528
0.26430267095565796 0.5763247013092041 -0.030130092054605484
0.3344211280345917 0.6339225769042969 -0.03582478314638138
0.22133991122245789 0.7539287805557251 -0.06798464804887772
0.257045716047287 0.7955411672592163 -0.07352358847856522
0.2888106107711792 0.7765955328941345 -0.07386975735425949
0.3633810579776764 0.6705094575881958 -0.05405540019273758
0.250421404838562 0.8188133239746094 -0.08577343821525574
0.2933134436607361 0.8356457948684692 -0.07711620628833771
0.3244735598564148 0.8040332794189453 -0.07045646756887436
0.39503568410873413 0.7275359630584717 -0.07266734540462494
0.29434800148010254 0.8652219772338867 -0.10215315222740173
0.34020164608955383 0.8721523880958557 -0.07883443683385849
0.3700926899909973 0.837342381477356 -0.06195680797100067
0.4276449680328369 0.7940166592597961 -0.09023749828338623
0.3426368236541748 0.8984206914901733 -0.11301369220018387
0.37896299362182617 0.9032511711120605 -0.10185933858156204
0.4080621600151062 0.8727741241455078 -0.09091681987047195
