Leon_image_spock_19.jpg
0.46666663885116577 0.8434149026870728 2.2538675636951666e-07
0.4232926368713379 0.7819105386734009 0.003946369048207998
0.40841901302337646 0.7077834010124207 -0.0026219100691378117
0.39832842350006104 0.6360011696815491 -0.009827522560954094
0.38006073236465454 0.584175705909729 -0.01695747673511505
0.4750419557094574 0.6145266890525818 -0.013942212797701359
0.5011285543441772 0.5037299394607544 -0.021432776004076004
0.5228985548019409 0.4547213315963745 -0.02134288102388382
0.5383963584899902 0.4202340841293335 -0.01969371736049652
0.5183084011077881 0.6271606087684631 -0.023623907938599586
0.5504416227340698 0.5076673030853271 -0.0361095555126667
0.5661808252334595 0.45328348875045776 -0.03785596415400505
0.5766779184341431 0.41588056087493896 -0.03584793210029602
0.5577165484428406 0.6564809083938599 -0.032138898968696594
0.6069737672805786 0.5693045258522034 -0.04312431812286377
0.6368023157119751 0.523036777973175 -0.04245581850409508
0.6565513014793396 0.487416535615921 -0.038830965757369995
0.5902987718582153 0.6983978152275085 -0.03920450806617737
0.6282023191452026 0.6225194334983826 -0.04071253538131714
0.6469406485557556 0.5834522247314453 -0.03248564898967743
0.6587340235710144 0.5509240031242371 -0.02420922741293907
