Leon_image_zero_6.jpg
0.671669065952301 0.8460674285888672 -7.239018486870918e-07
0.5733001828193665 0.8275159597396851 -0.03058210387825966
0.47713613510131836 0.7540071606636047 -0.04525579512119293
0.44892117381095886 0.6385504603385925 -0.06438472867012024
0.49213171005249023 0.5525856018066406 -0.07333196699619293
0.46362006664276123 0.6127955913543701 0.021964212879538536
0.4194052517414093 0.5337203145027161 -0.03319660201668739
0.4549655318260193 0.6319587230682373 -0.05684490501880646
0.47585517168045044 0.655886709690094 -0.06329493224620819
0.5202760100364685 0.5823951959609985 0.013479803688824177
0.481866717338562 0.506560742855072 -0.04431317374110222
0.5146719813346863 0.6288530230522156 -0.04869076609611511
0.5288845300674438 0.642157793045044 -0.03309065103530884
0.5823031067848206 0.5676130056381226 -0.008057883940637112
0.5503117442131042 0.5048867464065552 -0.06693115830421448
0.5752654075622559 0.6283208131790161 -0.0451502650976181
0.5882275104522705 0.6466295123100281 -0.01082100160419941
0.6515660285949707 0.5622016787528992 -0.033419981598854065
0.6133393049240112 0.5193171501159668 -0.059736911207437515
0.6233425736427307 0.6069120764732361 -0.03767824172973633
0.6357070803642273 0.6288147568702698 -0.010668719187378883
