Leon_image_spock_21.jpg
0.4080774784088135 0.8702229261398315 2.8830422138526046e-07
0.36477556824684143 0.8003227710723877 0.010251584462821484
0.34397709369659424 0.7278391122817993 0.004911947995424271
0.3341509699821472 0.6581401228904724 -0.003065564436838031
0.3205164074897766 0.6061345934867859 -0.01159965991973877
0.4070833921432495 0.6321752071380615 -0.0036893407814204693
0.4346422553062439 0.5224848389625549 -0.009943591430783272
0.45629897713661194 0.466702938079834 -0.011633121408522129
0.47286346554756165 0.4257410168647766 -0.011514260433614254
0.4467606246471405 0.6410027742385864 -0.017144998535513878
0.4788447618484497 0.5216154456138611 -0.022794609889388084
0.4957549273967743 0.46087443828582764 -0.023840608075261116
0.5079652070999146 0.41410258412361145 -0.02360418625175953
0.4866602420806885 0.6671598553657532 -0.029642168432474136
0.5374071598052979 0.572890043258667 -0.034047577530145645
0.5689278841018677 0.5206906795501709 -0.03420872986316681
0.5904473662376404 0.47966983914375305 -0.03410744667053223
0.520073652267456 0.7078480124473572 -0.040732063353061676
0.5576286911964417 0.6287403702735901 -0.03967517241835594
0.5816162824630737 0.5911694169044495 -0.032272834330797195
0.5996248126029968 0.5627055168151855 -0.026057515293359756
