Leon_image_three_88.jpg
0.510525107383728 0.9589043259620667 8.13971951174608e-07
0.6098085641860962 0.9245966076850891 -0.02391143888235092
0.6905585527420044 0.8419827222824097 -0.03000841662287712
0.7459014654159546 0.7739913463592529 -0.040833745151758194
0.7853932976722717 0.7261340022087097 -0.050347112119197845
0.6366387605667114 0.6894993782043457 0.0026397176552563906
0.6777769923210144 0.5752071142196655 -0.020157674327492714
0.6999841928482056 0.503473162651062 -0.03529069572687149
0.7181406617164612 0.4401446580886841 -0.044417575001716614
0.591386616230011 0.665837824344635 -0.007961425930261612
0.6225532293319702 0.5107617378234863 -0.04346306622028351
0.6495022773742676 0.4194309413433075 -0.066070556640625
0.6705366373062134 0.3449864387512207 -0.07542554289102554
0.5407698154449463 0.6684656739234924 -0.023055300116539
0.5872042179107666 0.5659139156341553 -0.0852472111582756
0.5993157625198364 0.6654051542282104 -0.09121973067522049
0.5953702330589294 0.7441679239273071 -0.07465309649705887
0.4895536005496979 0.6937651634216309 -0.03900079429149628
0.5416032671928406 0.6270002722740173 -0.09106825292110443
0.5591109395027161 0.7060577869415283 -0.0883738100528717
0.5550028085708618 0.7777168154716492 -0.0716908723115921
