Leon_image_zero_72.jpg
0.7579703330993652 0.8293285965919495 -9.184740292766946e-07
0.6778740882873535 0.7391209602355957 0.002597290324047208
0.6368996500968933 0.6394986510276794 -0.007092328276485205
0.6195729374885559 0.5478817820549011 -0.02840174362063408
0.6409996747970581 0.46726417541503906 -0.04348013550043106
0.7296190857887268 0.5429121851921082 0.036927707493305206
0.6828032732009888 0.4471621513366699 -0.006619598716497421
0.6643330454826355 0.5252552628517151 -0.027540000155568123
0.6863536238670349 0.5789539217948914 -0.03532654792070389
0.7603291273117065 0.5371078252792358 0.01544681191444397
0.6883701682090759 0.43989747762680054 -0.040230438113212585
0.6745114326477051 0.5481785535812378 -0.050061117857694626
0.711820662021637 0.5935701131820679 -0.03931755572557449
0.7953261733055115 0.5343737602233887 -0.013981686905026436
0.7021054625511169 0.45960819721221924 -0.06775715947151184
0.69291090965271 0.5730835795402527 -0.05423734337091446
0.7343590259552002 0.6146965622901917 -0.028176400810480118
0.8304972052574158 0.5439060926437378 -0.04435199871659279
0.7269627451896667 0.5110747814178467 -0.08001712709665298
0.7154772281646729 0.5908094644546509 -0.07300645858049393
0.7514841556549072 0.6267997026443481 -0.0562581866979599
