Leon_image_one_77.jpg
0.6698466539382935 0.8068005442619324 -5.781370191471069e-07
0.5820254683494568 0.8328067064285278 -0.05219678208231926
0.4755900204181671 0.8105021715164185 -0.07555335760116577
0.3915693759918213 0.7939451336860657 -0.09562981128692627
0.33060330152511597 0.7918506860733032 -0.10498782247304916
0.42735254764556885 0.6638292074203491 -0.03136761114001274
0.39092889428138733 0.574448823928833 -0.07713890075683594
0.4503578841686249 0.6510202884674072 -0.091006338596344
0.47049659490585327 0.7013859748840332 -0.09105971455574036
0.4709877371788025 0.6081202626228333 -0.02321813441812992
0.44225823879241943 0.5227919816970825 -0.07667791843414307
0.5074391961097717 0.6174665093421936 -0.08293908089399338
0.5119515061378479 0.655328631401062 -0.07301688194274902
0.5186852812767029 0.5618061423301697 -0.02406441420316696
0.49569976329803467 0.488297700881958 -0.07305610924959183
0.5483705997467041 0.5792447328567505 -0.05616361275315285
0.5531837344169617 0.6200976371765137 -0.031417153775691986
0.5658653378486633 0.5277945399284363 -0.02933315560221672
0.5467860698699951 0.46850425004959106 -0.0514545738697052
0.5764718651771545 0.53854900598526 -0.03392048552632332
0.5796404480934143 0.5776591300964355 -0.013576389290392399
