Leon_image_spock_2.jpg
0.3917163610458374 0.8637601733207703 4.097679493497708e-07
0.4614701271057129 0.8441338539123535 -0.018287738785147667
0.5330883860588074 0.8012881278991699 -0.02541276626288891
0.5861788392066956 0.7529184818267822 -0.033152174204587936
0.6260207891464233 0.7201733589172363 -0.04050297662615776
0.515404224395752 0.68958979845047 0.000650947040412575
0.5514856576919556 0.6143906712532043 -0.011764018796384335
0.5694975852966309 0.5711767077445984 -0.02279127575457096
0.5835807919502258 0.5324614644050598 -0.03091582842171192
0.48491621017456055 0.6635463237762451 -0.0028654912021011114
0.5278976559638977 0.5836454033851624 -0.014888494275510311
0.5532335638999939 0.5437191724777222 -0.0254623144865036
0.5729759931564331 0.5125224590301514 -0.031667813658714294
0.447946697473526 0.6547229290008545 -0.010690610855817795
0.4616695046424866 0.5645705461502075 -0.026463625952601433
0.46644747257232666 0.5126092433929443 -0.03520425036549568
0.47166451811790466 0.4703185558319092 -0.039168767631053925
0.40842413902282715 0.659674346446991 -0.020733119919896126
0.42104506492614746 0.5834916830062866 -0.032769687473773956
0.42822185158729553 0.5396231412887573 -0.035223156213760376
0.4367448389530182 0.5001764893531799 -0.03552316501736641
