Leon_image_spock_31.jpg
0.3824731111526489 0.8984426856040955 2.715655398333183e-07
0.35301095247268677 0.8044947385787964 -0.003688680473715067
0.3608260154724121 0.7111749053001404 -0.008423209190368652
0.4013943076133728 0.6526967287063599 -0.01229231059551239
0.4371216893196106 0.6229960322380066 -0.014396237209439278
0.3791065216064453 0.6624369025230408 -0.01522747240960598
0.41602379083633423 0.5513826012611389 -0.026294473558664322
0.4352065920829773 0.49193358421325684 -0.029123414307832718
0.44525444507598877 0.4492156207561493 -0.028745537623763084
0.420167475938797 0.6869738101959229 -0.019436128437519073
0.4856775403022766 0.5885547399520874 -0.02881390042603016
0.5154149532318115 0.5356267690658569 -0.029088832437992096
0.5339375138282776 0.49766892194747925 -0.02638995833694935
0.45520734786987305 0.7192548513412476 -0.023827623575925827
0.5112059116363525 0.6338024735450745 -0.029289502650499344
0.5312401056289673 0.5889407992362976 -0.023158306255936623
0.5419415235519409 0.5561195611953735 -0.01651003770530224
0.4837798774242401 0.7578651905059814 -0.02860295958817005
0.5230414867401123 0.6833356618881226 -0.02770991064608097
0.5355929732322693 0.6456915736198425 -0.017345326021313667
0.5421829223632812 0.6163963079452515 -0.007339035626500845
