Leon_image_five_31.jpg
0.5965539216995239 0.7870569825172424 3.448041070441832e-07
0.5315474271774292 0.6977585554122925 0.004224811214953661
0.5066938400268555 0.599295973777771 -0.001447094138711691
0.5038290023803711 0.5123504400253296 -0.009725828655064106
0.49696287512779236 0.44371792674064636 -0.017441989853978157
0.5980668663978577 0.49783027172088623 -0.0005581590230576694
0.6267058849334717 0.3703320026397705 -0.010573561303317547
0.6578893661499023 0.3244338631629944 -0.01638735644519329
0.6858211159706116 0.307525098323822 -0.017622971907258034
0.6541417837142944 0.5114614963531494 -0.012024981901049614
0.6971015334129333 0.37535184621810913 -0.01372192706912756
0.7288974523544312 0.3209688663482666 -0.014962228015065193
0.75503009557724 0.3002762794494629 -0.015153821557760239
0.7024685740470886 0.5449901223182678 -0.024311460554599762
0.7503541707992554 0.4226531684398651 -0.02414337545633316
0.7799592614173889 0.3717966079711914 -0.022457566112279892
0.8004534840583801 0.3454335927963257 -0.02204543724656105
0.7439409494400024 0.5966076850891113 -0.03679359704256058
0.7854448556900024 0.5086391568183899 -0.033756908029317856
0.805071234703064 0.4595262408256531 -0.026952465996146202
0.8163396120071411 0.4230289161205292 -0.021044326946139336
