Leon_image_spock_96.jpg
0.26888608932495117 0.8913417458534241 5.369229256757535e-07
0.347133070230484 0.8470063805580139 -0.022357534617185593
0.4171026349067688 0.7692091464996338 -0.030538439750671387
0.46656370162963867 0.6952112913131714 -0.03864205628633499
0.5068889260292053 0.6457277536392212 -0.04666052386164665
0.38168972730636597 0.6382424235343933 -0.010532910004258156
0.4105871319770813 0.5314106345176697 -0.028927236795425415
0.4227169156074524 0.4630703330039978 -0.04386631399393082
0.4310300946235657 0.40373924374580383 -0.05483349412679672
0.3368372917175293 0.6169645190238953 -0.015212330035865307
0.365302711725235 0.5010441541671753 -0.03417307138442993
0.3837147653102875 0.43106627464294434 -0.05106149986386299
0.3964540660381317 0.37471261620521545 -0.06224936246871948
0.28999295830726624 0.6171882152557373 -0.024050017818808556
0.2897665500640869 0.5016331672668457 -0.046071406453847885
0.291244775056839 0.4301615357398987 -0.060905326157808304
0.29366645216941833 0.3743535578250885 -0.0696091502904892
0.24215787649154663 0.6347823739051819 -0.03514119237661362
0.23840200901031494 0.5398269891738892 -0.054272692650556564
0.23879201710224152 0.4804409146308899 -0.06281837821006775
0.2430192232131958 0.4284329414367676 -0.06740345805883408
