Leon_image_five_67.jpg
0.4003322124481201 0.9558015465736389 4.3834347707161214e-08
0.4686073362827301 0.9351308345794678 0.02364266850054264
0.5073382258415222 0.8791308403015137 0.043565165251493454
0.533911406993866 0.8307672142982483 0.05413379892706871
0.5590010285377502 0.8031148910522461 0.06431184709072113
0.49330055713653564 0.7461368441581726 0.07091530412435532
0.5408024787902832 0.6642068028450012 0.07523719221353531
0.5725123882293701 0.635811448097229 0.06915167719125748
0.6003409624099731 0.6097822785377502 0.06395812332630157
0.4759300649166107 0.7149481773376465 0.052390534430742264
0.5247625708580017 0.6179665923118591 0.05814925208687782
0.557873010635376 0.5744448304176331 0.04990144446492195
0.5900002121925354 0.5433617830276489 0.04260724037885666
0.45450642704963684 0.6955671906471252 0.029912849888205528
0.4987579584121704 0.5950679779052734 0.03413957357406616
0.5295795798301697 0.5539059638977051 0.02777743525803089
0.5609883069992065 0.5250254273414612 0.02157142013311386
0.42748063802719116 0.6867936849594116 0.0076803239062428474
0.46033045649528503 0.6040356159210205 0.014131120406091213
0.4845535457134247 0.5624972581863403 0.017744295299053192
0.5113005042076111 0.5307798981666565 0.0183611698448658
