Leon_image_spock_94.jpg
0.30847468972206116 0.8748036026954651 4.58837945416235e-07
0.3924317955970764 0.8403698205947876 -0.024454863741993904
0.46967363357543945 0.7684436440467834 -0.032517969608306885
0.5260285139083862 0.7006872892379761 -0.04007776454091072
0.5723387598991394 0.6585894227027893 -0.047772619873285294
0.4357650876045227 0.6330058574676514 -0.014682823792099953
0.47048836946487427 0.5262972116470337 -0.03278862684965134
0.48624375462532043 0.4606940746307373 -0.04792428016662598
0.4983382225036621 0.4024965167045593 -0.05948197469115257
0.3916682004928589 0.6111514568328857 -0.018707888200879097
0.42774850130081177 0.49599891901016235 -0.03727833926677704
0.4494895935058594 0.4264659881591797 -0.05547646805644035
0.4645938575267792 0.36913034319877625 -0.06814244389533997
0.34587520360946655 0.6103106141090393 -0.026644648984074593
0.3525739312171936 0.49256664514541626 -0.04834718257188797
0.35650184750556946 0.42016488313674927 -0.06516074389219284
0.36077702045440674 0.3629626929759979 -0.07548299431800842
0.29880523681640625 0.6290848255157471 -0.03702811896800995
0.30078309774398804 0.5341521501541138 -0.05634646490216255
0.3021073341369629 0.4751540422439575 -0.06609335541725159
0.3071494996547699 0.42240434885025024 -0.07177605479955673
