Leon_image_five_16.jpg
0.3308713138103485 0.9834164977073669 4.342116994848766e-07
0.4085921347141266 0.9630692601203918 -0.02489897422492504
0.4807949662208557 0.9009299278259277 -0.032687995582818985
0.5310428738594055 0.835669755935669 -0.03969978541135788
0.5758498907089233 0.7919098138809204 -0.046169083565473557
0.4692072868347168 0.7717380523681641 -0.006690906826406717
0.5149588584899902 0.6802126169204712 -0.02245226688683033
0.5371259450912476 0.624076247215271 -0.03678768873214722
0.5545770525932312 0.5766536593437195 -0.04663539677858353
0.42884930968284607 0.7441376447677612 -0.006961835082620382
0.46403709053993225 0.6409539580345154 -0.01969009079039097
0.4818054437637329 0.5768698453903198 -0.033217351883649826
0.49409520626068115 0.5256575345993042 -0.042610883712768555
0.386313259601593 0.7355911135673523 -0.011641710996627808
0.40926995873451233 0.637779951095581 -0.02556985802948475
0.42304959893226624 0.5814187526702881 -0.034620121121406555
0.4343838691711426 0.5370616912841797 -0.040237344801425934
0.3400205969810486 0.7418487668037415 -0.019293971359729767
0.3548707962036133 0.6631578803062439 -0.03223244100809097
0.36592134833335876 0.6139037609100342 -0.03605271875858307
0.37710413336753845 0.5709570050239563 -0.037173327058553696
