Leon_image_one_97.jpg
0.8349601626396179 0.9021039605140686 -1.1062595604016678e-06
0.7404346466064453 0.871063768863678 -0.053692009299993515
0.654708743095398 0.7524183988571167 -0.06979889422655106
0.6010869741439819 0.6476479172706604 -0.08187953382730484
0.5463987588882446 0.5777032375335693 -0.08361943066120148
0.6888009905815125 0.6250226497650146 -0.011905478313565254
0.7325069308280945 0.5432553291320801 -0.06453435122966766
0.7435353994369507 0.638934314250946 -0.08297000825405121
0.7242397665977478 0.6756460070610046 -0.08680802583694458
0.7610562443733215 0.6169363856315613 -0.007509182672947645
0.7845849990844727 0.5661384463310242 -0.06023453176021576
0.7981992959976196 0.6843112707138062 -0.06304746121168137
0.7851119041442871 0.6952332854270935 -0.05284712091088295
0.8270789384841919 0.6274898052215576 -0.01625416986644268
0.846240758895874 0.5885413289070129 -0.07506667077541351
0.8553234338760376 0.6949688196182251 -0.0600314736366272
0.8434118032455444 0.7095453143119812 -0.03577132523059845
0.8857623338699341 0.645018458366394 -0.02947389893233776
0.9079153537750244 0.6220718026161194 -0.06515999138355255
0.9112619161605835 0.7011203169822693 -0.05346523970365524
0.9026591777801514 0.7201136350631714 -0.03557682782411575
