Leon_image_two_43.jpg
0.6137108206748962 0.9504766464233398 -5.691709930033539e-07
0.5256221890449524 0.8316246271133423 0.011279244907200336
0.4775168001651764 0.6846447587013245 0.011474121361970901
0.4532701373100281 0.5628852844238281 0.006223026663064957
0.4236886501312256 0.4845407009124756 -0.00011664656631182879
0.5722375512123108 0.5653654336929321 0.008599823340773582
0.6160036325454712 0.452315092086792 0.014610952697694302
0.6472906470298767 0.39575138688087463 0.013652813620865345
0.6730140447616577 0.35355010628700256 0.008241879753768444
0.6431459784507751 0.5746400356292725 -0.00297750486060977
0.6505615711212158 0.5827389359474182 0.005448156036436558
0.6347217559814453 0.6336601972579956 0.005655835848301649
0.6243984699249268 0.6745361685752869 0.0008105456363409758
0.7038864493370056 0.6268451809883118 -0.011947236023843288
0.695690929889679 0.6339187026023865 -0.005136826075613499
0.683111310005188 0.6785050630569458 0.002068796893581748
0.67202228307724 0.722211480140686 0.0013413529377430677
0.755258321762085 0.6870928406715393 -0.020264342427253723
0.7436800599098206 0.6911907196044922 -0.011839810758829117
0.7274754047393799 0.7304692268371582 0.0011297633172944188
0.7159894108772278 0.7705028653144836 0.010252803564071655
