Leon_image_spock_45.jpg
0.5897547006607056 0.8450008034706116 2.2747023820102186e-07
0.5450246334075928 0.7742462158203125 0.009254660457372665
0.5279296636581421 0.7009379863739014 0.008737441152334213
0.5229969024658203 0.630820095539093 0.00607731007039547
0.5102061033248901 0.578883171081543 0.0031252079643309116
0.5916808247566223 0.6161855459213257 0.0065535129979252815
0.6172472238540649 0.5210044384002686 0.0058866529725492
0.6336548328399658 0.47432035207748413 0.006164017599076033
0.6461105346679688 0.43735477328300476 0.006785553880035877
0.6310418844223022 0.6296593546867371 -0.0026709046214818954
0.6585477590560913 0.53071528673172 -0.0035899884533137083
0.6737250089645386 0.48182570934295654 -0.004777671303600073
0.6856777667999268 0.443825364112854 -0.005516909994184971
0.6656234860420227 0.6601441502571106 -0.011411410756409168
0.708436906337738 0.5868017673492432 -0.014813092537224293
0.7394183874130249 0.5451229810714722 -0.016945114359259605
0.7608281373977661 0.5115498900413513 -0.01803436130285263
0.6933348178863525 0.6993968486785889 -0.018537383526563644
0.729453444480896 0.634696364402771 -0.018034493550658226
0.7505135536193848 0.5977283120155334 -0.013459830544888973
0.7671846747398376 0.5633376240730286 -0.009629455395042896
