Leon_image_one_12.jpg
0.7131033539772034 0.9769631028175354 -6.969398214096145e-07
0.6334556341171265 0.8583246469497681 -0.019305912777781487
0.5975539684295654 0.7250409126281738 -0.034276895225048065
0.5825467109680176 0.6219524145126343 -0.046927936375141144
0.565176248550415 0.5328285694122314 -0.05294237285852432
0.6900199055671692 0.6094797849655151 -0.038950029760599136
0.5523226261138916 0.6430460810661316 -0.072308249771595
0.5589583516120911 0.7195649147033691 -0.08307430148124695
0.6000617742538452 0.7336106300354004 -0.08811096101999283
0.7277260422706604 0.6606246829032898 -0.048728764057159424
0.5718395709991455 0.7156805992126465 -0.07776384055614471
0.5900582671165466 0.7786591053009033 -0.07282887399196625
0.62778639793396 0.7831291556358337 -0.06884004175662994
0.7482901811599731 0.736029863357544 -0.06231541931629181
0.599533200263977 0.7891274094581604 -0.08873677253723145
0.6188559532165527 0.83973228931427 -0.0706518366932869
0.6552586555480957 0.8400474190711975 -0.05782340094447136
0.757820188999176 0.8244500160217285 -0.078461192548275
0.63666170835495 0.8579030632972717 -0.09975092858076096
0.647508978843689 0.8878569602966309 -0.09349503368139267
0.6823010444641113 0.8888654112815857 -0.08499640226364136
