Leon_image_spock_99.jpg
0.2417161762714386 0.8968032598495483 5.766477784163726e-07
0.3196278214454651 0.8525769710540771 -0.02648300677537918
0.38814133405685425 0.7726678252220154 -0.03631717711687088
0.4331742525100708 0.6942517757415771 -0.04491704702377319
0.46870243549346924 0.6366519331932068 -0.05298353731632233
0.3482843339443207 0.6408418416976929 -0.017320698127150536
0.3753860592842102 0.5300195217132568 -0.0368904210627079
0.3865634799003601 0.4605211615562439 -0.05158324912190437
0.39383402466773987 0.40065228939056396 -0.06208953261375427
0.30212467908859253 0.6206303834915161 -0.020046334713697433
0.3294258117675781 0.501099169254303 -0.03995708003640175
0.34701770544052124 0.4299727976322174 -0.05648292228579521
0.35896947979927063 0.372785747051239 -0.06719817966222763
0.2546643018722534 0.6244766116142273 -0.026980573311448097
0.2516256272792816 0.5078139901161194 -0.04992527887225151
0.2511942982673645 0.4343130588531494 -0.06553491204977036
0.2521325945854187 0.3770650625228882 -0.07467352598905563
0.2075985223054886 0.6474444270133972 -0.03629698231816292
0.20272493362426758 0.5544064044952393 -0.05641874298453331
0.20178967714309692 0.4944368600845337 -0.06591781973838806
0.2042793482542038 0.44231510162353516 -0.07110026478767395
