Leon_image_five_18.jpg
0.32738882303237915 0.8934598565101624 7.58235614739533e-07
0.41444623470306396 0.8508104085922241 -0.02570280246436596
0.487072616815567 0.7847245931625366 -0.03514382988214493
0.5378477573394775 0.7194735407829285 -0.04416867718100548
0.581792414188385 0.6715594530105591 -0.052874788641929626
0.4646564722061157 0.6651996374130249 -0.005989817902445793
0.5097677111625671 0.5795435905456543 -0.026560185477137566
0.5341189503669739 0.518713653087616 -0.04597943648695946
0.5551211833953857 0.46464258432388306 -0.059215426445007324
0.42541542649269104 0.6385812759399414 -0.008368591777980328
0.46144911646842957 0.5366948843002319 -0.025196855887770653
0.48294925689697266 0.47015923261642456 -0.0430201031267643
0.5036887526512146 0.413754403591156 -0.05477473512291908
0.38300588726997375 0.6317179799079895 -0.015489987097680569
0.4086071252822876 0.5369352102279663 -0.03357360512018204
0.4246714413166046 0.4748835861682892 -0.04502643272280693
0.4410562515258789 0.4243723452091217 -0.05122492462396622
0.3368813991546631 0.6425750851631165 -0.025657646358013153
0.35279372334480286 0.564088761806488 -0.04152238368988037
0.36512893438339233 0.5120596885681152 -0.04552701488137245
0.37813302874565125 0.4659211039543152 -0.04557747766375542
