Leon_image_spock_78.jpg
0.6280397176742554 0.9008322954177856 6.312043296929915e-07
0.7041049599647522 0.8986610174179077 -0.017732420936226845
0.767951250076294 0.8590953946113586 -0.024541156366467476
0.8133531808853149 0.8136532306671143 -0.0298763457685709
0.8514133095741272 0.7878470420837402 -0.03478545323014259
0.736497700214386 0.7189690470695496 -0.012322809547185898
0.77351975440979 0.6336401700973511 -0.023050745949149132
0.7944018244743347 0.5806756019592285 -0.03171264007687569
0.8097859621047974 0.534756064414978 -0.038414712995290756
0.6993157863616943 0.6879162192344666 -0.013357258401811123
0.7390128970146179 0.5980997681617737 -0.02453775331377983
0.7665389180183411 0.548061728477478 -0.03392947465181351
0.7880188226699829 0.510455310344696 -0.04028555005788803
0.6589135527610779 0.6744157671928406 -0.01711864396929741
0.6772489547729492 0.5736304521560669 -0.03187564015388489
0.6917192935943604 0.5088047385215759 -0.04526377469301224
0.7043792605400085 0.4589671492576599 -0.05333581194281578
0.6198527812957764 0.6749550104141235 -0.02206864207983017
0.6409396529197693 0.5906803607940674 -0.03646083548665047
0.6561667919158936 0.5370931029319763 -0.045574385672807693
0.671410322189331 0.49391868710517883 -0.05078396201133728
