Leon_image_one_59.jpg
0.6661063432693481 0.7313514947891235 -7.390630685222277e-07
0.5854129791259766 0.7094480991363525 -0.047025106847286224
0.5086416602134705 0.5984036922454834 -0.05850253254175186
0.46567368507385254 0.5138760209083557 -0.0672299787402153
0.42009660601615906 0.46243149042129517 -0.06705427914857864
0.5727753639221191 0.4736449718475342 -0.009257558733224869
0.5935337543487549 0.4166988730430603 -0.05632207170128822
0.5960268974304199 0.5003182888031006 -0.07655470073223114
0.5871507525444031 0.5475760698318481 -0.08293407410383224
0.6325136423110962 0.4779475927352905 -0.006987204309552908
0.6521300673484802 0.42606016993522644 -0.05702036991715431
0.6472710371017456 0.5311729311943054 -0.06378163397312164
0.6344409584999084 0.5624050498008728 -0.05551040545105934
0.6863936185836792 0.5025795102119446 -0.016491087153553963
0.7015069723129272 0.4602428376674652 -0.06812760978937149
0.6931535005569458 0.5456542372703552 -0.05570283904671669
0.6806231737136841 0.5662148594856262 -0.03359271585941315
0.7360900640487671 0.5364044904708862 -0.030215449631214142
0.7464063167572021 0.4928106367588043 -0.06045226752758026
0.7388876676559448 0.5446879863739014 -0.04900618642568588
0.7288321256637573 0.5577962398529053 -0.03205766901373863
0.6770309805870056 0.7548108696937561 -7.42644033380202e-07
0.5969842672348022 0.700358510017395 -0.03954499959945679
0.5299592018127441 0.5852409601211548 -0.047489769756793976
0.4866020083427429 0.5059563517570496 -0.05533275008201599
0.44669416546821594 0.4555712044239044 -0.05385701730847359
0.5825239419937134 0.47289788722991943 0.00452262070029974
0.5927416682243347 0.410374253988266 -0.042051613330841064
0.5933340787887573 0.5017038583755493 -0.06309949606657028
0.5870637893676758 0.5425547361373901 -0.07038792967796326
0.6388373374938965 0.4771416485309601 0.0039175525307655334
0.6553075909614563 0.4196018874645233 -0.04675547406077385
0.6452116966247559 0.5367820858955383 -0.053834594786167145
0.6339396238327026 0.563543438911438 -0.04641091823577881
0.6917500495910645 0.49627918004989624 -0.008625713177025318
0.7098813056945801 0.4451088011264801 -0.061222225427627563
0.6934975385665894 0.5507879257202148 -0.049023937433958054
0.6801202893257141 0.5817630290985107 -0.02685164473950863
0.7433205246925354 0.5244612693786621 -0.025098009034991264
0.7547064423561096 0.4680444896221161 -0.053655270487070084
0.7375858426094055 0.5402148962020874 -0.04121275246143341
0.7235748171806335 0.5703260898590088 -0.02389933541417122
