Leon_image_spock_74.jpg
0.6078148484230042 0.922214686870575 6.098735525483789e-07
0.6731498837471008 0.9263425469398499 -0.029761580750346184
0.7250368595123291 0.9015547037124634 -0.048032503575086594
0.7593409419059753 0.8743974566459656 -0.06401241570711136
0.7867351770401001 0.8536462783813477 -0.07975780963897705
0.7239063382148743 0.7725515365600586 -0.025728091597557068
0.766508936882019 0.6877381801605225 -0.041520390659570694
0.7899852991104126 0.6387034058570862 -0.05118510127067566
0.8080261945724487 0.5996328592300415 -0.05810069292783737
0.69363933801651 0.7329428195953369 -0.022182848304510117
0.7375355958938599 0.6486736536026001 -0.035873185843229294
0.7636569738388062 0.6020987629890442 -0.04387763515114784
0.7839640378952026 0.5673751831054688 -0.04929119721055031
0.6575665473937988 0.7134168744087219 -0.022845128551125526
0.6807727217674255 0.6202488541603088 -0.039426758885383606
0.7004120945930481 0.5658016204833984 -0.05019644647836685
0.7163589000701904 0.52080899477005 -0.056289322674274445
0.617672860622406 0.708457350730896 -0.025690753012895584
0.6413620114326477 0.6308409571647644 -0.04058210924267769
0.6595162749290466 0.5857034921646118 -0.046965330839157104
0.6748725771903992 0.5464103817939758 -0.050342123955488205
