Leon_image_spock_68.jpg
0.5227879881858826 0.89201819896698 2.359065831569751e-07
0.47451040148735046 0.8228746652603149 0.016401953995227814
0.45293858647346497 0.7504467964172363 0.01939753256738186
0.44792264699935913 0.6806718707084656 0.018947340548038483
0.44073253870010376 0.6300919651985168 0.0188463032245636
0.5111355185508728 0.6624616980552673 0.014781077392399311
0.5378174185752869 0.5627726912498474 0.015197169035673141
0.5565586090087891 0.5165622234344482 0.017222682014107704
0.5710404515266418 0.482526570558548 0.020384371280670166
0.5478847622871399 0.669991672039032 0.003493349766358733
0.5770429968833923 0.567486584186554 0.004759923089295626
0.5927034020423889 0.5157036185264587 0.0067624314688146114
0.6038246750831604 0.4773769676685333 0.010121765546500683
0.5845513939857483 0.6949779987335205 -0.006841944996267557
0.6256686449050903 0.615269660949707 -0.0050855232402682304
0.6534548997879028 0.5717966556549072 -0.0022037215530872345
0.6720345616340637 0.5379204750061035 0.0012057845015078783
0.6155174374580383 0.7333148121833801 -0.015363747254014015
0.6446317434310913 0.6608876585960388 -0.00831554364413023
0.6616195440292358 0.623746395111084 0.0019911564886569977
0.6737798452377319 0.5940126180648804 0.011053681373596191
