Leon_image_one_72.jpg
0.6919890642166138 0.8002349138259888 -1.2666187103604898e-06
0.6025934219360352 0.7122287750244141 -0.02841208502650261
0.5428053736686707 0.5889884233474731 -0.039084989577531815
0.5087693333625793 0.4865526258945465 -0.048300471156835556
0.47064924240112305 0.41031718254089355 -0.05240567401051521
0.6264443397521973 0.4466099739074707 -0.026521675288677216
0.5711317658424377 0.498956561088562 -0.06058540195226669
0.5720604658126831 0.5965690016746521 -0.07743892073631287
0.5837845206260681 0.6466728448867798 -0.08526784926652908
0.6901398301124573 0.4590243399143219 -0.029780268669128418
0.6324971914291382 0.5415506958961487 -0.060864418745040894
0.6240122318267822 0.6334301829338074 -0.0703732818365097
0.6278021931648254 0.6707183122634888 -0.07428406924009323
0.7487170696258545 0.5040703415870667 -0.03799346089363098
0.6969850063323975 0.5788955092430115 -0.07562576979398727
0.6740792989730835 0.6530354022979736 -0.0740353986620903
0.6687502264976501 0.6844800710678101 -0.06729534268379211
0.8013166189193726 0.5661225914955139 -0.048214346170425415
0.758454442024231 0.6172984838485718 -0.07775630801916122
0.7235973477363586 0.6783850789070129 -0.07635606825351715
0.7066307067871094 0.7101906538009644 -0.06899714469909668
