Leon_image_two_51.jpg
0.5052177906036377 0.8472981452941895 -2.950656607936253e-07
0.4412709176540375 0.743047833442688 0.028362294659018517
0.4088432192802429 0.6312835216522217 0.03408852964639664
0.3906201124191284 0.5416656732559204 0.03229928016662598
0.36655253171920776 0.48267117142677307 0.02819550596177578
0.4711315631866455 0.5140995979309082 0.0145195247605443
0.5342123508453369 0.4122847318649292 0.021325403824448586
0.5719819664955139 0.36369436979293823 0.02381882816553116
0.6003091931343079 0.3297697901725769 0.02179505117237568
0.518791675567627 0.5152655243873596 -0.004509440623223782
0.5874626636505127 0.5084083676338196 0.0038474113680422306
0.5812366604804993 0.5597007274627686 0.007010941859334707
0.5608397126197815 0.5949599742889404 0.004934251774102449
0.5684584379196167 0.5526031851768494 -0.019256938248872757
0.6156301498413086 0.5553314089775085 -0.007280935999006033
0.6066566705703735 0.6011480689048767 0.004509526304900646
0.5853281617164612 0.6323040723800659 0.005779238883405924
0.6138951182365417 0.6021709442138672 -0.032269276678562164
0.6450753808021545 0.602897047996521 -0.01837003231048584
0.6320964694023132 0.6426993608474731 -0.0026522278785705566
0.6091572046279907 0.6727831363677979 0.00679589482024312
