Leon_image_five_10.jpg
0.293262243270874 0.94686359167099 1.2070944421793683e-06
0.3941156566143036 0.9371657967567444 -0.06031448766589165
0.4864051043987274 0.8759998083114624 -0.08820434659719467
0.5548582077026367 0.8034310936927795 -0.1086120456457138
0.6158190369606018 0.7405228614807129 -0.12883643805980682
0.4252197742462158 0.6744645833969116 -0.06398476660251617
0.4896358847618103 0.543304443359375 -0.09628479927778244
0.5292330384254456 0.46124425530433655 -0.1195673868060112
0.5588961839675903 0.3897920250892639 -0.13581138849258423
0.3578334152698517 0.6340271234512329 -0.05640316382050514
0.40052157640457153 0.4814683198928833 -0.08484762161970139
0.43164923787117004 0.3865988552570343 -0.10874593257904053
0.45635679364204407 0.3106305003166199 -0.12556053698062897
0.29433995485305786 0.6268566846847534 -0.054442621767520905
0.3181627094745636 0.48187047243118286 -0.08428753912448883
0.3406245708465576 0.3923725485801697 -0.10579972714185715
0.36233216524124146 0.32231074571609497 -0.11872211843729019
0.23448620736598969 0.6474131345748901 -0.057371921837329865
0.24789349734783173 0.525550365447998 -0.08843153715133667
0.2610701620578766 0.4471977949142456 -0.1043439731001854
0.27609744668006897 0.37971243262290955 -0.11204260587692261
