Leon_image_zero_25.jpg
0.40737295150756836 0.8038793206214905 -7.890859876624745e-08
0.5148687362670898 0.7620792388916016 0.0002706806408241391
0.5802817940711975 0.6696454286575317 0.010067479684948921
0.5991173982620239 0.5941468477249146 0.0211653895676136
0.5816595554351807 0.5671910047531128 0.03424926474690437
0.5062988996505737 0.5123788118362427 0.024698985740542412
0.5636152029037476 0.4992988705635071 0.03417091816663742
0.5754854083061218 0.5504082441329956 0.02843969687819481
0.5665735602378845 0.5849204063415527 0.0213730800896883
0.4497665464878082 0.5057297945022583 0.027372736483812332
0.5119901299476624 0.5074636340141296 0.0430893674492836
0.5261592864990234 0.5580483675003052 0.03450906649231911
0.5132742524147034 0.595714807510376 0.023274971172213554
0.40516626834869385 0.5277963876724243 0.030762555077672005
0.4646291434764862 0.5249969959259033 0.04345426708459854
0.4797373414039612 0.5663246512413025 0.04050268977880478
0.4712808132171631 0.6038601994514465 0.03394921123981476
0.37358367443084717 0.560352623462677 0.034319858998060226
0.4266398549079895 0.5472080111503601 0.045117832720279694
0.4388251006603241 0.5796158313751221 0.05186769738793373
0.43262991309165955 0.6091204285621643 0.05530431866645813
