Leon_image_spock_43.jpg
0.6156079173088074 0.8859774470329285 2.5962168592741364e-07
0.5640789270401001 0.812395453453064 0.007691826205700636
0.5394967794418335 0.7268068790435791 0.00862567313015461
0.5312337875366211 0.6478539705276489 0.008424284867942333
0.5176362991333008 0.5917019248008728 0.008648351766169071
0.6112408638000488 0.6373518705368042 0.007733941078186035
0.6337782740592957 0.5348169803619385 0.010762110352516174
0.6501639485359192 0.4877954423427582 0.013196290470659733
0.662796139717102 0.4498336613178253 0.015109453350305557
0.6547553539276123 0.6519489884376526 0.0004365354834590107
0.6815859079360962 0.5439635515213013 0.0043103862553834915
0.6968908309936523 0.49257031083106995 0.0047979881055653095
0.7090777158737183 0.4550538957118988 0.0045787435956299305
0.6918644309043884 0.6846184730529785 -0.006371077615767717
0.7358513474464417 0.6102846264839172 -0.006117390468716621
0.7679105401039124 0.5688295364379883 -0.00867860671132803
0.7904713153839111 0.5359767079353333 -0.010698278434574604
0.72177654504776 0.72514408826828 -0.011582828126847744
0.7566831111907959 0.6565530896186829 -0.00879129208624363
0.7773699760437012 0.6197728514671326 -0.0036200187169015408
0.7934245467185974 0.5855274796485901 0.00035288988146930933
