Leon_image_three_23.jpg
0.2747277617454529 0.8840141296386719 8.52355299230112e-07
0.36878231167793274 0.8021091222763062 -0.028274349868297577
0.4446229040622711 0.6746255159378052 -0.03653612360358238
0.49211767315864563 0.5714865922927856 -0.048129286617040634
0.5264669060707092 0.4930768609046936 -0.057875242084264755
0.3646308481693268 0.5332802534103394 -0.00692590419203043
0.3759959638118744 0.391754686832428 -0.032416537404060364
0.37895068526268005 0.3078046143054962 -0.048603806644678116
0.3810306191444397 0.2344965636730194 -0.058764245361089706
0.3039586842060089 0.5344735383987427 -0.018195239827036858
0.2907235324382782 0.3609309196472168 -0.0551171712577343
0.2838272452354431 0.2559890151023865 -0.07829130440950394
0.27582716941833496 0.16967085003852844 -0.08811861276626587
0.24622872471809387 0.5719904899597168 -0.03383736312389374
0.2449803203344345 0.4448223412036896 -0.10179752111434937
0.27679723501205444 0.5433486104011536 -0.1084996908903122
0.2960587441921234 0.6271905303001404 -0.09143588691949844
0.194639652967453 0.6365861892700195 -0.050485335290431976
0.2131175994873047 0.5660130977630615 -0.11331786215305328
0.24998635053634644 0.6382288336753845 -0.11570649594068527
0.2704504728317261 0.7065542340278625 -0.10035278648138046
