Leon_image_three_100.jpg
0.4442002773284912 1.0234253406524658 6.256991582631599e-07
0.5185112357139587 0.9852207899093628 -0.026565836742520332
0.5753887295722961 0.9147197008132935 -0.038037363439798355
0.6142505407333374 0.851992666721344 -0.05526435747742653
0.6409478187561035 0.8004689812660217 -0.07087000459432602
0.5428937673568726 0.7621257901191711 0.005941662937402725
0.5707921385765076 0.6461379528045654 -0.01992904022336006
0.5869253277778625 0.5844265222549438 -0.03756161034107208
0.6038282513618469 0.5302249193191528 -0.04742776229977608
0.5018230080604553 0.7422847151756287 -0.002308050636202097
0.5298793315887451 0.6038513779640198 -0.038643356412649155
0.5603649020195007 0.5276286602020264 -0.06195243448019028
0.5876412391662598 0.46460020542144775 -0.07153758406639099
0.45152193307876587 0.7432994246482849 -0.016951069235801697
0.48999902606010437 0.6552183032035828 -0.08111923187971115
0.5026029348373413 0.7575360536575317 -0.09289885312318802
0.49943065643310547 0.8442634344100952 -0.07952391356229782
0.3984338641166687 0.764589250087738 -0.032073166221380234
0.44534075260162354 0.7025543451309204 -0.08282539248466492
0.4649046063423157 0.7772925496101379 -0.08229630440473557
0.4622842073440552 0.8501391410827637 -0.06811508536338806
