Leon_image_zero_44.jpg
0.48298752307891846 0.8447482585906982 -8.594988685217686e-07
0.3877815902233124 0.8432371020317078 -0.04095686599612236
0.28345438838005066 0.7909852266311646 -0.06397858262062073
0.2502666413784027 0.6808823347091675 -0.08882642537355423
0.2954786419868469 0.5925763845443726 -0.10399658232927322
0.255571573972702 0.6542446613311768 -0.0011944465804845095
0.20793263614177704 0.5781252980232239 -0.06086026877164841
0.2505091428756714 0.6704687476158142 -0.0887618139386177
0.27445393800735474 0.694427490234375 -0.09998702257871628
0.3109491765499115 0.6120591163635254 -0.007860507816076279
0.2698371708393097 0.5372699499130249 -0.06973785161972046
0.31144198775291443 0.6475666165351868 -0.07605477422475815
0.32825911045074463 0.6619263887405396 -0.06445515155792236
0.37155991792678833 0.5828701257705688 -0.02748972177505493
0.3406498432159424 0.5243900418281555 -0.0849129930138588
0.37285223603248596 0.6391730904579163 -0.06293170899152756
0.3828505873680115 0.6576136350631714 -0.032582711428403854
0.4395197629928589 0.5622274875640869 -0.05245421081781387
0.4036642909049988 0.5384112596511841 -0.07671083509922028
0.42115771770477295 0.62602698802948 -0.05527905374765396
0.43193745613098145 0.6460426449775696 -0.03227095678448677
