Leon_image_spock_9.jpg
0.5071303248405457 0.8493064641952515 1.0739380229551898e-07
0.5838253498077393 0.8081147074699402 0.08369650691747665
0.6122209429740906 0.7410620450973511 0.1296669989824295
0.6285196542739868 0.6965654492378235 0.15206651389598846
0.6436841487884521 0.6517685055732727 0.17148028314113617
0.59173184633255 0.621625542640686 0.1560954749584198
0.6274754405021667 0.5361558198928833 0.19082330167293549
0.6514074206352234 0.4811903238296509 0.19959980249404907
0.6711442470550537 0.43017029762268066 0.19944491982460022
0.5848033428192139 0.6011795401573181 0.10661491006612778
0.6237857341766357 0.5076043009757996 0.1402401626110077
0.6528046131134033 0.44351527094841003 0.13809582591056824
0.676226794719696 0.3926736116409302 0.13043993711471558
0.5808299779891968 0.5902944207191467 0.05606446415185928
0.6213797926902771 0.4976383447647095 0.08326484262943268
0.6514577865600586 0.4433082342147827 0.08522879332304001
0.6746966242790222 0.3958243131637573 0.07921238988637924
0.5836038589477539 0.5900232195854187 0.00863802433013916
0.6213468909263611 0.5109688639640808 0.028142688795924187
0.6453170776367188 0.46388518810272217 0.036887191236019135
0.6650747656822205 0.4217289686203003 0.03825220838189125
