Leon_image_five_37.jpg
0.38755518198013306 0.7773762941360474 3.8975625216153276e-07
0.3314708471298218 0.7044013738632202 0.02125478908419609
0.29946428537368774 0.6218255758285522 0.021087344735860825
0.2802155613899231 0.5451966524124146 0.015761153772473335
0.2563442587852478 0.4879281520843506 0.009896478615701199
0.3439948558807373 0.5146275162696838 0.001819862867705524
0.36163651943206787 0.37460362911224365 -0.006515007931739092
0.3872626721858978 0.3191419839859009 -0.008535578846931458
0.41034215688705444 0.28844648599624634 -0.007123751100152731
0.38437238335609436 0.5137254595756531 -0.016059592366218567
0.4147474765777588 0.3666427731513977 -0.01891646720468998
0.4432193338871002 0.30593061447143555 -0.016102418303489685
0.468869686126709 0.2745498716831207 -0.013555319048464298
0.4257778823375702 0.5304344892501831 -0.03258337825536728
0.4602936804294586 0.39490967988967896 -0.03053581342101097
0.48728302121162415 0.33873093128204346 -0.024362878873944283
0.5078461766242981 0.30381256341934204 -0.021837569773197174
0.46925684809684753 0.5642516016960144 -0.04774799570441246
0.5054335594177246 0.46505206823349 -0.0402204766869545
0.5230210423469543 0.41122740507125854 -0.030471937730908394
0.5344643592834473 0.3695860505104065 -0.02402198500931263
