Leon_image_spock_3.jpg
0.39642590284347534 0.8389590382575989 3.4551874250610126e-07
0.4663138687610626 0.83650141954422 -0.014113787561655045
0.5334237217903137 0.8042299151420593 -0.01738334447145462
0.5872129201889038 0.7746272683143616 -0.02034669928252697
0.6264365911483765 0.7518812417984009 -0.022460974752902985
0.5253931283950806 0.6958389282226562 -0.0022683076094835997
0.5658994317054749 0.6213133335113525 -0.0068374392576515675
0.5839128494262695 0.5795427560806274 -0.011172167025506496
0.5973536372184753 0.5431370735168457 -0.014781801961362362
0.49283716082572937 0.6691811084747314 -0.004282435402274132
0.5367434024810791 0.592889666557312 -0.00894993171095848
0.5607930421829224 0.5475718379020691 -0.01752110943198204
0.5763208270072937 0.511285662651062 -0.023905478417873383
0.45637208223342896 0.6567191481590271 -0.008842241950333118
0.4708217680454254 0.5747866630554199 -0.018574297428131104
0.47582322359085083 0.5207364559173584 -0.029280560091137886
0.47786036133766174 0.4798872470855713 -0.03602804243564606
0.4187570810317993 0.6548731327056885 -0.014695162884891033
0.4297330975532532 0.5837901830673218 -0.024894893169403076
0.4353446364402771 0.5357103943824768 -0.03069368004798889
0.4428347945213318 0.49368008971214294 -0.03406976908445358
