Leon_image_three_24.jpg
0.2715180218219757 0.8906989097595215 8.123773795887246e-07
0.3670963644981384 0.8083268404006958 -0.029075531288981438
0.440398633480072 0.6760829091072083 -0.03732674941420555
0.4910736680030823 0.5683636665344238 -0.04973225295543671
0.5275865197181702 0.48847711086273193 -0.06069629266858101
0.3569100499153137 0.5300081372261047 -0.0069914162158966064
0.371255487203598 0.38755157589912415 -0.03303162381052971
0.3742852807044983 0.3030824661254883 -0.05072728171944618
0.378280371427536 0.22779574990272522 -0.06283693760633469
0.29628700017929077 0.5336512923240662 -0.018584515899419785
0.28452205657958984 0.3625395894050598 -0.058851536363363266
0.2774169445037842 0.2517104744911194 -0.08722785115242004
0.27062636613845825 0.1579541563987732 -0.1016518846154213
0.23846065998077393 0.5752521753311157 -0.03422433137893677
0.23950478434562683 0.44646620750427246 -0.10319998115301132
0.2740733027458191 0.5387460589408875 -0.1113850548863411
0.2950841188430786 0.6211649775505066 -0.09627973288297653
0.18761087954044342 0.6422645449638367 -0.051043715327978134
0.20844252407550812 0.5638653039932251 -0.11240651458501816
0.24652382731437683 0.6350783705711365 -0.11396367102861404
0.26743796467781067 0.7057870626449585 -0.09919670224189758
