Leon_image_three_60.jpg
0.280057430267334 0.9602587819099426 5.33822287707153e-07
0.2493399679660797 0.8555890321731567 0.023541884496808052
0.24775256216526031 0.7574813365936279 0.02435983717441559
0.24772538244724274 0.6886523962020874 0.01660093292593956
0.23340579867362976 0.6461598873138428 0.008013136684894562
0.29060354828834534 0.659189760684967 0.005874925293028355
0.32808738946914673 0.5314182043075562 0.0007229465991258621
0.3610564172267914 0.47203153371810913 0.000612385687418282
0.3902212679386139 0.4330410063266754 0.002223903313279152
0.3399822413921356 0.6774155497550964 -0.014880141243338585
0.41735395789146423 0.5905247330665588 -0.014041762799024582
0.4607815146446228 0.5494094491004944 -0.013711297884583473
0.4908665418624878 0.5234929323196411 -0.013620502315461636
0.38036757707595825 0.716493546962738 -0.03294617310166359
0.4279553294181824 0.6995579600334167 -0.024944454431533813
0.41411325335502625 0.7385271787643433 -0.01585974171757698
0.3953187167644501 0.7702125906944275 -0.010847759433090687
0.41516169905662537 0.7635186314582825 -0.050446975976228714
0.4353051781654358 0.7667675614356995 -0.03689706325531006
0.421791672706604 0.7969298362731934 -0.02103269472718239
0.4053384065628052 0.8214007616043091 -0.008890141732990742
