Leon_image_five_61.jpg
0.7865289449691772 0.7256588339805603 3.278311169196968e-07
0.7222059965133667 0.6560382843017578 -0.003933374769985676
0.691769003868103 0.5665684938430786 -0.012610508129000664
0.6815406084060669 0.48914334177970886 -0.020898183807730675
0.6657162308692932 0.4290506839752197 -0.02795376069843769
0.7717946767807007 0.4844980835914612 -0.01626480557024479
0.7868807315826416 0.3787457346916199 -0.02578098513185978
0.8073042631149292 0.3325648903846741 -0.028642915189266205
0.8267671465873718 0.3133997917175293 -0.028079302981495857
0.827965259552002 0.4983806908130646 -0.022241031751036644
0.8584280610084534 0.38271448016166687 -0.025851476937532425
0.8809317946434021 0.331717848777771 -0.02446781098842621
0.898766040802002 0.31127268075942993 -0.02171104960143566
0.8750758171081543 0.529547393321991 -0.028495077043771744
0.9085699319839478 0.42817574739456177 -0.03105352260172367
0.9277799129486084 0.3842219412326813 -0.02726740762591362
0.9386973977088928 0.35992977023124695 -0.023774191737174988
0.9139684438705444 0.5756269693374634 -0.03479936718940735
0.947502613067627 0.5017064809799194 -0.03405749797821045
0.9616711735725403 0.46302974224090576 -0.025821734219789505
0.9668172597885132 0.4359721839427948 -0.017666442319750786
