Leon_image_one_16.jpg
0.6894879341125488 0.8968789577484131 -8.546343224224984e-07
0.6054473519325256 0.795282781124115 -0.006830235011875629
0.5666908025741577 0.6776193976402283 -0.018721863627433777
0.5481137037277222 0.5813471078872681 -0.03255797177553177
0.531761646270752 0.4966500401496887 -0.04070580378174782
0.6493152976036072 0.5679588913917542 -0.025202538818120956
0.5405983328819275 0.5759813785552979 -0.05710609629750252
0.5346748232841492 0.6531826257705688 -0.06302286684513092
0.5590255856513977 0.6853911280632019 -0.06274233758449554
0.6837548613548279 0.5998616814613342 -0.04054452106356621
0.5587309002876282 0.637734055519104 -0.07044658064842224
0.5593098402023315 0.7175620794296265 -0.06257380545139313
0.5876762270927429 0.7350969910621643 -0.05441183224320412
0.7056478261947632 0.6539230942726135 -0.059415098279714584
0.5843174457550049 0.6940427422523499 -0.08657986670732498
0.5836495757102966 0.7649524807929993 -0.06530530750751495
0.6103969812393188 0.7806761264801025 -0.048778366297483444
0.7172600626945496 0.7197364568710327 -0.0801393911242485
0.6191679835319519 0.7514171004295349 -0.09945669770240784
0.607386589050293 0.7959327697753906 -0.09136419743299484
0.6238475441932678 0.8080762028694153 -0.08177204430103302
