Leon_image_four_14.jpg
0.41305115818977356 0.9280301332473755 7.691620567129576e-07
0.47051385045051575 0.8470199108123779 -0.00514154601842165
0.49880778789520264 0.7494507431983948 -0.006822253577411175
0.5156136751174927 0.661777675151825 -0.007782775908708572
0.5370026230812073 0.6047999262809753 -0.007819063030183315
0.40928515791893005 0.6322883367538452 0.0051088351756334305
0.393337219953537 0.5090492367744446 0.011097436770796776
0.38424617052078247 0.4466930329799652 0.011748261749744415
0.3730887174606323 0.399662047624588 0.01284311804920435
0.3574793040752411 0.6483135223388672 0.006341232918202877
0.3338514566421509 0.5167974829673767 0.021287953481078148
0.3196641206741333 0.44918617606163025 0.02602383680641651
0.3052828311920166 0.4067557454109192 0.02784881182014942
0.31553736329078674 0.6862413287162781 0.007327082101255655
0.2937428653240204 0.5867218971252441 0.021609583869576454
0.2851752042770386 0.5432620048522949 0.023101696744561195
0.2786709666252136 0.5218006372451782 0.021729055792093277
0.2823154628276825 0.7348172664642334 0.007283184211701155
0.26735711097717285 0.6724814176559448 0.02284039370715618
0.2697576880455017 0.6605237126350403 0.03533682972192764
0.2729194760322571 0.6674731969833374 0.04428320750594139
