Leon_image_three_90.jpg
0.48511096835136414 0.9728450775146484 5.655392101289181e-07
0.5823137164115906 0.927039623260498 -0.018942533060908318
0.6601226329803467 0.8422825932502747 -0.023470725864171982
0.7205963134765625 0.7794708609580994 -0.034913163632154465
0.7643676996231079 0.7450932264328003 -0.046286847442388535
0.60956209897995 0.7009935975074768 0.012675358913838863
0.6453531384468079 0.5896194577217102 -0.005643906537443399
0.6651911735534668 0.5223739743232727 -0.020205182954669
0.6830984950065613 0.4616035521030426 -0.02977169118821621
0.5675762891769409 0.6777744889259338 0.0008526205783709884
0.5899432897567749 0.5261841416358948 -0.02720346488058567
0.6135666966438293 0.4410971999168396 -0.04600979760289192
0.6339360475540161 0.37326332926750183 -0.05412159115076065
0.5178961753845215 0.6806824803352356 -0.015900252386927605
0.5592464804649353 0.5746302604675293 -0.07130299508571625
0.572056233882904 0.670646607875824 -0.07813064754009247
0.5684503316879272 0.7485855221748352 -0.06437797099351883
0.467160701751709 0.7029271721839905 -0.033477943390607834
0.5124340057373047 0.6354026198387146 -0.07846904546022415
0.5310198068618774 0.7086483240127563 -0.0751129761338234
0.5300125479698181 0.7773396372795105 -0.06059074401855469
