Leon_image_spock_17.jpg
0.5808106064796448 0.7676374912261963 2.429913479318202e-07
0.5298557877540588 0.6988783478736877 0.012107490561902523
0.5080737471580505 0.6241885423660278 0.0113283796235919
0.5008708238601685 0.5507593154907227 0.008519132621586323
0.4876008629798889 0.4965529143810272 0.006062992382794619
0.5796476006507874 0.5342005491256714 0.005439950618892908
0.6043612957000732 0.43572866916656494 0.006040539126843214
0.6215971112251282 0.38895589113235474 0.008284510113298893
0.6349756717681885 0.3535877764225006 0.010434256866574287
0.6219882965087891 0.5448532700538635 -0.004435334354639053
0.6483810544013977 0.4383738040924072 -0.005411812569946051
0.66404128074646 0.3856102526187897 -0.005442957393825054
0.6760516166687012 0.3473854064941406 -0.004788736347109079
0.6599025726318359 0.5749639272689819 -0.012822204269468784
0.708433985710144 0.4990994334220886 -0.014829631894826889
0.7410080432891846 0.4573322534561157 -0.014861900359392166
0.7620481252670288 0.4249041974544525 -0.014134855009615421
0.6889461874961853 0.6166998147964478 -0.01905379630625248
0.7261914610862732 0.5507338643074036 -0.015711575746536255
0.7461080551147461 0.5144404768943787 -0.007953806780278683
0.7597910165786743 0.48317018151283264 -0.0014430918963626027
