Leon_image_two_44.jpg
0.681851863861084 0.9192872643470764 -4.3154017248525633e-07
0.5917949676513672 0.8025752305984497 0.014509417116641998
0.5469951629638672 0.6594633460044861 0.015223867259919643
0.5182243585586548 0.5422317385673523 0.011173469014465809
0.48728710412979126 0.46618232131004333 0.005440303590148687
0.636213481426239 0.5329931974411011 0.009934338741004467
0.6801964044570923 0.42061465978622437 0.02159040793776512
0.7100843191146851 0.36293575167655945 0.02412402629852295
0.7355139255523682 0.3197564482688904 0.020746061578392982
0.7108309268951416 0.5398574471473694 -0.00022714061196893454
0.7159335017204285 0.5491496324539185 0.01841968297958374
0.6980026364326477 0.6001850962638855 0.02387603372335434
0.6871131658554077 0.6396225094795227 0.020441822707653046
0.7741267681121826 0.5911186933517456 -0.007103263400495052
0.7607579231262207 0.5958545207977295 0.009517071768641472
0.7458035945892334 0.6387873888015747 0.019130103290081024
0.7336042523384094 0.6809327006340027 0.017151929438114166
0.827369213104248 0.6480522155761719 -0.012935061939060688
0.8115352392196655 0.6530525088310242 0.0029775984585285187
0.7966939210891724 0.6911695003509521 0.018160568550229073
0.7861498594284058 0.7309994697570801 0.027092870324850082
