Leon_image_two_46.jpg
0.721664547920227 0.902482271194458 -4.316045476571162e-07
0.6311083436012268 0.7919816374778748 0.011967267841100693
0.5817514657974243 0.6543100476264954 0.012600247748196125
0.5539699792861938 0.5406625866889954 0.008947689086198807
0.5195668339729309 0.4699152708053589 0.004059141036123037
0.6727466583251953 0.520851194858551 0.010018984787166119
0.7166082262992859 0.41156917810440063 0.022360213100910187
0.7445060610771179 0.3566734194755554 0.02521497569978237
0.7661001086235046 0.3194328546524048 0.02180926501750946
0.7449349761009216 0.5244975090026855 0.0009926788043230772
0.7573891282081604 0.547861635684967 0.01669268310070038
0.7412072420120239 0.6043741106987 0.0192330963909626
0.7267229557037354 0.6461073756217957 0.014781150035560131
0.8066002130508423 0.573540449142456 -0.004901880864053965
0.7998006939888 0.5983979105949402 0.009289485402405262
0.7856690287590027 0.6431024670600891 0.01608872041106224
0.769978404045105 0.6820390820503235 0.013244008645415306
0.8585157990455627 0.6306084990501404 -0.009921014308929443
0.8473147749900818 0.6503452658653259 0.003791996743530035
0.8317117691040039 0.6881316304206848 0.016348466277122498
0.8180459141731262 0.7245187163352966 0.023932266980409622
