Leon_image_zero_5.jpg
0.6813830137252808 0.7949805855751038 -1.0507806109671947e-06
0.5813539028167725 0.8034223914146423 -0.03514997661113739
0.4678850471973419 0.7282086610794067 -0.048458732664585114
0.4326076805591583 0.5957459807395935 -0.06432971358299255
0.4759855568408966 0.492621511220932 -0.06832163035869598
0.45026132464408875 0.5867317914962769 0.020308928564190865
0.40019938349723816 0.49320515990257263 -0.03766331449151039
0.4438413083553314 0.59384685754776 -0.061458341777324677
0.4735395014286041 0.6173926591873169 -0.06805359572172165
0.5124889612197876 0.5445773601531982 0.01594543270766735
0.4641251564025879 0.45145243406295776 -0.04729662463068962
0.5077618360519409 0.585172176361084 -0.0517415851354599
0.5346264839172363 0.5953890681266785 -0.03265254572033882
0.5777267217636108 0.5222353935241699 -0.0021323906257748604
0.5390971899032593 0.4421696066856384 -0.06677907705307007
0.5707376003265381 0.5791710019111633 -0.04337983578443527
0.5970534086227417 0.5938350558280945 -0.004374274518340826
0.6552209258079529 0.503111720085144 -0.024013914167881012
0.608810544013977 0.46195560693740845 -0.055174801498651505
0.6229513883590698 0.5546616911888123 -0.03362574055790901
0.6448492407798767 0.5704448819160461 -0.0048584830947220325
