Leon_image_spock_47.jpg
0.5494665503501892 0.8251323699951172 2.059297372625224e-07
0.5060012340545654 0.7564811706542969 0.02036135457456112
0.48970112204551697 0.6875240206718445 0.026058293879032135
0.4851892590522766 0.6217780709266663 0.02794967032968998
0.4750041663646698 0.574242353439331 0.029641704633831978
0.5544160604476929 0.6135948896408081 0.020614610984921455
0.579296886920929 0.5223853588104248 0.026263317093253136
0.59592205286026 0.4817845821380615 0.031642232090234756
0.6085768342018127 0.44913581013679504 0.035925496369600296
0.5933295488357544 0.6218265295028687 0.009568370878696442
0.6175940036773682 0.5217496156692505 0.011337429285049438
0.6299209594726562 0.47260749340057373 0.013453899882733822
0.6390069127082825 0.43496131896972656 0.016257118433713913
0.6274217963218689 0.6485386490821838 0.0002653603150974959
0.6701558232307434 0.5758868455886841 0.0010200648102909327
0.6992413997650146 0.5377808809280396 0.004025326110422611
0.7184355854988098 0.5081108212471008 0.007423202507197857
0.6531569361686707 0.6862022876739502 -0.006510300561785698
0.6868051886558533 0.6216222047805786 -0.0005564292659983039
0.7043670415878296 0.5895277857780457 0.009072442539036274
0.7178258895874023 0.562519907951355 0.017199501395225525
