Leon_image_one_64.jpg
0.5645231604576111 0.8875821828842163 -6.145572797322529e-07
0.4728400707244873 0.8321274518966675 -0.010139808990061283
0.3637103736400604 0.7814786434173584 -0.026064738631248474
0.2796264588832855 0.7390598058700562 -0.04133380949497223
0.2201204150915146 0.6780605912208557 -0.054935965687036514
0.33902475237846375 0.74161297082901 -0.052751049399375916
0.23078644275665283 0.8783372640609741 -0.09147252887487411
0.26296624541282654 0.9235220551490784 -0.10347580164670944
0.29817378520965576 0.9050503373146057 -0.10789766162633896
0.38536888360977173 0.7769336700439453 -0.06438912451267242
0.2718501687049866 0.9494096040725708 -0.1001981869339943
0.30440834164619446 0.9708830714225769 -0.09656035900115967
0.33530691266059875 0.9395694136619568 -0.09516198933124542
0.43293431401252747 0.8332800269126892 -0.07788916677236557
0.3273213505744934 0.9918271899223328 -0.11673873662948608
0.3574771285057068 1.01716148853302 -0.10098113119602203
0.38626018166542053 0.9958983659744263 -0.08790107071399689
0.475888729095459 0.898537278175354 -0.09108085185289383
0.3916783928871155 1.0190510749816895 -0.12480208277702332
0.4103904068470001 1.0362253189086914 -0.12311408668756485
0.4343346655368805 1.0175179243087769 -0.11772402375936508
