Leon_image_spock_87.jpg
0.4867662191390991 0.9069103002548218 5.488399210662465e-07
0.5655773282051086 0.9064960479736328 -0.028507156297564507
0.6427873373031616 0.8530645966529846 -0.038024768233299255
0.6993563771247864 0.8013978004455566 -0.04494274780154228
0.7441543936729431 0.7702358961105347 -0.05167210102081299
0.6268454790115356 0.712416410446167 -0.025218166410923004
0.6741018891334534 0.6190977096557617 -0.044074274599552155
0.6999232769012451 0.5592052936553955 -0.058368172496557236
0.719819188117981 0.5057724118232727 -0.06863319873809814
0.5871372818946838 0.6773294806480408 -0.024848146364092827
0.6360824108123779 0.5778153538703918 -0.04310901463031769
0.666815996170044 0.5154761672019958 -0.058269623667001724
0.6890560984611511 0.46513691544532776 -0.06822415441274643
0.5428493618965149 0.6631113290786743 -0.02794679068028927
0.5686191320419312 0.5561162233352661 -0.04802262783050537
0.5871332883834839 0.48869603872299194 -0.06290867179632187
0.6014971137046814 0.43725061416625977 -0.07143864035606384
0.4972072243690491 0.6675277948379517 -0.03346610441803932
0.5170714259147644 0.5781803727149963 -0.05164966359734535
0.5325235724449158 0.5229063630104065 -0.060830097645521164
0.5475918054580688 0.47753190994262695 -0.06558307260274887
