Leon_image_three_55.jpg
0.31987839937210083 0.9641582369804382 5.410756784840487e-07
0.27340105175971985 0.860489010810852 0.0314619243144989
0.25643232464790344 0.7487568855285645 0.03634108230471611
0.24528643488883972 0.6515495181083679 0.030770495533943176
0.21843476593494415 0.5893694758415222 0.024293437600135803
0.31299880146980286 0.6330037117004395 0.023132897913455963
0.35334378480911255 0.500881552696228 0.026437455788254738
0.38625243306159973 0.4379889965057373 0.03110405243933201
0.41264715790748596 0.3971436321735382 0.03535625711083412
0.3630058467388153 0.6455811858177185 0.0010112450690940022
0.45358526706695557 0.5566081404685974 0.009612970054149628
0.49989843368530273 0.5171703100204468 0.014458395540714264
0.529893696308136 0.48965901136398315 0.017045428976416588
0.40801259875297546 0.6832692623138428 -0.018529508262872696
0.46771612763404846 0.6687796711921692 -0.005064110737293959
0.4643971920013428 0.7135578989982605 0.00428789434954524
0.4496192932128906 0.7508573532104492 0.008645991794764996
0.4487626254558563 0.730817973613739 -0.03687942028045654
0.4875987768173218 0.7366446256637573 -0.019756484776735306
0.48267388343811035 0.7688058614730835 -0.004948345012962818
0.4702088534832001 0.7960492968559265 0.006029917858541012
