Leon_image_three_91.jpg
0.47758421301841736 0.9647514820098877 6.585794380953303e-07
0.5748036503791809 0.9262189865112305 -0.021503230556845665
0.6515938639640808 0.8500168323516846 -0.025057345628738403
0.7113391160964966 0.7873024344444275 -0.03452545031905174
0.7536709308624268 0.7464473843574524 -0.04276484623551369
0.6030169725418091 0.711381196975708 0.011066780425608158
0.6399573087692261 0.5956816673278809 -0.008715399540960789
0.6583060622215271 0.5271632671356201 -0.02239091508090496
0.6749250292778015 0.46551719307899475 -0.03186716139316559
0.5601513981819153 0.6885924935340881 0.0002410938177490607
0.5850684642791748 0.5358958840370178 -0.03415106609463692
0.6078022122383118 0.4485781490802765 -0.05630483105778694
0.6268425583839417 0.37838974595069885 -0.06641756743192673
0.5116558074951172 0.6922110319137573 -0.015709757804870605
0.5511470437049866 0.5740716457366943 -0.07901201397180557
0.5644339919090271 0.6739189028739929 -0.087099090218544
0.5622804164886475 0.7564848065376282 -0.07245326787233353
0.46221935749053955 0.715859591960907 -0.03246210515499115
0.5070413947105408 0.6438707113265991 -0.08839236944913864
0.5251855254173279 0.71555095911026 -0.09130173921585083
0.5217471122741699 0.7843635678291321 -0.0792691558599472
