Leon_image_three_53.jpg
0.3540968894958496 0.982823371887207 5.179049367143307e-07
0.3075428009033203 0.8684485554695129 0.034338586032390594
0.29378896951675415 0.7517079710960388 0.04143102839589119
0.2868165969848633 0.6504217386245728 0.03727451339364052
0.2651205062866211 0.5816158056259155 0.033309631049633026
0.35074204206466675 0.6347734928131104 0.03463438153266907
0.3934394419193268 0.5019506216049194 0.04010632634162903
0.42791515588760376 0.4413961172103882 0.04413365200161934
0.45662522315979004 0.39916738867759705 0.04765902832150459
0.4011440575122833 0.6465089321136475 0.010506927967071533
0.4962570369243622 0.5613923668861389 0.021716082468628883
0.5469474792480469 0.517518162727356 0.026345226913690567
0.5784339904785156 0.4864620864391327 0.028162885457277298
0.4464264214038849 0.6854100227355957 -0.011844039894640446
0.5082186460494995 0.6685250401496887 0.0038459396455436945
0.5011731386184692 0.7142349481582642 0.014559118077158928
0.48173627257347107 0.7522352337837219 0.01968230865895748
0.48967692255973816 0.7374266982078552 -0.033170461654663086
0.5339498519897461 0.732812225818634 -0.013577609322965145
0.5271997451782227 0.7627124786376953 0.003278869902715087
0.5117394328117371 0.7904247045516968 0.015352314338088036
