Leon_image_four_21.jpg
0.6951026916503906 0.9427542090415955 3.480701309399592e-07
0.727525532245636 0.8625674247741699 0.024875454604625702
0.7330822348594666 0.7759335041046143 0.03410622850060463
0.7383822798728943 0.7076480984687805 0.03708755224943161
0.7619252800941467 0.6633449792861938 0.038377128541469574
0.6815088987350464 0.661230206489563 0.021613460034132004
0.6612414121627808 0.5421635508537292 0.023458324372768402
0.6456523537635803 0.477466344833374 0.02515537105500698
0.6308687329292297 0.42781007289886475 0.02651766687631607
0.6427518129348755 0.6709920763969421 0.005797377321869135
0.6100927591323853 0.5474354028701782 0.006851228419691324
0.5872570872306824 0.4819102883338928 0.007595924660563469
0.5675407648086548 0.4344116747379303 0.008858632296323776
0.6034591197967529 0.7018269300460815 -0.0078011779114604
0.5613031387329102 0.6072741746902466 -0.006442411337047815
0.5353754162788391 0.5636855363845825 -0.006632133387029171
0.5157229900360107 0.5371624231338501 -0.0064374953508377075
0.5657108426094055 0.7510762810707092 -0.01918196864426136
0.5365580320358276 0.6850711107254028 -0.011062479577958584
0.5311396718025208 0.678443431854248 0.0007773842662572861
0.52978515625 0.686193585395813 0.010143487714231014
