Leon_image_three_2.jpg
0.38668322563171387 0.991166353225708 5.78598474021419e-07
0.48605912923812866 0.9398646354675293 -0.028233768418431282
0.5642446279525757 0.8144159913063049 -0.030386952683329582
0.612713634967804 0.7103075385093689 -0.03587827458977699
0.6521955728530884 0.6461058855056763 -0.04044584929943085
0.514297604560852 0.6735070943832397 -0.0034912428818643093
0.5476976633071899 0.5342729091644287 -0.024684565141797066
0.560233473777771 0.4525735378265381 -0.03610048443078995
0.5696954727172852 0.38717252016067505 -0.04231074079871178
0.44939279556274414 0.6653611063957214 -0.010950415395200253
0.4476700723171234 0.5000520348548889 -0.04489009082317352
0.44878020882606506 0.40422889590263367 -0.06426643580198288
0.4486554265022278 0.32865840196609497 -0.07022456079721451
0.38907521963119507 0.6924828886985779 -0.022940410301089287
0.3943864703178406 0.5817185640335083 -0.08846963196992874
0.41242456436157227 0.6886551380157471 -0.09604964405298233
0.41993415355682373 0.7776667475700378 -0.07897128909826279
0.3348119258880615 0.7421097755432129 -0.03577334061264992
0.3498934209346771 0.6865959763526917 -0.09359584748744965
0.3703165650367737 0.7655680775642395 -0.09526851773262024
0.3807382583618164 0.8375955820083618 -0.08003401011228561
