Leon_image_three_61.jpg
0.3025009334087372 0.9552097916603088 6.181025469231827e-07
0.2624783515930176 0.8537384271621704 0.02483285777270794
0.24980401992797852 0.748765230178833 0.029135270044207573
0.2391032874584198 0.6692106127738953 0.024605603888630867
0.21647410094738007 0.62355637550354 0.019228532910346985
0.3025546073913574 0.6498047709465027 0.014025713317096233
0.3387719690799713 0.5256520509719849 0.013130213133990765
0.370017945766449 0.4664207994937897 0.014992124401032925
0.39762863516807556 0.4247415363788605 0.01759251020848751
0.35160863399505615 0.6649515628814697 -0.005512871779501438
0.42945152521133423 0.5803451538085938 -0.001706291688606143
0.473921000957489 0.5324249267578125 -0.0011024383129552007
0.5061629414558411 0.49992260336875916 -0.0007365979254245758
0.392467737197876 0.7030487060546875 -0.02259722724556923
0.43695491552352905 0.6914884448051453 -0.013448496349155903
0.4220432937145233 0.7329893112182617 -0.006132184062153101
0.403960645198822 0.767575740814209 -0.001488720066845417
0.42742598056793213 0.7499945163726807 -0.038814935833215714
0.44779732823371887 0.7563049793243408 -0.02530810236930847
0.4338364899158478 0.787662923336029 -0.01119550783187151
0.41924333572387695 0.8130245804786682 0.00022343678574543446
