Leon_image_three_26.jpg
0.3185310661792755 0.9171707630157471 1.2480734312703134e-06
0.3984220623970032 0.8191404342651367 -0.007493865676224232
0.4471302032470703 0.7032643556594849 -0.02362460270524025
0.4771220088005066 0.6164218187332153 -0.051527239382267
0.5024399757385254 0.5376092195510864 -0.07491982728242874
0.3650752902030945 0.5114842057228088 0.010919380001723766
0.41612929105758667 0.3747296929359436 -0.03102227672934532
0.45239096879959106 0.2772074341773987 -0.05634104460477829
0.48086193203926086 0.19935262203216553 -0.06999962776899338
0.3169362246990204 0.5093905925750732 -0.016573896631598473
0.3816159963607788 0.35502320528030396 -0.06773539632558823
0.43623000383377075 0.26419559121131897 -0.08959341794252396
0.476794958114624 0.18941730260849 -0.094784215092659
0.27598443627357483 0.5337809324264526 -0.04962953180074692
0.40563276410102844 0.4745754301548004 -0.11402539908885956
0.42721104621887207 0.5996652841567993 -0.10419721901416779
0.41838064789772034 0.6898865699768066 -0.07693811506032944
0.2544282376766205 0.5857571959495544 -0.08520897477865219
0.37988007068634033 0.5821439027786255 -0.12856081128120422
0.3969123959541321 0.6729050874710083 -0.1170276403427124
0.3806254267692566 0.7357190251350403 -0.09522281587123871
