Leon_image_spock_25.jpg
0.37936699390411377 0.9150335788726807 4.3566348040258163e-07
0.3380683660507202 0.8372008800506592 0.009261328727006912
0.3204602897167206 0.7633692622184753 0.003283193800598383
0.3093983232975006 0.6989509463310242 -0.005847773049026728
0.2966955304145813 0.6471446752548218 -0.015799803659319878
0.37083882093429565 0.6689491271972656 -0.006649764254689217
0.3975237011909485 0.5598446726799011 -0.01699591986835003
0.41796159744262695 0.5025349855422974 -0.022234512493014336
0.43480733036994934 0.4601297378540039 -0.02448972687125206
0.4052240252494812 0.6788192391395569 -0.02243979647755623
0.4433126449584961 0.5610542893409729 -0.03219476342201233
0.4642995595932007 0.4958105683326721 -0.03762765973806381
0.4806618094444275 0.4452727138996124 -0.040127210319042206
0.4415911138057709 0.7063944935798645 -0.03735756129026413
0.49946579337120056 0.6116158962249756 -0.04573551565408707
0.5344774723052979 0.559661865234375 -0.04840043559670448
0.5590309500694275 0.5172825455665588 -0.049507103860378265
0.474479615688324 0.7500430345535278 -0.05093337595462799
0.5199698209762573 0.6755666732788086 -0.05313226208090782
0.5438780784606934 0.6344617605209351 -0.047350723296403885
0.5616298913955688 0.5972716212272644 -0.04206537827849388
