Leon_image_five_50.jpg
0.622480571269989 0.933075487613678 6.229576001715031e-07
0.541298508644104 0.8593603372573853 -0.014070694334805012
0.5015441179275513 0.7495432496070862 -0.02967025712132454
0.487993061542511 0.6450912356376648 -0.04213752970099449
0.46516066789627075 0.5657943487167358 -0.05450870841741562
0.5909585356712341 0.6609236598014832 -0.046252306550741196
0.6080955266952515 0.5119028687477112 -0.06548537313938141
0.6299023628234863 0.4355686902999878 -0.07163982838392258
0.6511828303337097 0.3905258774757385 -0.07216929644346237
0.654333770275116 0.6762030720710754 -0.05131106823682785
0.6882364153862 0.5127887725830078 -0.06325166672468185
0.7121450901031494 0.4321568012237549 -0.06382705271244049
0.7328864336013794 0.3885916769504547 -0.0620279535651207
0.7094616889953613 0.7093093991279602 -0.056035131216049194
0.7506340742111206 0.5654495358467102 -0.06616789847612381
0.7707546353340149 0.4980434775352478 -0.06390661001205444
0.7836620807647705 0.4553031921386719 -0.06102845072746277
0.7575180530548096 0.7566301226615906 -0.06096896156668663
0.7945234775543213 0.6486614942550659 -0.06852682679891586
0.8096309304237366 0.5908353328704834 -0.06295855343341827
0.8166751861572266 0.5451946258544922 -0.05600445717573166
