Leon_image_four_20.jpg
0.6482964158058167 0.9472317099571228 2.677057011624129e-07
0.6864522099494934 0.8619610667228699 0.021320166066288948
0.695067286491394 0.7698935270309448 0.029901623725891113
0.7004722952842712 0.6965480446815491 0.032500434666872025
0.72318434715271 0.6520627737045288 0.033186174929142
0.6392751336097717 0.6598500609397888 0.0183214470744133
0.619053840637207 0.5433942675590515 0.017158063128590584
0.6034340858459473 0.4809948205947876 0.01672118902206421
0.5899551510810852 0.43476736545562744 0.017372027039527893
0.5974879264831543 0.6681624054908752 0.002944780280813575
0.5647743940353394 0.5401153564453125 0.001429098192602396
0.5403069853782654 0.47385120391845703 0.0005863806582055986
0.5200719833374023 0.42765384912490845 0.0016979845240712166
0.5573835372924805 0.6975487470626831 -0.01055832952260971
0.5175588130950928 0.6015927791595459 -0.009821560233831406
0.49349215626716614 0.5563603639602661 -0.010252662934362888
0.4760935604572296 0.5283282995223999 -0.009909253567457199
0.5190738439559937 0.7479633688926697 -0.022438231855630875
0.49065202474594116 0.6836912631988525 -0.01383414026349783
0.48553839325904846 0.6707515716552734 -0.0016937743639573455
0.48479440808296204 0.672330915927887 0.007925423793494701
