Leon_image_one_100.jpg
0.6703744530677795 0.9242261052131653 -1.0063565696327714e-06
0.5672252178192139 0.8307473659515381 -0.0174651350826025
0.4941437840461731 0.7170049548149109 -0.0238450039178133
0.4541063606739044 0.6183416247367859 -0.0336696095764637
0.41920822858810425 0.5390716791152954 -0.037912286818027496
0.5565675497055054 0.5530591011047363 0.018151335418224335
0.5083593130111694 0.5757315754890442 -0.01928000897169113
0.5134517550468445 0.664486289024353 -0.04796665161848068
0.5243293642997742 0.7226361632347107 -0.061455052345991135
0.6169292330741882 0.5483463406562805 0.011684834025800228
0.5699213147163391 0.6005890369415283 -0.018827734515070915
0.5632694959640503 0.6953750848770142 -0.03447693586349487
0.5651406645774841 0.7451602816581726 -0.03870340436697006
0.6760463714599609 0.577090322971344 -0.002289874479174614
0.6346743106842041 0.6320019960403442 -0.03563716635107994
0.6150250434875488 0.7136433720588684 -0.03379217907786369
0.608600378036499 0.7552192807197571 -0.024107232689857483
0.7316999435424805 0.6268129348754883 -0.01872924156486988
0.6917750239372253 0.6591960787773132 -0.03966675326228142
0.661766767501831 0.7238793969154358 -0.033036258071660995
0.6464662551879883 0.7602249383926392 -0.020413856953382492
