Leon_image_four_92.jpg
0.5601194500923157 0.9069132804870605 1.600901669007726e-07
0.49477940797805786 0.9124938249588013 -0.013504681177437305
0.42085832357406616 0.8681379556655884 -0.012966793030500412
0.3692258596420288 0.8316646218299866 -0.013453980907797813
0.328880250453949 0.8220504522323608 -0.014002588577568531
0.42663276195526123 0.7291838526725769 0.01386153232306242
0.3877999782562256 0.6590747833251953 0.01104187872260809
0.3661566376686096 0.6184022426605225 0.0028656888753175735
0.3473072648048401 0.5831068754196167 -0.005719750188291073
0.4577583074569702 0.7006399631500244 0.007097904104739428
0.41695791482925415 0.6175394058227539 0.005033131223171949
0.39354798197746277 0.5705524682998657 -0.0034378408454358578
0.37363722920417786 0.5354856848716736 -0.011911633424460888
0.4919770658016205 0.6887111067771912 -0.004273924045264721
0.462746798992157 0.601875364780426 -0.01487477496266365
0.43924233317375183 0.5603710412979126 -0.026876892894506454
0.4183608591556549 0.532087504863739 -0.036984317004680634
0.531638503074646 0.6883918046951294 -0.017667671665549278
0.5113522410392761 0.6242612600326538 -0.03025621362030506
0.5031706690788269 0.6361581087112427 -0.033189330250024796
0.4993818998336792 0.6627761125564575 -0.036123767495155334
