Leon_image_one_75.jpg
0.759925365447998 0.7814292907714844 -4.6120740648802894e-07
0.6666833162307739 0.7482205033302307 -0.05890325829386711
0.5777407288551331 0.6611790657043457 -0.08946139365434647
0.5059114098548889 0.5931096076965332 -0.11442572623491287
0.4473072588443756 0.5519802570343018 -0.1292065531015396
0.6026703119277954 0.5079032778739929 -0.05339660495519638
0.6220420598983765 0.3988167643547058 -0.09579797089099884
0.6421616077423096 0.4934314787387848 -0.10811308771371841
0.6371269226074219 0.5555843710899353 -0.10902027040719986
0.6631522178649902 0.4883762001991272 -0.042277295142412186
0.6791257858276367 0.3894466161727905 -0.0899081900715828
0.6987594366073608 0.5035051107406616 -0.09579039365053177
0.6878493428230286 0.551559329032898 -0.08953671157360077
0.7221041321754456 0.4779473543167114 -0.0389363132417202
0.7362768054008484 0.39298567175865173 -0.07984119653701782
0.7469442486763 0.4968215525150299 -0.06399282813072205
0.7324613332748413 0.5446988344192505 -0.04467496648430824
0.7731368541717529 0.47953328490257263 -0.04079463332891464
0.788030743598938 0.4140392541885376 -0.06116881221532822
0.7881938219070435 0.48710912466049194 -0.046870872378349304
0.7711693644523621 0.5289222598075867 -0.03152797371149063
