Leon_image_spock_52.jpg
0.3647172451019287 0.886071503162384 4.014258081497246e-07
0.3354912996292114 0.81806480884552 0.005016296170651913
0.3246064782142639 0.7559079527854919 -0.0011838084319606423
0.3170779347419739 0.7047564387321472 -0.009244383312761784
0.3084074854850769 0.6630790829658508 -0.017923738807439804
0.3690502643585205 0.6812865734100342 -0.008493782952427864
0.39757323265075684 0.5878543853759766 -0.018455276265740395
0.41817647218704224 0.536386251449585 -0.023321593180298805
0.4343966245651245 0.4998351037502289 -0.025230275467038155
0.40022677183151245 0.6914423108100891 -0.018922599032521248
0.455002099275589 0.609368622303009 -0.02703426033258438
0.4845200777053833 0.5694046020507812 -0.029825640842318535
0.5072628855705261 0.5373354554176331 -0.03013145551085472
0.429705411195755 0.7119890451431274 -0.02889852039515972
0.4779612421989441 0.6393534541130066 -0.03450149670243263
0.5060832500457764 0.5961192846298218 -0.03318791836500168
0.5270527005195618 0.5577593445777893 -0.03165307268500328
0.4557884931564331 0.743076741695404 -0.03828684985637665
0.48967671394348145 0.6830996870994568 -0.03869999200105667
0.50665682554245 0.6500250697135925 -0.03116793930530548
0.5188629031181335 0.6190395355224609 -0.024368055164813995
