Leon_image_five_38.jpg
0.3599105477333069 0.7755838632583618 3.888009132424486e-07
0.30484116077423096 0.7024117708206177 0.020958788692951202
0.2763173282146454 0.624893069267273 0.020437201485037804
0.25694167613983154 0.5521749258041382 0.014393443241715431
0.23171134293079376 0.49447253346443176 0.007494062185287476
0.3212890625 0.5214364528656006 0.005609962157905102
0.3387983441352844 0.3873639702796936 -0.0008318353211507201
0.36215004324913025 0.3326653838157654 -0.002347895409911871
0.3838444948196411 0.30043086409568787 -0.0012032001977786422
0.36114227771759033 0.5188724398612976 -0.012913261540234089
0.3900814354419708 0.3750734031200409 -0.014478785917162895
0.4174934923648834 0.314937025308609 -0.012812855653464794
0.44270288944244385 0.28359246253967285 -0.011286435648798943
0.40213412046432495 0.5338550209999084 -0.030312685295939445
0.4343436360359192 0.4024938642978668 -0.027881255373358727
0.46107199788093567 0.34489691257476807 -0.02399539016187191
0.4819885790348053 0.30581337213516235 -0.02346288412809372
0.44460174441337585 0.5660001635551453 -0.04632386565208435
0.4794277846813202 0.46985864639282227 -0.039483822882175446
0.4981421232223511 0.4191562235355377 -0.030751286074519157
0.5108645558357239 0.37895679473876953 -0.02531307563185692
