Leon_image_five_46.jpg
0.5186066627502441 0.9043798446655273 2.494252271389996e-07
0.4516737759113312 0.8114758729934692 0.01866471767425537
0.4191194772720337 0.7046858668327332 0.019305482506752014
0.4022607207298279 0.6073264479637146 0.015397808514535427
0.37863701581954956 0.5372652411460876 0.011285064741969109
0.49349355697631836 0.5990080833435059 0.005709505639970303
0.5150430798530579 0.45674577355384827 0.000875821802765131
0.5365886688232422 0.3968398869037628 0.0017516957595944405
0.5574133992195129 0.3620295822620392 0.004911474417895079
0.5500264167785645 0.6054319143295288 -0.010484502650797367
0.5876295566558838 0.4580540060997009 -0.008374430239200592
0.6147211790084839 0.3908548355102539 -0.0022434701677411795
0.6372030973434448 0.3547533452510834 0.0037149470299482346
0.6029093861579895 0.6360978484153748 -0.025569679215550423
0.6386693716049194 0.49797749519348145 -0.020923592150211334
0.6639994382858276 0.44059813022613525 -0.012664061039686203
0.6808508634567261 0.40351802110671997 -0.00747418450191617
0.6493358612060547 0.6852056980133057 -0.03911174088716507
0.6825752854347229 0.583471953868866 -0.03103577345609665
0.7000381946563721 0.5299729704856873 -0.01879802718758583
0.7104175090789795 0.4890419840812683 -0.008679583668708801
