Leon_image_zero_42.jpg
0.5885924100875854 0.7909342646598816 -6.52675566925609e-07
0.4636630713939667 0.7401167154312134 -0.02881348691880703
0.3639621138572693 0.6649032831192017 -0.04968537762761116
0.34156790375709534 0.5467408299446106 -0.07796639204025269
0.38259780406951904 0.4445180892944336 -0.09646283835172653
0.3331296741962433 0.5367931127548218 0.0332648903131485
0.29043006896972656 0.43627384305000305 -0.028372012078762054
0.3277164399623871 0.535458505153656 -0.06436737626791
0.35321900248527527 0.5799567103385925 -0.07776689529418945
0.3965799808502197 0.5018465518951416 0.022109627723693848
0.36143776774406433 0.3961358070373535 -0.038602907210588455
0.398043692111969 0.5166080594062805 -0.054289162158966064
0.41582804918289185 0.5553391575813293 -0.04620024189352989
0.4653094410896301 0.4762224555015564 -0.0024692874867469072
0.4337126612663269 0.38716116547584534 -0.05595936253666878
0.46136394143104553 0.5028215646743774 -0.03731924667954445
0.47536757588386536 0.5395689010620117 -0.006639643106609583
0.5389478802680969 0.46532392501831055 -0.031558237969875336
0.4988698959350586 0.412192702293396 -0.049124427139759064
0.5132899880409241 0.4967164397239685 -0.022602422162890434
0.5268480777740479 0.5290567874908447 0.006325801834464073
