Leon_image_five_36.jpg
0.4235369861125946 0.7766364812850952 3.322743111766613e-07
0.3634471595287323 0.6988463401794434 0.02752256579697132
0.3277471363544464 0.6120225191116333 0.0329776369035244
0.3074648976325989 0.5305084586143494 0.03210968151688576
0.284870445728302 0.4681115746498108 0.030660517513751984
0.37723201513290405 0.5034014582633972 0.01853463612496853
0.3942999243736267 0.3679008483886719 0.017497755587100983
0.4170902967453003 0.3139941096305847 0.018681716173887253
0.43813085556030273 0.2819145619869232 0.02119635045528412
0.4180169701576233 0.501749575138092 -0.001210652058944106
0.44775331020355225 0.35759639739990234 0.0025591738522052765
0.474857896566391 0.2969319224357605 0.007139051333069801
0.4993268549442291 0.2662423253059387 0.009977028705179691
0.46002644300460815 0.5200355648994446 -0.019858838990330696
0.4920263886451721 0.3858577013015747 -0.01339750923216343
0.5189956426620483 0.3282685875892639 -0.008271374739706516
0.5408395528793335 0.2914276123046875 -0.00761010916903615
0.5039451122283936 0.5539748668670654 -0.036654241383075714
0.5395517349243164 0.4552076756954193 -0.027872227132320404
0.5596060752868652 0.40432390570640564 -0.019380515441298485
0.5757052898406982 0.3656396269798279 -0.01443764753639698
