Leon_image_three_65.jpg
0.27046626806259155 0.8942793607711792 8.505235200573225e-07
0.23914365470409393 0.7956384420394897 0.017214380204677582
0.23477092385292053 0.6893613338470459 0.015669800341129303
0.2270033359527588 0.6031913757324219 0.006402006838470697
0.20181812345981598 0.5490254759788513 -0.0038456362672150135
0.2782368063926697 0.5775591135025024 -0.000437406066339463
0.32158946990966797 0.45022255182266235 -0.013147609308362007
0.3546641767024994 0.3842025101184845 -0.018482323735952377
0.38298359513282776 0.33835214376449585 -0.020061004906892776
0.3256062865257263 0.5903033018112183 -0.021005025133490562
0.4112493097782135 0.49775785207748413 -0.028717927634716034
0.45884963870048523 0.4490222632884979 -0.031660426408052444
0.49125343561172485 0.41569456458091736 -0.03227022662758827
0.36864617466926575 0.630363941192627 -0.039891257882118225
0.4305649399757385 0.6097181439399719 -0.04559687152504921
0.4187248945236206 0.6605055928230286 -0.038113947957754135
0.39983999729156494 0.7001556754112244 -0.030397623777389526
0.4071386456489563 0.6862475872039795 -0.058295316994190216
0.4431960880756378 0.7003544569015503 -0.0576859675347805
0.43030184507369995 0.7367104887962341 -0.04613746330142021
0.4146560728549957 0.7628266215324402 -0.03441071882843971
