Leon_image_one_13.jpg
0.7072336673736572 0.9359084367752075 -7.029341304587433e-07
0.6161906719207764 0.8216097354888916 -0.006756212562322617
0.5776777267456055 0.6952126026153564 -0.01811963878571987
0.561557948589325 0.5905057787895203 -0.029940973967313766
0.5461628437042236 0.49890902638435364 -0.036266256123781204
0.6556692719459534 0.5806506872177124 -0.026417287066578865
0.5330919027328491 0.5977126359939575 -0.049551259726285934
0.5321951508522034 0.6723101139068604 -0.052415575832128525
0.5659468770027161 0.6913124322891235 -0.05339032784104347
0.6890921592712402 0.6206749081611633 -0.04098881781101227
0.5454471111297607 0.6706821322441101 -0.06118849292397499
0.5573409795761108 0.7359014749526978 -0.05185520276427269
0.5959365367889404 0.7430850267410278 -0.04680131375789642
0.7057195901870728 0.6862182021141052 -0.058040354400873184
0.5702730417251587 0.7339853644371033 -0.07663227617740631
0.5838776230812073 0.7888837456703186 -0.05710402503609657
0.6208205223083496 0.7917163372039795 -0.04602733999490738
0.7131891250610352 0.7619934678077698 -0.07701357454061508
0.603284478187561 0.7968788146972656 -0.09245280176401138
0.6075897216796875 0.8312076926231384 -0.08577294647693634
0.6358351111412048 0.834822416305542 -0.07927007228136063
