Leon_image_two_45.jpg
0.7171192169189453 0.9261260032653809 -4.805376079275447e-07
0.6306379437446594 0.813300371170044 0.012161444872617722
0.5847004055976868 0.6782059669494629 0.01402735710144043
0.5596823692321777 0.564974308013916 0.011228548362851143
0.5302058458328247 0.4910200238227844 0.007115022279322147
0.6766307353973389 0.5489027500152588 0.011948924511671066
0.7217121720314026 0.4373520016670227 0.02208477444946766
0.749484658241272 0.3795967102050781 0.024751393124461174
0.7691922187805176 0.33788490295410156 0.022326799109578133
0.7477091550827026 0.556656002998352 0.002791234292089939
0.7560659050941467 0.5505592823028564 0.017278967425227165
0.7391616106033325 0.5968967080116272 0.02127235382795334
0.7264317870140076 0.6373661756515503 0.019003447145223618
0.8079013824462891 0.605533242225647 -0.0037739051040261984
0.7984809875488281 0.6040878891944885 0.008327319286763668
0.7842817306518555 0.6462340354919434 0.01603931188583374
0.7708871960639954 0.6886444687843323 0.015475841239094734
0.8575008511543274 0.662453293800354 -0.00933782197535038
0.8451513051986694 0.6615208983421326 0.0032169355545192957
0.8302955627441406 0.6958566308021545 0.016308533027768135
0.8186103105545044 0.7338883876800537 0.0251002237200737
