Leon_image_five_1.jpg
0.3002038598060608 0.8986892104148865 8.558524200452666e-07
0.39566513895988464 0.9098656177520752 -0.049673404544591904
0.48574984073638916 0.8751201629638672 -0.08520779013633728
0.5576425194740295 0.8204252123832703 -0.11387858539819717
0.6099173426628113 0.769173264503479 -0.1426868587732315
0.45220717787742615 0.7389037609100342 -0.08539076894521713
0.5115252137184143 0.6218928098678589 -0.12396624684333801
0.5483539700508118 0.5528051853179932 -0.14391803741455078
0.5748468637466431 0.5014854073524475 -0.15456390380859375
0.3920122981071472 0.6936135292053223 -0.07843378186225891
0.4385508894920349 0.5523065328598022 -0.11363138258457184
0.4702664613723755 0.4701833128929138 -0.12804362177848816
0.4913499653339386 0.4089275598526001 -0.1358989030122757
0.33392250537872314 0.6714850664138794 -0.07450784742832184
0.3657374978065491 0.5395999550819397 -0.10229652374982834
0.39273765683174133 0.45797815918922424 -0.11335688084363937
0.41547420620918274 0.40017789602279663 -0.11865568161010742
0.2824364900588989 0.6671736240386963 -0.07386024296283722
0.30485039949417114 0.5568029880523682 -0.09414396435022354
0.32511335611343384 0.48745644092559814 -0.10107504576444626
0.346629798412323 0.4370303452014923 -0.10386726260185242
