Leon_image_one_14.jpg
0.7154797315597534 0.9131128191947937 -8.059000720095355e-07
0.6335073113441467 0.7989044189453125 -0.002923537278547883
0.5956947207450867 0.6769559383392334 -0.013642470352351665
0.5728951096534729 0.5797737836837769 -0.026043416932225227
0.5550541877746582 0.4962773025035858 -0.03286278247833252
0.6698814034461975 0.5691890716552734 -0.02578658051788807
0.545357346534729 0.5886410474777222 -0.05221904441714287
0.548893928527832 0.6662583351135254 -0.05608830228447914
0.5818920135498047 0.68404221534729 -0.05660436302423477
0.702152669429779 0.6100770235061646 -0.0424780510365963
0.5589984655380249 0.6563107967376709 -0.06932267546653748
0.5738370418548584 0.7228059768676758 -0.061315592378377914
0.6104836463928223 0.73139488697052 -0.055136580020189285
0.719939112663269 0.6725443601608276 -0.06138543784618378
0.5850117802619934 0.7117000222206116 -0.08488857746124268
0.5990528464317322 0.7710768580436707 -0.06347154080867767
0.6334629058837891 0.7771250009536743 -0.04897511377930641
0.7283006310462952 0.7458614706993103 -0.08163729310035706
0.6204146146774292 0.773217499256134 -0.09897385537624359
0.621451199054718 0.8107752799987793 -0.09053532779216766
0.6469928622245789 0.8164388537406921 -0.08191413432359695
