Leon_image_three_66.jpg
0.22212080657482147 0.8740583658218384 7.29728981241351e-07
0.18768583238124847 0.7681623697280884 0.022905874997377396
0.1821443885564804 0.659081757068634 0.022232262417674065
0.17168566584587097 0.5754232406616211 0.012104497291147709
0.14531993865966797 0.527658998966217 0.0010630005272105336
0.22644975781440735 0.5349158048629761 0.014117550104856491
0.26567214727401733 0.41234004497528076 0.008690251968801022
0.2988719642162323 0.34968850016593933 0.006065388675779104
0.3271087110042572 0.3039618730545044 0.004698848817497492
0.2727966904640198 0.5472699403762817 -0.009690663777291775
0.36341187357902527 0.46930766105651855 -0.01019645482301712
0.41126886010169983 0.42964503169059753 -0.011730486527085304
0.4435267746448517 0.39747917652130127 -0.013579600490629673
0.31530264019966125 0.5846994519233704 -0.03195057809352875
0.3864630460739136 0.5794293880462646 -0.029641183093190193
0.3708495795726776 0.6322720646858215 -0.021128343418240547
0.3477773070335388 0.667150616645813 -0.015521547757089138
0.3571809232234955 0.6370348930358887 -0.05388416349887848
0.4002291262149811 0.6519732475280762 -0.04464678838849068
0.38300126791000366 0.6940680742263794 -0.029878921806812286
0.3611369729042053 0.7200465202331543 -0.018291594460606575
