Alex_image_zero_90.jpg
0.423528254032135 0.9349867105484009 -5.972753314154033e-08
0.44787681102752686 0.9337825179100037 -0.014326784759759903
0.4716315269470215 0.907168447971344 -0.020268728956580162
0.4786688983440399 0.879309892654419 -0.025579417124390602
0.47809261083602905 0.8576672077178955 -0.02923920750617981
0.4686778485774994 0.8519086241722107 -0.008121015504002571
0.47286325693130493 0.817359209060669 -0.02564234472811222
0.47073736786842346 0.8358609080314636 -0.03514348343014717
0.4662846326828003 0.8610591888427734 -0.03770545870065689
0.4471006989479065 0.8459149599075317 -0.0068899523466825485
0.45044657588005066 0.8171564340591431 -0.026495205238461494
0.44576701521873474 0.8570002913475037 -0.03137461468577385
0.4434930980205536 0.8861871361732483 -0.028930939733982086
0.42564815282821655 0.8471487164497375 -0.008568934164941311
0.42878296971321106 0.8211353421211243 -0.028974449262022972
0.4260670244693756 0.8587192893028259 -0.02698538638651371
0.4247487187385559 0.8856746554374695 -0.01927265152335167
0.40454140305519104 0.8555487394332886 -0.011181451380252838
0.4064599871635437 0.838849663734436 -0.026340750977396965
0.40873992443084717 0.8653400540351868 -0.0244724303483963
0.410427451133728 0.8856786489486694 -0.018267594277858734
