Alex_image_three_63.jpg
0.5771238803863525 0.9077759981155396 5.209950586504419e-07
0.581341028213501 0.8244369029998779 0.009310172870755196
0.5737935900688171 0.7508918046951294 0.008047918789088726
0.5667935609817505 0.6899095773696899 0.0017961559351533651
0.5700880289077759 0.644761323928833 -0.006170504726469517
0.49301010370254517 0.7393356561660767 0.006686587352305651
0.44563695788383484 0.6821365356445312 0.0065942914225161076
0.419489324092865 0.6538366079330444 0.009540321305394173
0.39816173911094666 0.6304627060890198 0.012986583635210991
0.46791911125183105 0.7730326056480408 0.0003495721612125635
0.4012643098831177 0.7726155519485474 -0.002055811695754528
0.359078973531723 0.7767605781555176 -0.0037149484269320965
0.3287624418735504 0.7770733833312988 -0.002865109359845519
0.45691993832588196 0.8211418390274048 -0.004107664804905653
0.43315041065216064 0.8543882369995117 -0.006384752225130796
0.4582180976867676 0.8682423830032349 -0.0074781011790037155
0.4816681742668152 0.8685397505760193 -0.00447832141071558
0.4493641257286072 0.8719201683998108 -0.007545239757746458
0.4421871304512024 0.9020358920097351 -0.003217435674741864
0.46524956822395325 0.9106886386871338 0.002441724995151162
0.48507243394851685 0.9068124890327454 0.009416614659130573
