Alex_image_zero_72.jpg
0.4016823172569275 0.5755200982093811 -3.650999502724517e-08
0.3724013566970825 0.5274496674537659 0.00360089261084795
0.3688022494316101 0.4820545017719269 -0.003429855452850461
0.38644272089004517 0.454461932182312 -0.011882917024195194
0.4127117395401001 0.45075663924217224 -0.019105248153209686
0.34916579723358154 0.4478858411312103 -0.012141508050262928
0.3985179662704468 0.42830801010131836 -0.023290211334824562
0.41343796253204346 0.45310115814208984 -0.030409861356019974
0.41007325053215027 0.4739188849925995 -0.036698322743177414
0.37084314227104187 0.43984878063201904 -0.023224743083119392
0.4194670617580414 0.42757004499435425 -0.032340701669454575
0.4310048818588257 0.45321226119995117 -0.03570275381207466
0.42641153931617737 0.47266680002212524 -0.038675010204315186
0.3988158106803894 0.4437475800514221 -0.03333473950624466
0.44329410791397095 0.43408453464508057 -0.04067269712686539
0.44946664571762085 0.4647102653980255 -0.037217747420072556
0.44083017110824585 0.4834875762462616 -0.035506151616573334
0.4294925928115845 0.4556426405906677 -0.043508559465408325
0.46560999751091003 0.4651014506816864 -0.048428431153297424
0.46840614080429077 0.48913952708244324 -0.04447142779827118
0.46067509055137634 0.5018061995506287 -0.04099125787615776
