Alex_image_two_31.jpg
0.6003614664077759 0.6569181084632874 -4.105817907884557e-08
0.527559757232666 0.6605702638626099 -0.017684657126665115
0.476002037525177 0.6675708293914795 -0.029357898980379105
0.42486250400543213 0.6738837361335754 -0.04215816408395767
0.3900586664676666 0.6803674101829529 -0.05454022064805031
0.47499746084213257 0.5532553791999817 -0.0014524213038384914
0.4357850253582001 0.5001171827316284 -0.02258794754743576
0.4127819836139679 0.46780478954315186 -0.040093593299388885
0.3959198594093323 0.43439412117004395 -0.052171122282743454
0.5048993825912476 0.5331927537918091 -0.0010870147962123156
0.4957621395587921 0.49515289068222046 -0.026053570210933685
0.5169352293014526 0.5508832335472107 -0.03037557564675808
0.5302481651306152 0.5856105089187622 -0.026435069739818573
0.5412420034408569 0.522645115852356 -0.0051236809231340885
0.5312854051589966 0.4908090829849243 -0.02641957998275757
0.5465062856674194 0.5517482757568359 -0.015576138161122799
0.5499243140220642 0.5758343935012817 -0.0017637545242905617
0.5744869709014893 0.5246644020080566 -0.011367050930857658
0.5684754252433777 0.48915335536003113 -0.019927501678466797
0.5710195302963257 0.5383925437927246 -0.006154588423669338
0.5738912224769592 0.5578901171684265 0.00704143475741148
