Alex_image_three_12.jpg
0.44820651412010193 0.5299550294876099 3.39224868639576e-07
0.49672919511795044 0.5028954744338989 -0.016382936388254166
0.5311399698257446 0.4686813950538635 -0.0205050241202116
0.5637842416763306 0.453339546918869 -0.02628926746547222
0.5888785123825073 0.44871005415916443 -0.03242717310786247
0.4967179298400879 0.39388689398765564 -0.0016094332095235586
0.5135727524757385 0.34080880880355835 -0.010383310727775097
0.5194717049598694 0.3062652051448822 -0.01725727692246437
0.5221844911575317 0.27615705132484436 -0.022633811458945274
0.4659397602081299 0.39605799317359924 -0.0040307603776454926
0.4517015218734741 0.3364807069301605 -0.020150503143668175
0.44082215428352356 0.2951718866825104 -0.0326843298971653
0.4295068681240082 0.26269447803497314 -0.03897284343838692
0.4395258128643036 0.41546186804771423 -0.009052664041519165
0.42855989933013916 0.3888308107852936 -0.03579866141080856
0.4433590769767761 0.4303320050239563 -0.04323368892073631
0.4538276195526123 0.4614538848400116 -0.03976575657725334
0.4164878726005554 0.4423515200614929 -0.015167472884058952
0.4126867651939392 0.41974377632141113 -0.03790955990552902
0.4247513711452484 0.44747135043144226 -0.04003128036856651
0.4347994327545166 0.4706026315689087 -0.03572556748986244
