Alex_image_five_70.jpg
0.5721185207366943 0.5932784080505371 -2.978221971261519e-07
0.597236156463623 0.6574510335922241 -0.10245643556118011
0.6006455421447754 0.6963965892791748 -0.1687757670879364
0.5677773356437683 0.7330088019371033 -0.21608050167560577
0.5269721746444702 0.7596033215522766 -0.26555314660072327
0.577566921710968 0.6138092279434204 -0.18876533210277557
0.5112400650978088 0.6435009837150574 -0.24112197756767273
0.4656575918197632 0.642163872718811 -0.2700194716453552
0.4245304763317108 0.6382483839988708 -0.28775158524513245
0.5500794053077698 0.5981720685958862 -0.15550005435943604
0.4650779366493225 0.6220139861106873 -0.20547893643379211
0.41374605894088745 0.6215651035308838 -0.2360992133617401
0.37616002559661865 0.6127722263336182 -0.26335376501083374
0.5299102663993835 0.5822286605834961 -0.1219005435705185
0.4566221237182617 0.6021943688392639 -0.1661415696144104
0.41266313195228577 0.592748761177063 -0.19217076897621155
0.3814558982849121 0.5873380899429321 -0.2120610475540161
0.5115265846252441 0.5693733096122742 -0.094253771007061
0.46955177187919617 0.5639927983283997 -0.12482933700084686
0.44278162717819214 0.5498589277267456 -0.14067605137825012
0.4186210632324219 0.5365887880325317 -0.156107097864151
