Alex_image_three_67.jpg
0.5990965366363525 0.8669154047966003 4.855758106714347e-07
0.5274994969367981 0.8480943441390991 -0.004256701562553644
0.46957534551620483 0.8049414157867432 -0.0020279735326766968
0.43545106053352356 0.7703003883361816 -0.004128386732190847
0.4053141474723816 0.7533072233200073 -0.006114473566412926
0.5203127264976501 0.6936766505241394 0.013918875716626644
0.4906902611255646 0.6283684968948364 0.011378159746527672
0.4743407070636749 0.5936809778213501 0.008177016861736774
0.46135756373405457 0.5586958527565002 0.0037838020361959934
0.5569040775299072 0.6821995377540588 0.0030975276604294777
0.5513562560081482 0.5930857062339783 -0.007706089876592159
0.5477203130722046 0.5386961698532104 -0.018633240833878517
0.5496144890785217 0.49199363589286804 -0.02450181543827057
0.5936506986618042 0.6921507716178894 -0.009558161720633507
0.5784164667129517 0.6566901803016663 -0.0330694280564785
0.5699985027313232 0.7187981009483337 -0.0354938767850399
0.5667821168899536 0.7603915333747864 -0.029353806748986244
0.6308915615081787 0.7139630317687988 -0.022364670410752296
0.6140889525413513 0.6822273135185242 -0.043628569692373276
0.6019734144210815 0.7265112400054932 -0.040871165692806244
0.5960774421691895 0.7615888714790344 -0.03371086344122887
