Alex_image_zero_40.jpg
0.44336578249931335 0.5723831653594971 -2.0273334655485087e-07
0.4880419373512268 0.5494840741157532 -0.014835129491984844
0.5177580118179321 0.5013749599456787 -0.020967507734894753
0.5165684223175049 0.447912335395813 -0.026574717834591866
0.4997348487377167 0.4148558974266052 -0.02780940756201744
0.4904622435569763 0.445255309343338 -0.006152183283120394
0.5054703950881958 0.4082721769809723 -0.02471679076552391
0.5025569200515747 0.4571705460548401 -0.030269186943769455
0.49345722794532776 0.47192633152008057 -0.03109634481370449
0.46578696370124817 0.44273239374160767 -0.006881769746541977
0.4834299683570862 0.40785422921180725 -0.02871890552341938
0.4822376072406769 0.46735602617263794 -0.031719859689474106
0.4708319306373596 0.47300416231155396 -0.028846485540270805
0.4414207935333252 0.44452622532844543 -0.01064022071659565
0.4597136378288269 0.40559107065200806 -0.03579137474298477
0.46185028553009033 0.46441593766212463 -0.02714330330491066
0.4502158761024475 0.47509580850601196 -0.014963136985898018
0.4127136468887329 0.4495060443878174 -0.014998219907283783
0.43554773926734924 0.4232647716999054 -0.030635051429271698
0.4409595727920532 0.4620141088962555 -0.021906819194555283
0.4307318925857544 0.4726138710975647 -0.011396667920053005
