Alex_image_five_77.jpg
0.5805355310440063 0.6083786487579346 2.1808996564232075e-07
0.5244956016540527 0.5717889666557312 0.010101511143147945
0.49465370178222656 0.5304039716720581 0.025028597563505173
0.4756351709365845 0.49839460849761963 0.03416667878627777
0.45351114869117737 0.48242729902267456 0.0433647446334362
0.5569251775741577 0.4554392397403717 0.0598873607814312
0.5500838756561279 0.4067816734313965 0.08079647272825241
0.5476353764533997 0.3782515525817871 0.09240833669900894
0.5494572520256042 0.35956650972366333 0.09927203506231308
0.5926353335380554 0.4563608169555664 0.05306676775217056
0.5967289209365845 0.4051434099674225 0.07997139543294907
0.5984592437744141 0.37966179847717285 0.09196599572896957
0.6009922623634338 0.35954034328460693 0.09956561028957367
0.6239763498306274 0.468951940536499 0.04189056530594826
0.6414899230003357 0.4224518835544586 0.055196184664964676
0.6484251618385315 0.3958955705165863 0.05936695262789726
0.6536785364151001 0.3720598518848419 0.06143593788146973
0.6509865522384644 0.49434739351272583 0.030025407671928406
0.6832299828529358 0.46150314807891846 0.032818857580423355
0.7006961703300476 0.4447058439254761 0.03440893813967705
0.715195894241333 0.42575395107269287 0.036587126553058624
