Alex_image_one_39.jpg
0.5865203738212585 0.6798384785652161 -5.097139776921722e-08
0.6518937349319458 0.5297667980194092 -0.0062886737287044525
0.7061227560043335 0.3689267039299011 -0.03474600613117218
0.7746903300285339 0.26058685779571533 -0.061687350273132324
0.8452752828598022 0.19940055906772614 -0.09055377542972565
0.6164844632148743 0.2823793888092041 -0.08346741646528244
0.5004327297210693 0.21198226511478424 -0.10562572628259659
0.5172972083091736 0.27400726079940796 -0.11159222573041916
0.5581017732620239 0.3087283968925476 -0.11490309983491898
0.5382551550865173 0.3505818843841553 -0.09547975659370422
0.4419254660606384 0.2731524705886841 -0.10430720448493958
0.46286869049072266 0.3327075242996216 -0.09108427911996841
0.5011335611343384 0.37809479236602783 -0.08857546001672745
0.4698181748390198 0.42743971943855286 -0.10299084335565567
0.399777889251709 0.3502349555492401 -0.10502622276544571
0.4186217784881592 0.4018668830394745 -0.0789564698934555
0.4538346529006958 0.4477630853652954 -0.0679597407579422
0.4103149175643921 0.5032157897949219 -0.1106792688369751
0.3717183470726013 0.434009850025177 -0.10808935016393661
0.39420759677886963 0.4785204529762268 -0.08312640339136124
0.4231562614440918 0.5191260576248169 -0.06615711748600006
