Alex_image_five_60.jpg
0.4827301502227783 0.6349170207977295 1.9111064375465503e-07
0.5290299654006958 0.5965415239334106 -0.022269709035754204
0.5616306662559509 0.544043779373169 -0.03447776660323143
0.5924222469329834 0.5075668096542358 -0.04669050872325897
0.6220158934593201 0.49600809812545776 -0.06015889719128609
0.4967379868030548 0.45766934752464294 -0.025167390704154968
0.4839858412742615 0.39077362418174744 -0.038833409547805786
0.47291940450668335 0.35360538959503174 -0.047960951924324036
0.46171918511390686 0.3232574164867401 -0.05599595606327057
0.46255770325660706 0.4642995297908783 -0.02857373096048832
0.44033628702163696 0.39078420400619507 -0.040441207587718964
0.42739415168762207 0.3505077362060547 -0.04837487265467644
0.414114385843277 0.31871283054351807 -0.0550328865647316
0.437048077583313 0.4894253611564636 -0.03486092761158943
0.3987540900707245 0.43229156732559204 -0.050351403653621674
0.37424778938293457 0.3971182107925415 -0.06445950269699097
0.352835476398468 0.365702748298645 -0.07516536116600037
0.41885051131248474 0.5306916832923889 -0.04340331256389618
0.37630200386047363 0.5169039368629456 -0.061943382024765015
0.3469206690788269 0.5082838535308838 -0.07418312132358551
0.32245808839797974 0.49811241030693054 -0.08295997232198715
