Alex_image_four_99.jpg
0.6330952048301697 0.7131493091583252 4.025976636512496e-07
0.6068980693817139 0.6557103395462036 0.028673898428678513
0.5789693593978882 0.6183921098709106 0.035082120448350906
0.5592221021652222 0.5847228765487671 0.03565814346075058
0.559184730052948 0.5406975746154785 0.036182910203933716
0.5179950594902039 0.5988860130310059 0.0033032251521945
0.4612586796283722 0.5642484426498413 -0.0017886890564113855
0.4273628890514374 0.5415736436843872 0.00031143639353103936
0.4036128520965576 0.51975417137146 0.0013462842907756567
0.5082608461380005 0.6208767294883728 -0.014209886081516743
0.43081000447273254 0.6260883212089539 -0.03385014086961746
0.38332322239875793 0.6264321804046631 -0.04214942827820778
0.3514646887779236 0.6210359930992126 -0.04566378891468048
0.510015070438385 0.6566979289054871 -0.026470422744750977
0.45911502838134766 0.7251878380775452 -0.03437146916985512
0.43597614765167236 0.762395441532135 -0.030731970444321632
0.4183012545108795 0.7730810046195984 -0.02776406519114971
0.520744264125824 0.6998513340950012 -0.03640490025281906
0.5098668932914734 0.760501503944397 -0.03603528439998627
0.5302289724349976 0.765808641910553 -0.03019186109304428
0.5442735552787781 0.7512109279632568 -0.025673631578683853
