Alex_image_three_1.jpg
0.4078100323677063 0.5054756999015808 3.7407681929835235e-07
0.45284590125083923 0.48580336570739746 -0.023676201701164246
0.4922071695327759 0.4491928517818451 -0.030802426859736443
0.523797333240509 0.4224313497543335 -0.03636116161942482
0.5518787503242493 0.4090321660041809 -0.041465744376182556
0.4630569517612457 0.3853537440299988 -0.0116574140265584
0.4771289825439453 0.3281511664390564 -0.018985148519277573
0.4816306531429291 0.293600857257843 -0.02397877350449562
0.4850625991821289 0.26202577352523804 -0.0283284243196249
0.43421700596809387 0.3825347423553467 -0.009135623462498188
0.4240713119506836 0.32103291153907776 -0.022344673052430153
0.4192742705345154 0.28372299671173096 -0.03260648250579834
0.41274598240852356 0.25204765796661377 -0.03800302743911743
0.4082046449184418 0.39662694931030273 -0.009171213023364544
0.3955250084400177 0.3696281611919403 -0.03362785279750824
0.40467599034309387 0.41267096996307373 -0.04104772210121155
0.41235941648483276 0.44028201699256897 -0.03870634734630585
0.3854421377182007 0.41736024618148804 -0.010546800680458546
0.37785229086875916 0.3986718952655792 -0.03263566270470619
0.3857506811618805 0.4297325015068054 -0.03625112026929855
0.3936818838119507 0.4504215121269226 -0.03365635499358177
