Alex_image_one_37.jpg
0.6290677189826965 0.7243105173110962 -6.708741580041533e-07
0.6572005748748779 0.5341892242431641 -0.00240902928635478
0.6762893199920654 0.3346385657787323 -0.05386638641357422
0.721975564956665 0.20516613125801086 -0.09943914413452148
0.8019649982452393 0.119111567735672 -0.14563678205013275
0.6577325463294983 0.31074008345603943 -0.188858300447464
0.49680662155151367 0.23788055777549744 -0.22046376764774323
0.5135999321937561 0.31342652440071106 -0.19393159449100494
0.5604478716850281 0.3457041084766388 -0.17416757345199585
0.6141664385795593 0.4202611446380615 -0.21334820985794067
0.4403073489665985 0.3276226818561554 -0.2418624311685562
0.47168782353401184 0.3984679579734802 -0.195145383477211
0.5260915160179138 0.43966105580329895 -0.17111162841320038
0.5610440373420715 0.5312567949295044 -0.22766044735908508
0.41283249855041504 0.4341466426849365 -0.2441565841436386
0.44857144355773926 0.49568840861320496 -0.19128304719924927
0.5046295523643494 0.5385226607322693 -0.16684116423130035
0.510362982749939 0.6306484937667847 -0.23926681280136108
0.39824265241622925 0.533285915851593 -0.25129270553588867
0.43193456530570984 0.5719188451766968 -0.22114083170890808
0.4792516827583313 0.6060985326766968 -0.20439113676548004
