Alex_image_four_45.jpg
0.43630242347717285 0.6919235587120056 7.079045758473512e-07
0.42146769165992737 0.6805149912834167 -0.06641779839992523
0.4249418377876282 0.6673504710197449 -0.11130549013614655
0.46559327840805054 0.707637369632721 -0.1449175924062729
0.49732211232185364 0.7518706917762756 -0.17834247648715973
0.4517626166343689 0.5825111865997314 -0.11177325248718262
0.4924680292606354 0.5642366409301758 -0.15197205543518066
0.49077415466308594 0.5921658277511597 -0.17511631548404694
0.4852275848388672 0.6174956560134888 -0.18927541375160217
0.4989216923713684 0.5899812579154968 -0.09887848794460297
0.5556801557540894 0.5457069873809814 -0.13316859304904938
0.5878212451934814 0.5129693746566772 -0.1600629836320877
0.6213054656982422 0.4841727018356323 -0.18327023088932037
0.5296627879142761 0.6196389198303223 -0.08809122443199158
0.5989950895309448 0.6130656003952026 -0.12411889433860779
0.6419969201087952 0.6200916171073914 -0.15202553570270538
0.6804259419441223 0.6225523352622986 -0.17181216180324554
0.5493901968002319 0.6621942520141602 -0.08039676398038864
0.5992727875709534 0.6682599782943726 -0.1067500114440918
0.6317048668861389 0.6792638301849365 -0.1196519210934639
0.6601693630218506 0.6852544546127319 -0.1309158354997635
