Alex_image_three_61.jpg
0.5993291735649109 0.935981035232544 5.563675813391455e-07
0.6135715842247009 0.8692404627799988 -0.02021712064743042
0.604138970375061 0.7995133399963379 -0.03423750028014183
0.5997077822685242 0.737119197845459 -0.047264695167541504
0.6082181334495544 0.6871848702430725 -0.061451464891433716
0.5217030048370361 0.7900606393814087 -0.034829363226890564
0.4804800748825073 0.7225600481033325 -0.05282490700483322
0.4549276530742645 0.6822165250778198 -0.0638766810297966
0.4343201518058777 0.6525388956069946 -0.07090645283460617
0.49728965759277344 0.8280019164085388 -0.03339957073330879
0.4279114007949829 0.8175211548805237 -0.05170141160488129
0.38303789496421814 0.812172532081604 -0.061346836388111115
0.3475036025047302 0.8096892237663269 -0.06622858345508575
0.4856467843055725 0.878326416015625 -0.03218153864145279
0.45621442794799805 0.9078611731529236 -0.04968908056616783
0.4805481433868408 0.9182936549186707 -0.051498301327228546
0.5037379860877991 0.9191410541534424 -0.047416482120752335
0.48127442598342896 0.9291070699691772 -0.03264784440398216
0.4690207242965698 0.9563798904418945 -0.04399176687002182
0.4909464716911316 0.96363365650177 -0.04234093427658081
0.5111726522445679 0.958854079246521 -0.03680473938584328
