Alex_image_spock_5.jpg
0.528710663318634 0.6125712990760803 -5.534359388548182e-07
0.48838162422180176 0.6066039800643921 -0.009288550354540348
0.4600849151611328 0.5839887261390686 -0.021387094631791115
0.4414519667625427 0.5705609321594238 -0.03524278476834297
0.4257372319698334 0.5539597272872925 -0.05236029997467995
0.48265308141708374 0.5520004630088806 -0.03667844831943512
0.4464646875858307 0.5048960447311401 -0.056725382804870605
0.42451372742652893 0.47645533084869385 -0.07163582742214203
0.4056394100189209 0.4457249045372009 -0.08285734057426453
0.5164523720741272 0.5366794466972351 -0.044962819665670395
0.4704047739505768 0.48778417706489563 -0.06576234847307205
0.44134655594825745 0.4563748836517334 -0.08445721864700317
0.41714242100715637 0.41955235600471497 -0.10115419328212738
0.5497211813926697 0.5248568058013916 -0.052864912897348404
0.5165761113166809 0.4775553345680237 -0.07643119245767593
0.4862724244594574 0.44224491715431213 -0.09611166268587112
0.45554330945014954 0.4092424809932709 -0.1106058657169342
0.5812501907348633 0.5181668400764465 -0.06020953133702278
0.5623670816421509 0.47355154156684875 -0.0780821293592453
0.5407508611679077 0.4460144340991974 -0.08816172182559967
0.5171554684638977 0.4183540940284729 -0.09749258309602737
