Alex_image_spock_50.jpg
0.4649607539176941 0.6862868666648865 4.4112900354775775e-07
0.5147051215171814 0.6588546633720398 -0.012007600627839565
0.5502304434776306 0.6143902540206909 -0.016658417880535126
0.5802215337753296 0.5697467923164368 -0.021964848041534424
0.5962575078010559 0.5385357737541199 -0.027857806533575058
0.5346074104309082 0.5658031105995178 -0.002778693102300167
0.5818004608154297 0.530775249004364 -0.01617150753736496
0.6087100505828857 0.5041863918304443 -0.029235128313302994
0.6305465698242188 0.48003876209259033 -0.038243040442466736
0.5072219371795654 0.5440393686294556 -0.004923440515995026
0.5278661847114563 0.4870942533016205 -0.015959985554218292
0.5362803936004639 0.44731730222702026 -0.026492752134799957
0.5469397306442261 0.41320377588272095 -0.035080987960100174
0.47887247800827026 0.5406410694122314 -0.010017610155045986
0.49664923548698425 0.48413872718811035 -0.023485366255044937
0.5091469287872314 0.4529670476913452 -0.03098827227950096
0.5207624435424805 0.42914098501205444 -0.03539520129561424
0.4518877863883972 0.547536313533783 -0.01652323640882969
0.4697668254375458 0.49320223927497864 -0.029584484174847603
0.484754741191864 0.46504735946655273 -0.033731695264577866
0.4987521171569824 0.44055652618408203 -0.03589648753404617
