Alex_image_spock_53.jpg
0.4344067871570587 0.6609051823616028 6.509306444968388e-07
0.4907775819301605 0.6455247402191162 -0.020654935389757156
0.5356393456459045 0.5912392735481262 -0.020666765049099922
0.5701470971107483 0.5567498803138733 -0.018911762163043022
0.6042139530181885 0.5435109734535217 -0.01507098414003849
0.49245649576187134 0.4901508092880249 0.020157085731625557
0.5007382035255432 0.42673689126968384 0.03105907328426838
0.5039269924163818 0.38371777534484863 0.037824925035238266
0.5052952766418457 0.3533651530742645 0.04309501871466637
0.4651942849159241 0.4794917106628418 0.026947930455207825
0.47399240732192993 0.4086463451385498 0.04565485939383507
0.4789993464946747 0.36444705724716187 0.05921178683638573
0.48265859484672546 0.33025580644607544 0.07063652575016022
0.4401717185974121 0.48111140727996826 0.02788148634135723
0.4534972906112671 0.4204906225204468 0.03555873781442642
0.4674822986125946 0.3872535228729248 0.04237140342593193
0.4774467945098877 0.3609878420829773 0.04946724325418472
0.41451337933540344 0.4876188039779663 0.025082074105739594
0.42734992504119873 0.4366684854030609 0.0224746260792017
0.4404405951499939 0.4105111062526703 0.022938722744584084
0.45480093359947205 0.3880384862422943 0.027043506503105164
