Alex_image_four_31.jpg
0.48563170433044434 0.8309469819068909 6.36245147234149e-07
0.5472943186759949 0.8280299305915833 -0.02174476720392704
0.6138316988945007 0.8090264797210693 -0.032631855458021164
0.6717888712882996 0.7922391891479492 -0.04263955354690552
0.7156327366828918 0.7977582216262817 -0.05499082803726196
0.604259729385376 0.6715618371963501 -0.009912589564919472
0.6416633129119873 0.6042963266372681 -0.021366411820054054
0.665536105632782 0.5689746737480164 -0.03107251599431038
0.684281587600708 0.5345209836959839 -0.03906906768679619
0.5648068189620972 0.6434715986251831 -0.01105727069079876
0.58945631980896 0.5647628903388977 -0.02126927673816681
0.607295036315918 0.5206679105758667 -0.029447847977280617
0.6233271956443787 0.4851093888282776 -0.034720953553915024
0.5263035297393799 0.6451529860496521 -0.016129424795508385
0.5236015319824219 0.5655248761177063 -0.03760562464594841
0.5235373973846436 0.5185308456420898 -0.05777175351977348
0.5283182859420776 0.472883939743042 -0.07019995152950287
0.4878270626068115 0.6715007424354553 -0.021958814933896065
0.4871256351470947 0.6413031220436096 -0.042502738535404205
0.48856472969055176 0.6770669221878052 -0.04928933084011078
0.4951198697090149 0.711392343044281 -0.05282911658287048
