Alex_image_five_63.jpg
0.4683779180049896 0.6732691526412964 4.3514992853488366e-07
0.5157813429832458 0.6537454128265381 -0.026274992153048515
0.565884530544281 0.6265495419502258 -0.04680025205016136
0.6105043292045593 0.6078115701675415 -0.0684819296002388
0.647878110408783 0.6065229177474976 -0.08909311890602112
0.5362134575843811 0.505325198173523 -0.013153399340808392
0.5539905428886414 0.4492577314376831 -0.02192705310881138
0.5589836835861206 0.4185742735862732 -0.02413659170269966
0.5610536336898804 0.3988659679889679 -0.02457805909216404
0.5027185082435608 0.4939693510532379 -0.012763054110109806
0.5136927366256714 0.426040381193161 -0.014586237259209156
0.5172877907752991 0.39435821771621704 -0.006564561277627945
0.5207846760749817 0.3712312877178192 0.001706240582279861
0.46940404176712036 0.4997667372226715 -0.017953794449567795
0.45372703671455383 0.4332450330257416 -0.024957427754998207
0.4417583644390106 0.39207133650779724 -0.02283160388469696
0.43452516198158264 0.3579201102256775 -0.018976014107465744
0.4356500804424286 0.5217544436454773 -0.026775550097227097
0.40431320667266846 0.4884665012359619 -0.036692019551992416
0.3829864263534546 0.4660238027572632 -0.03796364739537239
0.3683071434497833 0.44222500920295715 -0.035899315029382706
