Alex_image_one_33.jpg
0.5146318674087524 0.610916256904602 -1.4270086694523343e-06
0.3885689377784729 0.506119966506958 -0.01885501854121685
0.30606386065483093 0.38464581966400146 -0.013954908587038517
0.2495046705007553 0.2946086823940277 -0.013710131868720055
0.20384036004543304 0.25654399394989014 -0.0014605685137212276
0.4267822206020355 0.22280168533325195 0.04898090288043022
0.4160459339618683 0.13160379230976105 -0.008102563209831715
0.40802228450775146 0.25173765420913696 -0.04239315912127495
0.41815149784088135 0.31242644786834717 -0.05686235427856445
0.5042935609817505 0.2296605408191681 0.04023177921772003
0.4882484972476959 0.12681570649147034 -0.023628979921340942
0.4724780321121216 0.2862430810928345 -0.040302351117134094
0.48624128103256226 0.3160821199417114 -0.034848544746637344
0.5733389854431152 0.25840654969215393 0.01879499852657318
0.5655657649040222 0.15751968324184418 -0.04158766567707062
0.5372031331062317 0.29279083013534546 -0.020048057660460472
0.5482405424118042 0.3170540928840637 0.012167406268417835
0.639685869216919 0.30226048827171326 -0.005517333745956421
0.6328691244125366 0.22323650121688843 -0.031766921281814575
0.5997800230979919 0.3123386800289154 -0.007717039901763201
0.6026908159255981 0.33374348282814026 0.019090544432401657
