Alex_image_zero_26.jpg
0.526555061340332 0.4268600046634674 -4.964171012034058e-07
0.48544055223464966 0.38058608770370483 -0.010115101933479309
0.4622923731803894 0.3191322386264801 -0.017385447397828102
0.4719151258468628 0.2606886625289917 -0.027915187180042267
0.5021275281906128 0.23473092913627625 -0.03346739709377289
0.4851880669593811 0.26077306270599365 0.008113834075629711
0.4843280017375946 0.21020352840423584 -0.01929130218923092
0.48339593410491943 0.2669066786766052 -0.030642924830317497
0.4872419536113739 0.2871893048286438 -0.033337920904159546
0.51437908411026 0.26663339138031006 0.0024570117238909006
0.5149519443511963 0.2241469770669937 -0.024207647889852524
0.5106128454208374 0.2885124087333679 -0.025089344009757042
0.5131277441978455 0.2975900173187256 -0.017915157601237297
0.5437579154968262 0.2780875563621521 -0.008547875098884106
0.5432113409042358 0.2414800226688385 -0.03510570153594017
0.5350038409233093 0.3025411069393158 -0.022280223667621613
0.5364395380020142 0.3130725920200348 -0.005282019264996052
0.5729186534881592 0.295330673456192 -0.020883243530988693
0.5696871876716614 0.25788360834121704 -0.028954649344086647
0.5598105788230896 0.2994707524776459 -0.01370137371122837
0.5607799291610718 0.314823716878891 0.0015268218703567982
