Alex_image_zero_23.jpg
0.4646857976913452 0.4645657241344452 1.128506510461591e-09
0.5237213373184204 0.3800947070121765 -0.00702250748872757
0.5499814748764038 0.30320826172828674 -0.007938122376799583
0.5524192452430725 0.24998435378074646 -0.007799528073519468
0.5397184491157532 0.2251913845539093 -0.005204593297094107
0.4808385372161865 0.23891285061836243 -0.0018011145293712616
0.524213433265686 0.20529833436012268 -0.006452611181885004
0.5330120921134949 0.24040359258651733 -0.015838926658034325
0.5205230712890625 0.26357272267341614 -0.02341367118060589
0.4481598734855652 0.2439786195755005 0.0007480710628442466
0.4979418218135834 0.2179609090089798 -0.0010448681423440576
0.5088541507720947 0.24412645399570465 -0.008304583840072155
0.50016850233078 0.26963722705841064 -0.01489897072315216
0.4288021922111511 0.26023364067077637 0.0032811239361763
0.4767470955848694 0.23712897300720215 0.004198623355478048
0.48860669136047363 0.26138824224472046 0.004805972799658775
0.48275434970855713 0.28658944368362427 0.003997573629021645
0.4180746376514435 0.2793790400028229 0.004507075995206833
0.4621455669403076 0.25860875844955444 0.008382720872759819
0.473701536655426 0.27856045961380005 0.012676417827606201
0.4697292447090149 0.3008863031864166 0.01581478863954544
0.4621187150478363 0.7367081642150879 7.016588483566011e-07
0.47398096323013306 0.6354987621307373 -0.0025632651522755623
0.47942572832107544 0.5135233998298645 -0.007157578133046627
0.49326762557029724 0.42665860056877136 -0.014287687838077545
0.5105485916137695 0.36276787519454956 -0.02154952473938465
0.45701730251312256 0.4486139118671417 0.002044008346274495
0.48004308342933655 0.3438488841056824 -0.01541645172983408
0.5000323057174683 0.2725144624710083 -0.03290480375289917
0.5172181129455566 0.21741798520088196 -0.045201633125543594
0.4580271542072296 0.45403993129730225 -0.008225849829614162
0.4843413829803467 0.34338057041168213 -0.022225743159651756
0.5061290264129639 0.26928505301475525 -0.035801250487565994
0.5245431065559387 0.21131539344787598 -0.046877793967723846
0.46529626846313477 0.47219547629356384 -0.020884163677692413
0.49340009689331055 0.36713263392448425 -0.030294256284832954
0.5143999457359314 0.2995866537094116 -0.03574682027101517
0.5307244062423706 0.250818133354187 -0.04176980257034302
0.477641224861145 0.49954837560653687 -0.03501444682478905
0.49718764424324036 0.41744858026504517 -0.03949572890996933
0.5135148167610168 0.36367619037628174 -0.039733562618494034
0.5259273052215576 0.3221752941608429 -0.04175447300076485
