Alex_image_one_32.jpg
0.4934380054473877 0.522880494594574 -9.701606131784501e-07
0.36949434876441956 0.46322697401046753 -0.03498357906937599
0.27168595790863037 0.3999878764152527 -0.04941537231206894
0.19228722155094147 0.33942073583602905 -0.06598203629255295
0.13219982385635376 0.32106029987335205 -0.06951028108596802
0.35001140832901 0.21807970106601715 0.02651115320622921
0.35203221440315247 0.11655179411172867 -0.024493122473359108
0.3626840114593506 0.2344815880060196 -0.05219631642103195
0.3639506995677948 0.30019575357437134 -0.06304094195365906
0.4231456220149994 0.20114198327064514 0.02739589288830757
0.419741153717041 0.11237042397260666 -0.03227480873465538
0.4233516752719879 0.2582877576351166 -0.048825960606336594
0.4165653586387634 0.2989112138748169 -0.04694907367229462
0.48794859647750854 0.2081734836101532 0.016856724396348
0.4871837794780731 0.12087526172399521 -0.0325050950050354
0.48122990131378174 0.24802768230438232 -0.009303263388574123
0.47624266147613525 0.293063759803772 0.019416335970163345
0.5518833994865417 0.23592570424079895 0.0018524379702284932
0.5533163547515869 0.1569339632987976 -0.016267111524939537
0.5366889238357544 0.24633239209651947 0.008953483775258064
0.5248000025749207 0.28087684512138367 0.034202251583337784
