Alex_image_one_18.jpg
0.6033836603164673 0.6949793696403503 4.825533892471867e-07
0.5235045552253723 0.6378445625305176 -0.009464070200920105
0.46221399307250977 0.5687176585197449 -0.018037298694252968
0.4210822284221649 0.5154389142990112 -0.028276078402996063
0.39109355211257935 0.4755990505218506 -0.038771677762269974
0.4790501594543457 0.6176469326019287 -0.012300464324653149
0.45704105496406555 0.5603447556495667 -0.03504975885152817
0.456764280796051 0.5116560459136963 -0.054157406091690063
0.4629242420196533 0.48870933055877686 -0.06837166100740433
0.5198817849159241 0.6249083876609802 -0.022096673026680946
0.5170027613639832 0.5508084893226624 -0.049915555864572525
0.5277141332626343 0.5026026964187622 -0.07409564405679703
0.5341190695762634 0.4758796691894531 -0.09357341378927231
0.5596857666969299 0.6298602223396301 -0.0336613766849041
0.566227912902832 0.5684067010879517 -0.06007552146911621
0.569936990737915 0.5194199681282043 -0.07417465001344681
0.5719414353370667 0.48621225357055664 -0.08521190285682678
0.6000635623931885 0.6323352456092834 -0.04553230479359627
0.6083750128746033 0.5923951268196106 -0.0663832277059555
0.6107271909713745 0.555200457572937 -0.07527273893356323
0.6125375032424927 0.5264714360237122 -0.0828469842672348
