Alex_image_five_44.jpg
0.4249383211135864 0.7472101449966431 3.969674651216337e-07
0.40883344411849976 0.6938371658325195 0.004543627612292767
0.4018956422805786 0.6443012952804565 -0.0015192911960184574
0.38721323013305664 0.6128734350204468 -0.009016679599881172
0.3595028519630432 0.6062397956848145 -0.01898602955043316
0.45167991518974304 0.5804305076599121 -0.022433429956436157
0.47010287642478943 0.5008766651153564 -0.034530725330114365
0.4826471209526062 0.45205387473106384 -0.041358161717653275
0.49171361327171326 0.41344910860061646 -0.04646575450897217
0.4749550223350525 0.594936728477478 -0.03580104559659958
0.5054394006729126 0.5117777585983276 -0.0485227145254612
0.5250261425971985 0.454786479473114 -0.05926213040947914
0.540327250957489 0.40775516629219055 -0.06675826758146286
0.49544739723205566 0.6286486983299255 -0.04745987430214882
0.5505053400993347 0.5780136585235596 -0.06532945483922958
0.5863908529281616 0.5402334332466125 -0.08329566568136215
0.6130759119987488 0.5075700283050537 -0.09507210552692413
0.5118521451950073 0.6735356450080872 -0.05688481032848358
0.5685449838638306 0.6708946228027344 -0.0748606026172638
0.6012651920318604 0.6697214245796204 -0.08487065881490707
0.6269668936729431 0.6654601693153381 -0.09086963534355164
