Alex_image_four_46.jpg
0.4361364245414734 0.6493644118309021 8.888957836461486e-07
0.46677160263061523 0.6829602718353271 -0.03492293506860733
0.5025018453598022 0.7159335017204285 -0.05899558588862419
0.5323722958564758 0.7497491240501404 -0.07994871586561203
0.5521300435066223 0.7787669897079468 -0.10136862099170685
0.5679280757904053 0.6484279036521912 -0.04442693665623665
0.6239148378372192 0.6683055758476257 -0.07006148993968964
0.6576782464981079 0.6727262735366821 -0.08831508457660675
0.6883687973022461 0.672044575214386 -0.10100661963224411
0.5497523546218872 0.5936706066131592 -0.04140374809503555
0.5863003730773926 0.5520294308662415 -0.06616579741239548
0.6094198822975159 0.5138962864875793 -0.08385999500751495
0.6298444271087646 0.4812004566192627 -0.09588649123907089
0.5161117315292358 0.5673320293426514 -0.04062286391854286
0.5256618857383728 0.5332199335098267 -0.07151619344949722
0.5200622081756592 0.5462696552276611 -0.0861944705247879
0.5158401727676392 0.5599327087402344 -0.09095849841833115
0.48124727606773376 0.5618414282798767 -0.041545603424310684
0.47710520029067993 0.5496383309364319 -0.06907838582992554
0.4655594229698181 0.5656514167785645 -0.07709852606058121
0.45784708857536316 0.5832955241203308 -0.07861413061618805
