Alex_image_two_89.jpg
0.4109155237674713 0.7989557385444641 2.0374928411115434e-08
0.4907173216342926 0.7321773767471313 -0.04462333396077156
0.5508694052696228 0.6617165207862854 -0.05872970446944237
0.6196854114532471 0.6152291893959045 -0.06687606126070023
0.6684155464172363 0.6085144877433777 -0.06878695636987686
0.4818004369735718 0.5159844756126404 -0.021271297708153725
0.4712056517601013 0.3999718427658081 -0.048498574644327164
0.46202144026756287 0.32949864864349365 -0.0630970299243927
0.4453652501106262 0.2673286199569702 -0.07290537655353546
0.4285496771335602 0.5372063517570496 -0.011702924966812134
0.41396525502204895 0.48394104838371277 -0.045655716210603714
0.4354930520057678 0.5986504554748535 -0.0384560190141201
0.44820788502693176 0.6338257193565369 -0.02428044006228447
0.379695862531662 0.5688667893409729 -0.010498556308448315
0.3644058108329773 0.5161128640174866 -0.052268899977207184
0.3950062692165375 0.6179646849632263 -0.03159812465310097
0.4087192118167877 0.6475839614868164 -0.006275087129324675
0.3375639021396637 0.6102887392044067 -0.013994264416396618
0.3228432238101959 0.5678247213363647 -0.04228884354233742
0.35378915071487427 0.6312339901924133 -0.02808300592005253
0.3678578734397888 0.6588762998580933 -0.010748590342700481
