Alex_image_three_7.jpg
0.4230820834636688 0.49998658895492554 3.8665672263960005e-07
0.4579836428165436 0.5237266421318054 -0.0286819227039814
0.5009282827377319 0.5319730043411255 -0.038134075701236725
0.5402271151542664 0.5343936681747437 -0.045616235584020615
0.5714821815490723 0.5393481254577637 -0.05244968459010124
0.5247128009796143 0.4773159325122833 -0.01842409372329712
0.5675083994865417 0.45263317227363586 -0.03400105610489845
0.5929356813430786 0.4328678548336029 -0.04336502030491829
0.6143243908882141 0.4147137999534607 -0.04881812632083893
0.5086480379104614 0.4475398063659668 -0.013559269718825817
0.5343704223632812 0.3992778956890106 -0.03439394757151604
0.5523343086242676 0.3651895523071289 -0.04692269116640091
0.5680932998657227 0.33485281467437744 -0.05177619308233261
0.48508813977241516 0.4317290484905243 -0.01199271623045206
0.48256972432136536 0.3985424041748047 -0.04319758340716362
0.46376168727874756 0.43153440952301025 -0.05009199306368828
0.4545169472694397 0.4580814838409424 -0.044929828494787216
0.4595005512237549 0.423564612865448 -0.012100080959498882
0.4574824273586273 0.3989308774471283 -0.03697431460022926
0.44655686616897583 0.423885315656662 -0.03959585726261139
0.443377286195755 0.4482695460319519 -0.03480035811662674
