Alex_image_two_76.jpg
0.4407458007335663 0.6115615963935852 2.544740596022166e-07
0.46992090344429016 0.5993417501449585 -0.03543279692530632
0.5017611384391785 0.5736756920814514 -0.05799708515405655
0.5371915698051453 0.5623629689216614 -0.07804663479328156
0.5667594075202942 0.5645803213119507 -0.09630922228097916
0.5029190182685852 0.4915647506713867 -0.028503503650426865
0.5072124600410461 0.4318698048591614 -0.05109603330492973
0.5099736452102661 0.3908190429210663 -0.060665931552648544
0.5124517679214478 0.3501824736595154 -0.06646277010440826
0.4750693738460541 0.4875185489654541 -0.021155206486582756
0.46089428663253784 0.47066646814346313 -0.04731455817818642
0.45669931173324585 0.5271757245063782 -0.04351930692791939
0.46472975611686707 0.5354554057121277 -0.03449522703886032
0.4467076063156128 0.4921824038028717 -0.01924450322985649
0.4324830174446106 0.48122623562812805 -0.04499859735369682
0.4360014796257019 0.5321390628814697 -0.03299277648329735
0.4467199444770813 0.5398593544960022 -0.019176216796040535
0.42012423276901245 0.5004646182060242 -0.021004948765039444
0.4094908833503723 0.49233800172805786 -0.037111908197402954
0.4149506390094757 0.5290517210960388 -0.03054037317633629
0.42434170842170715 0.5404507517814636 -0.021901745349168777
