Dominik_image_two_36.jpg
0.6792609095573425 0.9619997143745422 -2.0049533588917257e-07
0.6379485130310059 0.8812806606292725 -0.05313774570822716
0.6122641563415527 0.7585322260856628 -0.09791213274002075
0.5792332291603088 0.6545521020889282 -0.14176605641841888
0.5407181978225708 0.5705820322036743 -0.18461579084396362
0.7511558532714844 0.6715823411941528 -0.08364921808242798
0.8193999528884888 0.5797560214996338 -0.14542706310749054
0.8776490092277527 0.5211751461029053 -0.1767280399799347
0.9302189350128174 0.47535645961761475 -0.19590191543102264
0.8121693134307861 0.7095084190368652 -0.08290809392929077
0.8163593411445618 0.7784755229949951 -0.15381838381290436
0.7403848171234131 0.8331259489059448 -0.15639133751392365
0.7183269262313843 0.8120498657226562 -0.14576095342636108
0.8525050282478333 0.7807502746582031 -0.08866242319345474
0.8374711871147156 0.8796713352203369 -0.15921393036842346
0.7631235122680664 0.9062800407409668 -0.14241665601730347
0.7444642186164856 0.8688918352127075 -0.11853192001581192
0.8783238530158997 0.8606662750244141 -0.09915785491466522
0.864080548286438 0.9371993541717529 -0.14491067826747894
0.8044830560684204 0.9533113837242126 -0.1342526227235794
0.7837051153182983 0.9240152835845947 -0.11719129979610443
