Dominik_image_zero_81.jpg
0.3468795120716095 0.68406081199646 -1.7601018953428138e-07
0.3694956600666046 0.5987000465393066 0.0026420317590236664
0.3495403528213501 0.5226516723632812 0.005858355667442083
0.31414923071861267 0.4756755232810974 0.010358679108321667
0.2843700349330902 0.4850834310054779 0.01527756080031395
0.271562397480011 0.5259676575660706 -0.0010927864350378513
0.2851219177246094 0.5020647048950195 0.0038685868494212627
0.3101639151573181 0.5241513252258301 0.0014744872460141778
0.31928396224975586 0.5410958528518677 -0.002407263731583953
0.2481563687324524 0.5701367855072021 -0.0010838175658136606
0.26744747161865234 0.5402709245681763 0.013806164264678955
0.28989583253860474 0.5547628402709961 0.015489142388105392
0.29787677526474 0.5717965960502625 0.010440841317176819
0.24054740369319916 0.6127310395240784 0.0008710455149412155
0.25668686628341675 0.5852912068367004 0.014422765001654625
0.2758393883705139 0.5922707319259644 0.01739395037293434
0.2853447496891022 0.6088516116142273 0.013255679048597813
0.2391727864742279 0.6474625468254089 0.0031401708256453276
0.2519753575325012 0.6213967800140381 0.01551320031285286
0.26757484674453735 0.6282873749732971 0.02352345734834671
0.2756875455379486 0.6414332985877991 0.02596987970173359
