Dominik_image_one_82.jpg
0.7431764006614685 0.547616183757782 3.4980919849658676e-07
0.7321746945381165 0.5914952754974365 -0.11755035072565079
0.7146891355514526 0.6456957459449768 -0.19757814705371857
0.7100657224655151 0.6915276646614075 -0.2575220465660095
0.7075210809707642 0.7630624771118164 -0.31031572818756104
0.6207127571105957 0.49671420454978943 -0.17789693176746368
0.6853610873222351 0.49071529507637024 -0.22326751053333282
0.7021211385726929 0.5204947590827942 -0.2218814641237259
0.6801958680152893 0.5317955017089844 -0.21816393733024597
0.6347169876098633 0.44690796732902527 -0.1397562325000763
0.7014658451080322 0.4455471634864807 -0.19495932757854462
0.725266695022583 0.49865877628326416 -0.18232597410678864
0.7021040916442871 0.4947391450405121 -0.1660434901714325
0.6609343886375427 0.40487682819366455 -0.10815437138080597
0.7245165109634399 0.41648799180984497 -0.15499532222747803
0.7387220859527588 0.4646964967250824 -0.1398419290781021
0.716240406036377 0.46359488368034363 -0.12506920099258423
0.6846257448196411 0.36820605397224426 -0.0865572988986969
0.7303340435028076 0.3818911015987396 -0.12072505801916122
0.7440083026885986 0.42016828060150146 -0.1267499327659607
0.732302725315094 0.41787803173065186 -0.1280941218137741
