Dominik_image_zero_55.jpg
0.3483476936817169 0.780200719833374 -3.0078652457632415e-07
0.3196803331375122 0.7168504595756531 0.0027103086467832327
0.26562750339508057 0.6563234925270081 -0.008584359660744667
0.20747455954551697 0.6312360167503357 -0.016176363453269005
0.1684575378894806 0.6490442752838135 -0.023230789229273796
0.24445340037345886 0.6232643723487854 -0.05914059653878212
0.16327214241027832 0.6838943958282471 -0.06526394933462143
0.18093419075012207 0.711897075176239 -0.05130600184202194
0.19856908917427063 0.7033501267433167 -0.04137561097741127
0.24640902876853943 0.6673767566680908 -0.06904751062393188
0.16206052899360657 0.730388879776001 -0.07292227447032928
0.18653513491153717 0.7522653341293335 -0.05122916027903557
0.20865672826766968 0.7414295673370361 -0.03997991606593132
0.2452930510044098 0.7226419448852539 -0.07503116130828857
0.17054051160812378 0.7784151434898376 -0.07330169528722763
0.19798795878887177 0.7923716902732849 -0.047922346740961075
0.22105130553245544 0.7812373042106628 -0.03749386966228485
0.2458183318376541 0.7809847593307495 -0.08052229881286621
0.19604186713695526 0.816082775592804 -0.08243262767791748
0.21858534216880798 0.821970522403717 -0.07005969434976578
0.23705121874809265 0.8123643398284912 -0.06329893320798874
