Dominik_image_five_95.jpg
0.7932087779045105 0.7440418004989624 6.972121582293767e-07
0.8416541814804077 0.6352919340133667 -0.014319606125354767
0.8626248836517334 0.5265792608261108 -0.03359539806842804
0.8913367986679077 0.43774881958961487 -0.05079921334981918
0.9330105781555176 0.386951208114624 -0.07020341604948044
0.7501046061515808 0.43966734409332275 -0.05520203337073326
0.6966318488121033 0.30801019072532654 -0.07734846323728561
0.6603541970252991 0.22695620357990265 -0.08943203091621399
0.6304545402526855 0.16186827421188354 -0.09981312602758408
0.6951428055763245 0.47470951080322266 -0.06516894698143005
0.6258571743965149 0.3413509130477905 -0.09312531352043152
0.5748509764671326 0.2506712079048157 -0.1119120866060257
0.5351247787475586 0.18190357089042664 -0.12557601928710938
0.6517083048820496 0.5308158993721008 -0.0731596127152443
0.5807844400405884 0.4193076491355896 -0.10172883421182632
0.5339469313621521 0.3377133011817932 -0.12750309705734253
0.4982534348964691 0.2748410701751709 -0.14443868398666382
0.6216814517974854 0.5979372262954712 -0.07996606081724167
0.5439865589141846 0.5436238646507263 -0.11218688637018204
0.4909369945526123 0.5118991732597351 -0.1334443837404251
0.4439352750778198 0.48007720708847046 -0.1457682102918625
