Dominik_image_zero_72.jpg
0.6625987887382507 0.6610661149024963 -5.96826566834352e-07
0.6121947765350342 0.6329449415206909 0.004291383549571037
0.5825508832931519 0.5798127055168152 0.007557919714599848
0.5740846395492554 0.5367019772529602 0.005178512539714575
0.5728902220726013 0.5062460899353027 0.0059746853075921535
0.6076359152793884 0.5156953930854797 0.02201387658715248
0.5858462452888489 0.478434294462204 0.0002398373035248369
0.5871888995170593 0.5269110202789307 -0.009862404316663742
0.5986524820327759 0.5453037619590759 -0.012970958836376667
0.628799319267273 0.5121535658836365 0.011047190986573696
0.6015783548355103 0.4773218631744385 -0.012682964093983173
0.6036227345466614 0.5362248420715332 -0.01504157017916441
0.6204038858413696 0.5449645519256592 -0.009310358203947544
0.6536722779273987 0.5100637674331665 -0.0041907974518835545
0.6223859190940857 0.4812754690647125 -0.027868064120411873
0.6233113408088684 0.5411186814308167 -0.018406886607408524
0.641590416431427 0.550591230392456 -0.0047162664122879505
0.6828435063362122 0.5116866230964661 -0.019847992807626724
0.6481673121452332 0.49468255043029785 -0.0316590778529644
0.6435297131538391 0.5380745530128479 -0.023191159591078758
0.6592466831207275 0.5505934953689575 -0.01272713951766491
