Dominik_image_two_12.jpg
0.7968881726264954 0.7183606624603271 -5.813421921629924e-07
0.8034454584121704 0.618739664554596 0.054781556129455566
0.7831655740737915 0.5371575355529785 0.07514367252588272
0.7654995918273926 0.46582460403442383 0.09164324402809143
0.7736654281616211 0.41570860147476196 0.10758791863918304
0.7428562641143799 0.4672086238861084 0.001360351569019258
0.6540087461471558 0.40096744894981384 -0.015490639954805374
0.5980979800224304 0.3695216774940491 -0.0307552982121706
0.5554972887039185 0.3465040922164917 -0.03879120573401451
0.7163755297660828 0.5115132927894592 -0.01447862759232521
0.6347203850746155 0.4814990162849426 -0.005540129262953997
0.6550004482269287 0.5179906487464905 0.016630511730909348
0.6860787272453308 0.5403925776481628 0.02796575427055359
0.6864400506019592 0.566990852355957 -0.02491426281630993
0.6269538998603821 0.5382792353630066 -0.013174072839319706
0.6452412009239197 0.572933554649353 0.010833416134119034
0.6727810502052307 0.594258725643158 0.022819433361291885
0.6582179069519043 0.6220036745071411 -0.029395824298262596
0.6234472990036011 0.5894519090652466 -0.00774303637444973
0.6445423364639282 0.6202839612960815 0.017932292073965073
0.6662983894348145 0.640804648399353 0.032877836376428604
0.7209625244140625 0.6326289772987366 -1.038163333078046e-09
0.7203174233436584 0.5765016078948975 -0.0007686857134103775
0.7031515836715698 0.5231292247772217 -0.011264384724199772
0.6783496141433716 0.49530941247940063 -0.022827139124274254
0.6571069359779358 0.494441956281662 -0.035830240696668625
0.7021429538726807 0.48735401034355164 -0.029574189335107803
0.6628506779670715 0.4478485882282257 -0.05067376419901848
0.6494138240814209 0.44606882333755493 -0.06138775870203972
0.6454576253890991 0.4487919807434082 -0.06779374927282333
0.6874058246612549 0.5203225016593933 -0.04047122597694397
0.6391139030456543 0.4840695559978485 -0.060293249785900116
0.6487749218940735 0.5093580484390259 -0.0601654127240181
0.6680960059165955 0.5264469385147095 -0.058283258229494095
0.6711344122886658 0.5647962689399719 -0.05087413638830185
0.6257930994033813 0.5371388792991638 -0.06706021726131439
0.6405035257339478 0.5611187219619751 -0.0539514534175396
0.6604929566383362 0.574374258518219 -0.04349127039313316
0.6554779410362244 0.6138744950294495 -0.061146728694438934
0.6227065920829773 0.5944538116455078 -0.0732332095503807
0.6367795467376709 0.6091234683990479 -0.06340194493532181
0.6535451412200928 0.6162867546081543 -0.05457684025168419
