Dominik_image_four_71.jpg
0.6717900633811951 0.4298167824745178 5.337938659977226e-07
0.6851316690444946 0.37430593371391296 -0.0035723536275327206
0.6831068396568298 0.3206530511379242 -0.011536340229213238
0.6860515475273132 0.2644917368888855 -0.018650367856025696
0.6983138918876648 0.22329092025756836 -0.026608221232891083
0.6094281077384949 0.27885305881500244 -0.014973701909184456
0.5488952994346619 0.24113523960113525 -0.019467627629637718
0.5130795240402222 0.2306416928768158 -0.02083352953195572
0.48563486337661743 0.22235500812530518 -0.021941283717751503
0.5876944065093994 0.305625319480896 -0.01994316652417183
0.518722414970398 0.2691055238246918 -0.02858516201376915
0.4773980677127838 0.2502936124801636 -0.033725280314683914
0.4485807418823242 0.23281675577163696 -0.035914283245801926
0.5736097693443298 0.34756341576576233 -0.02349642477929592
0.5035071969032288 0.3373190760612488 -0.03705403208732605
0.46632468700408936 0.33351290225982666 -0.04530228674411774
0.44324636459350586 0.3246215879917145 -0.048794280737638474
0.56972736120224 0.39766573905944824 -0.025743596255779266
0.5339221358299255 0.4001365303993225 -0.03447941318154335
0.5479656457901001 0.41058221459388733 -0.03153914585709572
0.5673843026161194 0.4126895070075989 -0.027336137369275093
