Dominik_image_three_1.jpg
0.5910632014274597 0.678927481174469 4.959952661920397e-07
0.5571433305740356 0.6809360384941101 -0.011170769110321999
0.5159285068511963 0.6589170694351196 -0.01975814811885357
0.4827842116355896 0.6536985635757446 -0.029220448806881905
0.45551586151123047 0.6574298143386841 -0.03880348429083824
0.5260657668113708 0.5854952931404114 -0.017005810514092445
0.507853627204895 0.5337428450584412 -0.028940849006175995
0.49589163064956665 0.49932780861854553 -0.03562677651643753
0.48577240109443665 0.47039490938186646 -0.039975542575120926
0.5477889180183411 0.5745503306388855 -0.022228432819247246
0.538291871547699 0.5137972235679626 -0.0372915118932724
0.5313997864723206 0.4733133316040039 -0.04657028615474701
0.5257923007011414 0.4392961859703064 -0.050665535032749176
0.5725382566452026 0.5768730640411377 -0.027698909863829613
0.5652940273284912 0.5635688304901123 -0.047901906073093414
0.5632752776145935 0.6060473918914795 -0.04879258573055267
0.5625389814376831 0.6365032196044922 -0.04320777207612991
0.5962715148925781 0.588357150554657 -0.03371327742934227
0.586377739906311 0.5864468216896057 -0.04967596381902695
0.5828444957733154 0.6189563274383545 -0.046591609716415405
0.5812492370605469 0.6435127258300781 -0.03988150879740715
0.5303487777709961 0.6482523679733276 8.356715852642083e-08
0.5199574828147888 0.6420291662216187 -0.006401452235877514
0.49619415402412415 0.6350995302200317 -0.010215483605861664
0.47144976258277893 0.6400911808013916 -0.015416367910802364
0.44715261459350586 0.6474239826202393 -0.02106391452252865
0.503146231174469 0.5667091608047485 -0.0015902502927929163
0.48494917154312134 0.5177373886108398 -0.0017031105235219002
0.48391759395599365 0.499565452337265 -0.0038414369337260723
0.47978633642196655 0.4811580777168274 -0.00654405914247036
0.5082864761352539 0.568290650844574 -0.0027012487407773733
0.5064986944198608 0.5138050317764282 -0.003672015154734254
0.5093836188316345 0.48526012897491455 -0.007366010453552008
0.512353777885437 0.46246373653411865 -0.011763145215809345
0.5132743716239929 0.5777481198310852 -0.005162268877029419
0.5099942684173584 0.5624833703041077 -0.010510323569178581
0.5236849188804626 0.5822223424911499 -0.013518461026251316
0.5323596000671387 0.5910605192184448 -0.014869383536279202
0.5171213746070862 0.5911886096000671 -0.00772433914244175
0.5140722990036011 0.5799741148948669 -0.010060038417577744
0.517544150352478 0.59013831615448 -0.007969553582370281
0.5196926593780518 0.5965633392333984 -0.006962907034903765
