Dominik_image_two_60.jpg
0.7345666289329529 0.42953622341156006 -2.9488921882148134e-07
0.6573834419250488 0.3802053928375244 0.00046804899466224015
0.5536124110221863 0.354521244764328 -0.018259979784488678
0.48463475704193115 0.3139137625694275 -0.03513401374220848
0.4398875832557678 0.2592548131942749 -0.0542919896543026
0.5680630803108215 0.3755277991294861 -0.08000540733337402
0.48654669523239136 0.5035045742988586 -0.11538690328598022
0.442884624004364 0.5746651291847229 -0.13832177221775055
0.41001296043395996 0.6391648650169373 -0.15386420488357544
0.6103110313415527 0.441468745470047 -0.09392198920249939
0.5191708207130432 0.5507358908653259 -0.12237370014190674
0.5412370562553406 0.5120313763618469 -0.12024494260549545
0.5778157114982605 0.4683701992034912 -0.120928093791008
0.6466865539550781 0.5006893873214722 -0.10330293327569962
0.5549354553222656 0.5812261700630188 -0.12768107652664185
0.5766976475715637 0.5486375689506531 -0.10800608992576599
0.6091579794883728 0.5111014246940613 -0.09460010379552841
0.673067033290863 0.5503869652748108 -0.1113968938589096
0.595097541809082 0.6072995066642761 -0.12746481597423553
0.6161141395568848 0.5797073841094971 -0.10891839116811752
0.6455373167991638 0.5501453280448914 -0.09515570849180222
0.90812087059021 0.7871707081794739 -4.751862263674411e-07
0.7488225102424622 0.7689355611801147 0.031641885638237
0.6275217533111572 0.7100487947463989 0.034407299011945724
0.5384958982467651 0.6887689232826233 0.02142859250307083
0.461200088262558 0.6773608326911926 0.005995439365506172
0.6576354503631592 0.4085528552532196 0.0585813969373703
0.5399982333183289 0.3446442484855652 0.04726628586649895
0.48240381479263306 0.3028179407119751 0.02245381660759449
0.42653465270996094 0.2571382224559784 6.521742034237832e-05
0.6930033564567566 0.40604060888290405 0.024302339181303978
0.5229355692863464 0.4264014661312103 -0.011008641682565212
0.4401366114616394 0.5364127159118652 -0.045925818383693695
0.3979318141937256 0.6389440298080444 -0.06493775546550751
0.7152134776115417 0.4363858997821808 -0.009944595396518707
0.5600636601448059 0.4530733525753021 -0.034351643174886703
0.4974353313446045 0.5514365434646606 -0.04765687882900238
0.48001226782798767 0.632291316986084 -0.05340932682156563
0.7318628430366516 0.48304975032806396 -0.042486511170864105
0.6322289109230042 0.5349311232566833 -0.05286801606416702
0.6094573736190796 0.5941030979156494 -0.05166758969426155
0.6155946254730225 0.6325823068618774 -0.04698699712753296
