Dominik_image_three_93.jpg
0.6737775802612305 0.6652374267578125 4.594399456436804e-07
0.6446853280067444 0.6542938947677612 -0.009090550243854523
0.6102670431137085 0.6227943897247314 -0.017172880470752716
0.5772372484207153 0.6171013712882996 -0.027094563469290733
0.5497145652770996 0.6238292455673218 -0.03756171464920044
0.6257535815238953 0.560766875743866 -0.010974716395139694
0.6102333068847656 0.509127140045166 -0.021804118528962135
0.5997866988182068 0.4762342870235443 -0.02720145881175995
0.592379629611969 0.4489959180355072 -0.030369801446795464
0.6473678350448608 0.5531183481216431 -0.017252610996365547
0.6380688548088074 0.4919421076774597 -0.030794290825724602
0.6309252381324768 0.4523729681968689 -0.03901446983218193
0.6263887286186218 0.4196483790874481 -0.04212105646729469
0.670019805431366 0.5570566058158875 -0.024176115170121193
0.649903416633606 0.5439274311065674 -0.04418318718671799
0.6464883685112 0.5860852599143982 -0.04581131413578987
0.6485605239868164 0.6157951354980469 -0.04040585830807686
0.6899352073669434 0.5697336196899414 -0.03150008246302605
0.6685020923614502 0.5759374499320984 -0.04677054286003113
0.6649068593978882 0.6100406646728516 -0.044250376522541046
0.6680375337600708 0.6339324116706848 -0.038057975471019745
