Dominik_image_four_15.jpg
0.7605078816413879 0.6238669157028198 6.227562607818982e-07
0.7633686065673828 0.5461304187774658 0.004340535961091518
0.7588559985160828 0.4755490720272064 -0.004557099658995867
0.7707178592681885 0.40773382782936096 -0.013611651957035065
0.7914994955062866 0.35952869057655334 -0.02562112919986248
0.6847954392433167 0.44707050919532776 -0.027763938531279564
0.6127195954322815 0.38150298595428467 -0.038157206028699875
0.5719941854476929 0.348951518535614 -0.041099317371845245
0.541414737701416 0.3220069408416748 -0.04208555445075035
0.6630708575248718 0.4855267405509949 -0.03783254697918892
0.5765864849090576 0.43067610263824463 -0.05580244958400726
0.5261982083320618 0.399339884519577 -0.06418880820274353
0.49144595861434937 0.3741324543952942 -0.06764863431453705
0.6501549482345581 0.5380425453186035 -0.044094834476709366
0.5636399984359741 0.5057974457740784 -0.06850028783082962
0.518604576587677 0.4904966354370117 -0.07991167902946472
0.48946207761764526 0.47729530930519104 -0.08316183090209961
0.6472328305244446 0.5931694507598877 -0.046614184975624084
0.5972289443016052 0.5656774044036865 -0.06107275187969208
0.6152240037918091 0.5744280815124512 -0.05478779599070549
0.6375893354415894 0.5831355452537537 -0.04689084738492966
0.7999753952026367 0.697837769985199 6.343910285977472e-08
0.784705400466919 0.5737612247467041 0.03412744030356407
0.7604550123214722 0.4869040548801422 0.04279087111353874
0.7634086608886719 0.4121106266975403 0.04413912817835808
0.7886108756065369 0.3574092984199524 0.041875410825014114
0.6850805878639221 0.44274377822875977 0.021233927458524704
0.6106747388839722 0.375976026058197 0.019777342677116394
0.5708605647087097 0.34660640358924866 0.017259938642382622
0.5386942625045776 0.3190890848636627 0.014676855877041817
0.6699960231781006 0.4778071939945221 0.0012307637371122837
0.5792642831802368 0.4154319167137146 -0.0014329361729323864
0.5286594033241272 0.38743701577186584 -0.005307182669639587
0.4898361563682556 0.36120209097862244 -0.01112979557365179
0.6582725644111633 0.5291815996170044 -0.015094832517206669
0.5738741755485535 0.4944179356098175 -0.016386142000555992
0.5335630178451538 0.4738481342792511 -0.016692018136382103
0.5045205950737 0.4518745243549347 -0.020520225167274475
0.6534525156021118 0.586347758769989 -0.028386404737830162
0.6033302545547485 0.568018913269043 -0.02554215118288994
0.6048258543014526 0.5648660659790039 -0.017663907259702682
0.610112190246582 0.5601285099983215 -0.013968730345368385
