Dominik_image_spock_91.jpg
0.522448718547821 0.6325139999389648 3.374097445885127e-07
0.4794386625289917 0.6485394239425659 -0.01825067400932312
0.4314618706703186 0.646079421043396 -0.03146402910351753
0.39133766293525696 0.6530055403709412 -0.043627381324768066
0.3599698841571808 0.6656596064567566 -0.05648203566670418
0.41804295778274536 0.5363703966140747 -0.021426822990179062
0.3815385103225708 0.4909895062446594 -0.03498810902237892
0.36102011799812317 0.4625037610530853 -0.047911327332258224
0.3398895859718323 0.4339776337146759 -0.0587458610534668
0.43280500173568726 0.5118152499198914 -0.024872299283742905
0.3921663761138916 0.46136850118637085 -0.03857317194342613
0.36647745966911316 0.4292735457420349 -0.05223270505666733
0.34303197264671326 0.39975258708000183 -0.0631389394402504
0.4572646915912628 0.5021960735321045 -0.029942480847239494
0.43869009613990784 0.4395402669906616 -0.04515202343463898
0.4274711310863495 0.39761388301849365 -0.05608408525586128
0.4157865345478058 0.3643513023853302 -0.06365083158016205
0.4848117232322693 0.5039660334587097 -0.036413852125406265
0.4699702560901642 0.45286989212036133 -0.049166370183229446
0.46039465069770813 0.42016327381134033 -0.054311010986566544
0.45104631781578064 0.38983792066574097 -0.05818016454577446
