Dominik_image_spock_78.jpg
0.6461958289146423 0.8029000759124756 3.9046119582053507e-07
0.6771671772003174 0.7516286373138428 -0.000868672039359808
0.6997085213661194 0.7085766196250916 -0.008831460028886795
0.7268604040145874 0.671413242816925 -0.01683857850730419
0.749691903591156 0.6482676267623901 -0.025259139016270638
0.6566717028617859 0.6521967053413391 -0.020029166713356972
0.6460058689117432 0.5765393972396851 -0.029889032244682312
0.6375365257263184 0.5355184078216553 -0.03411597013473511
0.6314675807952881 0.4999598264694214 -0.03713202476501465
0.630506157875061 0.65878826379776 -0.02537786401808262
0.6188232898712158 0.5777180790901184 -0.042587801814079285
0.6108363270759583 0.5277928709983826 -0.05426257848739624
0.6052753925323486 0.48870226740837097 -0.061977025121450424
0.606202244758606 0.6754798293113708 -0.028542853891849518
0.5773801803588867 0.6121044754981995 -0.042409271001815796
0.5587061643600464 0.5704214572906494 -0.05148967355489731
0.5452075600624084 0.5384255647659302 -0.05680042877793312
0.5861988067626953 0.6961143612861633 -0.030618207529187202
0.5644785165786743 0.6420705318450928 -0.0412728488445282
0.5522918701171875 0.6124770641326904 -0.04629318416118622
0.5402016043663025 0.5833661556243896 -0.048925984650850296
