Dominik_image_five_64.jpg
0.6891114115715027 0.797214150428772 3.211441992334585e-07
0.6402157545089722 0.7571993470191956 -0.014560548588633537
0.6049791574478149 0.6977959275245667 -0.02285981923341751
0.5778536200523376 0.6525982618331909 -0.031376201659440994
0.5510628819465637 0.6158871054649353 -0.040202174335718155
0.6383196711540222 0.5978190898895264 -0.0050766440108418465
0.6174833178520203 0.5293258428573608 -0.019350046291947365
0.6022414565086365 0.4886263608932495 -0.03339041396975517
0.5888092517852783 0.45151448249816895 -0.044247277081012726
0.668122410774231 0.590911865234375 -0.010903489775955677
0.6619535684585571 0.5067061185836792 -0.022094670683145523
0.6538239121437073 0.4553006887435913 -0.03483341634273529
0.6452845335006714 0.4111890196800232 -0.04483792930841446
0.6957142353057861 0.6029216051101685 -0.020042207092046738
0.6974261999130249 0.5282543301582336 -0.03257015347480774
0.6917120814323425 0.48069578409194946 -0.04289888218045235
0.6839881539344788 0.4377976655960083 -0.05122293531894684
0.7211880683898926 0.6302240490913391 -0.030944181606173515
0.7335424423217773 0.5773974061012268 -0.042176537215709686
0.7366626262664795 0.5403215289115906 -0.04735524207353592
0.7372925877571106 0.5034083724021912 -0.051668670028448105
