Dominik_image_five_96.jpg
0.795606791973114 0.7800275683403015 6.77031437135156e-07
0.8424477577209473 0.6593278050422668 -0.007056922651827335
0.8638300895690918 0.5488347411155701 -0.022538097575306892
0.8973081707954407 0.4563423693180084 -0.03779597580432892
0.9420905709266663 0.4057742953300476 -0.05534258857369423
0.7524397373199463 0.46565893292427063 -0.04546976834535599
0.7037425637245178 0.32869774103164673 -0.06511912494897842
0.669583261013031 0.24817991256713867 -0.07538718730211258
0.6420785784721375 0.18255463242530823 -0.08422701060771942
0.6967953443527222 0.5004876255989075 -0.05642344802618027
0.6275466680526733 0.36266857385635376 -0.08277416974306107
0.5799847841262817 0.2738502621650696 -0.10006894171237946
0.5453140139579773 0.2050645351409912 -0.11299679428339005
0.6540890336036682 0.5549510717391968 -0.06473424285650253
0.5826094150543213 0.4380358159542084 -0.09082760661840439
0.5379512310028076 0.35677000880241394 -0.11258695274591446
0.5052756667137146 0.2933517098426819 -0.12689130008220673
0.6257511377334595 0.6171231865882874 -0.07144522666931152
0.5467303991317749 0.5566288232803345 -0.10001485049724579
0.4963453412055969 0.5223528146743774 -0.11751791834831238
0.4519956111907959 0.48926061391830444 -0.12730224430561066
