Dominik_image_zero_95.jpg
0.27799302339553833 0.8148161172866821 -1.4735354625372565e-07
0.285827100276947 0.7237824201583862 0.000537573650944978
0.25957608222961426 0.6484054327011108 0.0001251872890861705
0.21111969649791718 0.6045241355895996 0.0009315626812167466
0.17427684366703033 0.6181177496910095 0.001795717398636043
0.19357945024967194 0.651004433631897 -0.009874268434941769
0.15431912243366241 0.6459681987762451 -0.008088815957307816
0.17495611310005188 0.6582218408584595 -0.008728736080229282
0.19381769001483917 0.6634880900382996 -0.010255054570734501
0.16977274417877197 0.7002971172332764 -0.01080003846436739
0.14469680190086365 0.687422513961792 0.00019572525343392044
0.16173121333122253 0.6969345808029175 0.0045531936921179295
0.17894208431243896 0.7056781053543091 0.0031183050014078617
0.15613509714603424 0.7520384192466736 -0.009978344663977623
0.1451113224029541 0.7370212078094482 0.001936666900292039
0.15940751135349274 0.7437122464179993 0.00824230071157217
0.17592330276966095 0.7529945969581604 0.007090688683092594
0.14907501637935638 0.8004635572433472 -0.009316216222941875
0.14773878455162048 0.7818625569343567 0.0008607206400483847
0.16208988428115845 0.7890967726707458 0.00914244819432497
0.1747402399778366 0.7971101999282837 0.013291988521814346
