Dominik_image_one_80.jpg
0.7465577125549316 0.5423740744590759 -1.5292181743120636e-08
0.737712025642395 0.5778470635414124 -0.10011953860521317
0.7184680104255676 0.6277324557304382 -0.1751447319984436
0.7155090570449829 0.6746537685394287 -0.23510146141052246
0.7078097462654114 0.7456290125846863 -0.2879542410373688
0.6305574178695679 0.4845055043697357 -0.1570660024881363
0.6948592662811279 0.48063725233078003 -0.20384204387664795
0.7119736075401306 0.509315550327301 -0.20459115505218506
0.694062352180481 0.5146691203117371 -0.2023371011018753
0.6477099061012268 0.4336245656013489 -0.13123968243598938
0.7138887643814087 0.43726933002471924 -0.18022918701171875
0.73704993724823 0.49610722064971924 -0.16600312292575836
0.711903989315033 0.4843614101409912 -0.15147393941879272
0.6757944226264954 0.3921895921230316 -0.11203163117170334
0.7373337745666504 0.4065483808517456 -0.15667112171649933
0.7512667179107666 0.46155375242233276 -0.1416337490081787
0.7262167930603027 0.4609746038913727 -0.12883731722831726
0.7061265110969543 0.3563779592514038 -0.1016111895442009
0.7435176968574524 0.37273526191711426 -0.13285677134990692
0.7553367018699646 0.4143185615539551 -0.1355782300233841
0.7441643476486206 0.4200451970100403 -0.13639777898788452
