Dominik_image_four_18.jpg
0.7887789607048035 0.6667413115501404 2.9258617928462627e-07
0.775709331035614 0.5669339299201965 0.028210101649165154
0.7559921145439148 0.49106842279434204 0.03146835416555405
0.7628146409988403 0.41934144496917725 0.028431732207536697
0.7874845266342163 0.36761611700057983 0.021638816222548485
0.6873588562011719 0.4533052444458008 0.00550677627325058
0.6162851452827454 0.3913706839084625 0.003707615425810218
0.5786588191986084 0.36319559812545776 0.0033175298012793064
0.5489615201950073 0.3394928574562073 0.002513214712962508
0.6689386367797852 0.48678669333457947 -0.012936612591147423
0.5812108516693115 0.4338645935058594 -0.01975393295288086
0.5305606126785278 0.4055725932121277 -0.02639617584645748
0.4927358329296112 0.380099356174469 -0.03300454840064049
0.6557745933532715 0.5377023220062256 -0.026515305042266846
0.5741562247276306 0.5083508491516113 -0.0317726731300354
0.5289270877838135 0.48916441202163696 -0.03610393777489662
0.49718084931373596 0.4710638225078583 -0.04133916273713112
0.6486972570419312 0.5939957499504089 -0.03660378232598305
0.6050705313682556 0.5729600191116333 -0.035825006663799286
0.6177014708518982 0.5692281723022461 -0.02823352813720703
0.632007360458374 0.5676372647285461 -0.024073749780654907
