Dominik_image_three_77.jpg
0.583337128162384 0.9484369158744812 8.358188097190578e-07
0.5755755305290222 0.8480156064033508 -0.004760711919516325
0.5473964810371399 0.7659406065940857 -0.007992894388735294
0.53999263048172 0.6876847147941589 -0.01014628540724516
0.5512796640396118 0.6274906396865845 -0.011310650035738945
0.4718257784843445 0.781813383102417 -0.018227411434054375
0.3949732780456543 0.7175814509391785 -0.017251303419470787
0.35707467794418335 0.6851558685302734 -0.010078493505716324
0.3300057649612427 0.6594367027282715 -0.0011203429894521832
0.4445723295211792 0.8374952077865601 -0.01209283247590065
0.36796480417251587 0.7844449281692505 -0.006782242096960545
0.3260652422904968 0.7520794868469238 -0.000530337740201503
0.3011111617088318 0.7293951511383057 0.006865421310067177
0.4339958131313324 0.8892253041267395 -0.0037445146590471268
0.4221160113811493 0.8410407304763794 0.005329327192157507
0.44973671436309814 0.8406891822814941 0.009989074431359768
0.4772864878177643 0.8523598313331604 0.01736524887382984
0.4303550720214844 0.9331169128417969 0.004031775053590536
0.43405187129974365 0.8898926973342896 0.020691057667136192
0.4569586515426636 0.8910019397735596 0.03203728049993515
0.47719353437423706 0.9004036784172058 0.04312482103705406
