Dominik_image_spock_66.jpg
0.6701048612594604 0.7537292242050171 3.9042433286340383e-07
0.6196336150169373 0.7427182793617249 -0.021642206236720085
0.5733808875083923 0.712848424911499 -0.038565702736377716
0.5286810398101807 0.7015572190284729 -0.05409732833504677
0.49101704359054565 0.7054904699325562 -0.07081066071987152
0.5955383777618408 0.5949397087097168 -0.02903195470571518
0.5728448033332825 0.5252214670181274 -0.04605632647871971
0.5620604753494263 0.4831157624721527 -0.061584074050188065
0.5499495267868042 0.4416482150554657 -0.07423248887062073
0.6211335062980652 0.577364981174469 -0.03296496719121933
0.5988403558731079 0.5013958811759949 -0.04983559623360634
0.5841867327690125 0.4523817002773285 -0.06610476970672607
0.5687397718429565 0.40724247694015503 -0.078872449696064
0.6511284708976746 0.5829380750656128 -0.03831993788480759
0.6542946696281433 0.5085937976837158 -0.05550886318087578
0.6590902209281921 0.4570624530315399 -0.06737116724252701
0.6593135595321655 0.41530370712280273 -0.07560168206691742
0.6791161894798279 0.6041065454483032 -0.04524476081132889
0.6827704310417175 0.541970431804657 -0.058621637523174286
0.6855720281600952 0.5027191638946533 -0.062443625181913376
0.6870001554489136 0.4674415588378906 -0.06533690541982651
