Dominik_image_five_40.jpg
0.6927154660224915 0.769548773765564 3.088639175530261e-07
0.6369428634643555 0.7509684562683105 -0.01666807010769844
0.5926251411437988 0.7042316198348999 -0.023791832849383354
0.5597848892211914 0.6683013439178467 -0.030685212463140488
0.5302097201347351 0.6437630653381348 -0.03806169331073761
0.6171146631240845 0.5895424485206604 -0.004284861031919718
0.5890402793884277 0.5260806083679199 -0.012956127524375916
0.5741152763366699 0.4841676950454712 -0.023403437808156013
0.5632114410400391 0.44887855648994446 -0.032110098749399185
0.6472690105438232 0.5731944441795349 -0.008495138958096504
0.6330193281173706 0.4938476085662842 -0.01479338575154543
0.624048113822937 0.443401038646698 -0.024789191782474518
0.6165111064910889 0.4045201241970062 -0.03315182402729988
0.6775389909744263 0.5752527117729187 -0.016224533319473267
0.6721318960189819 0.5022439360618591 -0.025387244299054146
0.6670466661453247 0.45473241806030273 -0.0369408018887043
0.6605998873710632 0.4145280420780182 -0.046367328613996506
0.708346962928772 0.5920935273170471 -0.026072325184941292
0.7193538546562195 0.5328735113143921 -0.03541446849703789
0.7265369296073914 0.4936113953590393 -0.04190387949347496
0.7306469082832336 0.45727038383483887 -0.04725101590156555
