Dominik_image_three_67.jpg
0.577823281288147 1.046956181526184 9.135491154665942e-07
0.5829404592514038 0.9517582654953003 -0.041183698922395706
0.5614368319511414 0.8635228872299194 -0.07071186602115631
0.5536996126174927 0.7764509916305542 -0.08790543675422668
0.5685195922851562 0.7120184302330017 -0.10452169924974442
0.48437485098838806 0.9140849709510803 -0.09667306393384933
0.40117886662483215 0.8425406217575073 -0.11946798861026764
0.35616743564605713 0.8016995787620544 -0.12781421840190887
0.32419347763061523 0.7686827182769775 -0.130055233836174
0.457307368516922 0.9768713712692261 -0.0766126736998558
0.3629041612148285 0.9190719723701477 -0.09324398636817932
0.31535404920578003 0.8792079091072083 -0.09201046079397202
0.2854539453983307 0.8495277762413025 -0.0892770066857338
0.44136008620262146 1.024917721748352 -0.054099325090646744
0.3712889850139618 0.9708412289619446 -0.05717575550079346
0.33693593740463257 0.9380771517753601 -0.05299128592014313
0.315945565700531 0.9177690148353577 -0.04989981651306152
0.43591228127479553 1.0587737560272217 -0.03427790105342865
0.3832240104675293 1.0234184265136719 -0.030699962750077248
0.3578183948993683 1.0079582929611206 -0.024104684591293335
0.3397422432899475 0.9976829886436462 -0.018718907609581947
