Dominik_image_one_69.jpg
0.23723000288009644 0.7662138938903809 -6.57955190330739e-10
0.19420655071735382 0.6557959914207458 -0.012276067398488522
0.1509339064359665 0.5758776664733887 -0.032624952495098114
0.13028484582901 0.48852503299713135 -0.051281269639730453
0.1390548050403595 0.40788471698760986 -0.06904073059558868
0.049825895577669144 0.6595659255981445 -0.04594244062900543
-0.014321066439151764 0.6860532760620117 -0.05228254571557045
0.01953914761543274 0.6766124367713928 -0.053014446049928665
0.05408518761396408 0.6679691672325134 -0.053525928407907486
0.04606783390045166 0.745239794254303 -0.04577721655368805
-0.016660600900650024 0.7499123215675354 -0.04136631637811661
0.011939344927668571 0.7398914694786072 -0.034822363406419754
0.04671188071370125 0.7347908616065979 -0.035597819834947586
0.055784404277801514 0.8190720081329346 -0.0430767759680748
-0.001953955739736557 0.8086320161819458 -0.03530660271644592
0.024584684520959854 0.7969223260879517 -0.02376592718064785
0.05956752598285675 0.7951475381851196 -0.021635260432958603
0.07286879420280457 0.8760657906532288 -0.041386980563402176
0.03389770910143852 0.8540632724761963 -0.03415133059024811
0.056910380721092224 0.8432974815368652 -0.020132005214691162
0.08156627416610718 0.8413152098655701 -0.011519421823322773
