Dominik_image_three_3.jpg
0.5848174691200256 0.6701794862747192 5.033448360336479e-07
0.552473247051239 0.6726641058921814 -0.01225096546113491
0.5127866268157959 0.6529262661933899 -0.021963240578770638
0.4798184633255005 0.6504776477813721 -0.03238537535071373
0.4524984359741211 0.6548724174499512 -0.04287542775273323
0.5214623808860779 0.5801861882209778 -0.018033230677247047
0.5023002028465271 0.5312436819076538 -0.030683845281600952
0.4901562035083771 0.49820467829704285 -0.038172874599695206
0.4799860715866089 0.4699099659919739 -0.0431494414806366
0.5425083041191101 0.569786787033081 -0.02305825985968113
0.5322271585464478 0.5105471014976501 -0.03924097120761871
0.5243128538131714 0.4711042046546936 -0.04937511682510376
0.5178001523017883 0.43727409839630127 -0.053960200399160385
0.5667587518692017 0.5721008777618408 -0.02837064489722252
0.5583438277244568 0.5596175789833069 -0.04915954917669296
0.5575888752937317 0.6018019318580627 -0.0499470978975296
0.5575690269470215 0.6306575536727905 -0.04423132538795471
0.5900523066520691 0.5832723379135132 -0.034287143498659134
0.5786261558532715 0.580847442150116 -0.05034748837351799
0.5763194561004639 0.6130510568618774 -0.04672776907682419
0.5754705667495728 0.6365266442298889 -0.03963014855980873
