Dominik_image_two_94.jpg
0.6149109601974487 0.8900809288024902 2.271414132337668e-07
0.6085149645805359 0.7611141800880432 -0.0026847159024327993
0.6027060151100159 0.6621079444885254 -0.008926101960241795
0.593128502368927 0.5984843969345093 -0.018477175384759903
0.5841432809829712 0.5599619150161743 -0.027744092047214508
0.5928506255149841 0.6150304079055786 -0.004514412954449654
0.661970317363739 0.5739625096321106 -0.02411584183573723
0.7117407917976379 0.5705518126487732 -0.04429345205426216
0.7519387006759644 0.574006974697113 -0.057412415742874146
0.5876902937889099 0.6640839576721191 -0.012140633538365364
0.6717457175254822 0.6346040368080139 -0.027606459334492683
0.6994761228561401 0.6394721865653992 -0.04543216899037361
0.7123751640319824 0.6451610922813416 -0.06111639365553856
0.5880978107452393 0.7173200249671936 -0.02035500854253769
0.6660892963409424 0.7002451419830322 -0.03443209454417229
0.6720941662788391 0.7134903073310852 -0.04302380234003067
0.660878598690033 0.7237139940261841 -0.04942002147436142
0.5925873517990112 0.7624134421348572 -0.028888370841741562
0.6481836438179016 0.7579461336135864 -0.03375992178916931
0.6561546325683594 0.7616264820098877 -0.03135707601904869
0.6480991840362549 0.764809787273407 -0.029285956174135208
