Dominik_image_zero_76.jpg
0.609978437423706 0.6549176573753357 -7.458389461589832e-09
0.6371124982833862 0.5822077393531799 0.00598030723631382
0.6306753754615784 0.504272997379303 0.009914281778037548
0.603435754776001 0.44820716977119446 0.014373201876878738
0.5738454461097717 0.4411080479621887 0.01861974224448204
0.5914967656135559 0.48459041118621826 0.004338202998042107
0.5503093600273132 0.4625377655029297 0.00906188040971756
0.5591824054718018 0.4821343719959259 0.009980705566704273
0.5745450258255005 0.4946649968624115 0.010179269127547741
0.5647795796394348 0.5121005177497864 0.003125982591882348
0.5329363942146301 0.4911347031593323 0.01490157563239336
0.5412660837173462 0.5059989094734192 0.018328605219721794
0.5533583164215088 0.5171536803245544 0.016979703679680824
0.5439306497573853 0.5427489876747131 0.003546735504642129
0.5235286951065063 0.5218767523765564 0.015769466757774353
0.5305618047714233 0.5351795554161072 0.020867936313152313
0.5410847067832947 0.5469632744789124 0.01997474394738674
0.5264970064163208 0.5733203887939453 0.0043521784245967865
0.5163334012031555 0.5498254895210266 0.014982578344643116
0.5228980779647827 0.5639637112617493 0.022711768746376038
0.5310710668563843 0.5758181214332581 0.026691554114222527
