Dominik_image_two_51.jpg
0.735105037689209 0.5546299815177917 7.630557519178183e-08
0.6612223982810974 0.48561418056488037 -0.007105051074177027
0.5696026682853699 0.43282634019851685 -0.03805279731750488
0.5194768309593201 0.357218861579895 -0.0641966313123703
0.4894983768463135 0.2732591927051544 -0.09535914659500122
0.5647220611572266 0.4620151221752167 -0.1152602806687355
0.45223045349121094 0.5591282844543457 -0.16056646406650543
0.38748666644096375 0.6186043620109558 -0.1860371083021164
0.3395506739616394 0.673166036605835 -0.20236016809940338
0.599626898765564 0.5384557843208313 -0.12744644284248352
0.4741098880767822 0.6441900730133057 -0.16629724204540253
0.5086225867271423 0.6094269752502441 -0.15962831676006317
0.5600931644439697 0.5652812719345093 -0.15294446051120758
0.636135995388031 0.6117924451828003 -0.13413487374782562
0.5153831243515015 0.6951327323913574 -0.16453853249549866
0.5470349192619324 0.6624051332473755 -0.13815242052078247
0.5936543345451355 0.6237426996231079 -0.11700182408094406
0.6692308783531189 0.6754916906356812 -0.1392226219177246
0.5643311738967896 0.7257463932037354 -0.1587909311056137
0.5876205563545227 0.6994094252586365 -0.13524192571640015
0.6280889511108398 0.6746883392333984 -0.11594776064157486
0.8832609057426453 0.9388999938964844 -6.68782149659819e-07
0.7186917662620544 0.868967592716217 0.022026414051651955
0.6133700609207153 0.7611639499664307 0.02372768335044384
0.5416402816772461 0.6794120669364929 0.009065051563084126
0.48894429206848145 0.6094993352890015 -0.0074070715345442295
0.6706467866897583 0.5267696976661682 0.04877090081572533
0.5743069052696228 0.428249716758728 0.025805309414863586
0.5213445425033569 0.3568861186504364 0.003691810881718993
0.4768058657646179 0.2942945957183838 -0.0138195576146245
0.7117255330085754 0.5216683149337769 0.01316652912646532
0.5527195930480957 0.4974862337112427 -0.03149038925766945
0.4494292140007019 0.5692256093025208 -0.05542665347456932
0.3902462124824524 0.6327032446861267 -0.06187140941619873
0.7394809722900391 0.5531771183013916 -0.025787927210330963
0.5900859236717224 0.5793880820274353 -0.06631582975387573
0.5271539688110352 0.6499278545379639 -0.07486752420663834
0.5046367645263672 0.6954247951507568 -0.07115793973207474
0.7545360326766968 0.6130553483963013 -0.06465473026037216
0.6333988308906555 0.6595801711082458 -0.08578558266162872
0.5848238468170166 0.7082124352455139 -0.08507619798183441
0.5658215880393982 0.7405617833137512 -0.07767226547002792
