Dominik_image_two_79.jpg
0.7649892568588257 0.9163823127746582 -5.624916070701147e-07
0.672627329826355 0.8267427086830139 -0.011991461738944054
0.5977379679679871 0.7474260330200195 -0.021891426295042038
0.5337658524513245 0.7138532400131226 -0.039534248411655426
0.47992509603500366 0.7146122455596924 -0.056997548788785934
0.6243681907653809 0.5834283232688904 0.011491517536342144
0.6148748993873596 0.44841814041137695 -0.011981341056525707
0.6245110034942627 0.3791150748729706 -0.032358311116695404
0.6331343650817871 0.31473255157470703 -0.04754110425710678
0.6791014075279236 0.5862751603126526 -0.0004877680039498955
0.6618194580078125 0.5670204758644104 -0.04831114038825035
0.6540153622627258 0.6524451375007629 -0.07327266037464142
0.6537129878997803 0.7175017595291138 -0.08065091073513031
0.7279085516929626 0.6140015125274658 -0.01593242958188057
0.7170937061309814 0.5955413579940796 -0.05755265802145004
0.7009570598602295 0.6633804440498352 -0.06559113413095474
0.6893855333328247 0.7167162895202637 -0.05968130752444267
0.7721791863441467 0.647355318069458 -0.032938942313194275
0.7683700323104858 0.6165977716445923 -0.05465824529528618
0.7474871873855591 0.6561033725738525 -0.052798058837652206
0.7307908535003662 0.6987935304641724 -0.04386491701006889
