Dominik_image_two_91.jpg
0.5467365384101868 0.7552598714828491 -1.1507255237575009e-07
0.5272071361541748 0.6808493733406067 -0.02208070456981659
0.5313339829444885 0.5886820554733276 -0.03994077444076538
0.5199148058891296 0.5200384855270386 -0.05938950553536415
0.5008376240730286 0.4637756943702698 -0.07959455996751785
0.6380592584609985 0.5537309050559998 -0.031786009669303894
0.7085986137390137 0.5251452326774597 -0.06316465139389038
0.7586853504180908 0.5074281096458435 -0.08337172865867615
0.8031949996948242 0.49632394313812256 -0.09748975932598114
0.6749938726425171 0.5998014211654663 -0.03671823814511299
0.6388136744499207 0.613224983215332 -0.07427763193845749
0.590003490447998 0.6342922449111938 -0.08026435226202011
0.5804075002670288 0.6356121301651001 -0.07801439613103867
0.6880393624305725 0.6604769229888916 -0.04494887962937355
0.6324023604393005 0.676384449005127 -0.0764482244849205
0.5958177447319031 0.6913991570472717 -0.06391514092683792
0.5980275869369507 0.6854392290115356 -0.04964065179228783
0.6892038583755493 0.7171148061752319 -0.05629965290427208
0.6393361687660217 0.7256960272789001 -0.07554006576538086
0.6097244620323181 0.7314959764480591 -0.0655210018157959
0.6130906343460083 0.7228081226348877 -0.052574049681425095
0.593519926071167 0.9586421251296997 3.8695083048878587e-07
0.6273211240768433 0.8083344101905823 0.009274763986468315
0.6404645442962646 0.6947237253189087 -6.176460374263115e-06
0.6573594808578491 0.6248959302902222 -0.018103765323758125
0.6743646860122681 0.5696980953216553 -0.03553932532668114
0.5581355094909668 0.5837591886520386 0.004516966175287962
0.6107630729675293 0.5176221132278442 -0.015093185938894749
0.66268390417099 0.49313613772392273 -0.0353291854262352
0.7054260969161987 0.4791192412376404 -0.05059905722737312
0.5454608798027039 0.6312286257743835 -0.016415756195783615
0.6874563694000244 0.5643190741539001 -0.03668147698044777
0.7431008815765381 0.5717517137527466 -0.05304281786084175
0.7633681297302246 0.5732049345970154 -0.06741876900196075
0.5514782667160034 0.6955550909042358 -0.03729226812720299
0.7006725668907166 0.6594762802124023 -0.05271754413843155
0.704893171787262 0.7186397314071655 -0.05091071501374245
0.6724082827568054 0.7546343207359314 -0.05136026442050934
0.5686722993850708 0.7593849897384644 -0.05884292349219322
0.6858185529708862 0.7386007308959961 -0.06364845484495163
0.6958938837051392 0.7701959609985352 -0.052038297057151794
0.670687198638916 0.7906706929206848 -0.04377986863255501
