Dominik_image_zero_12.jpg
0.7054455876350403 0.5668920278549194 -6.025936727382941e-07
0.6585583686828613 0.4832206070423126 -0.02497170865535736
0.6500007510185242 0.3937704563140869 -0.03918414190411568
0.6558948159217834 0.33202821016311646 -0.04922328516840935
0.6673255562782288 0.31351321935653687 -0.053997304290533066
0.7472822070121765 0.3282419741153717 -0.023886164650321007
0.6690521240234375 0.336573988199234 -0.04948127269744873
0.6547831296920776 0.3868885934352875 -0.06510372459888458
0.669079065322876 0.40450164675712585 -0.07525548338890076
0.769635796546936 0.3621816039085388 -0.025216946378350258
0.6730888485908508 0.37613168358802795 -0.04843935742974281
0.6631187796592712 0.42506143450737 -0.051607318222522736
0.6805172562599182 0.43905001878738403 -0.05199306458234787
0.7748331427574158 0.40876343846321106 -0.030493564903736115
0.6834403276443481 0.4246269762516022 -0.05285714194178581
0.6758442521095276 0.4634914994239807 -0.04530516266822815
0.6932525038719177 0.47116148471832275 -0.03787977993488312
0.769926130771637 0.45991140604019165 -0.03918847441673279
0.6970434784889221 0.4741612374782562 -0.05535024777054787
0.6911714673042297 0.4993031620979309 -0.05272975191473961
0.7071118354797363 0.5020374059677124 -0.04727432504296303
