Henrik_image_one_65.jpg
0.27355802059173584 0.8275708556175232 -3.013750244917901e-07
0.29293298721313477 0.7186947464942932 -0.01827305555343628
0.3316396176815033 0.5862473249435425 -0.04387585446238518
0.33403682708740234 0.4886770248413086 -0.06567330658435822
0.2966277599334717 0.42415523529052734 -0.0832580178976059
0.3349136412143707 0.6162009239196777 -0.08225049823522568
0.45331498980522156 0.6008099913597107 -0.1167440265417099
0.4335123598575592 0.6234557032585144 -0.12692894041538239
0.39688819646835327 0.6274721622467041 -0.13007763028144836
0.3445894122123718 0.6951106786727905 -0.0895942747592926
0.4721640646457672 0.6749817132949829 -0.1150069385766983
0.4416007995605469 0.6879912614822388 -0.10693232715129852
0.3972463011741638 0.6945488452911377 -0.1022978276014328
0.35874244570732117 0.7719993591308594 -0.09545104950666428
0.47545039653778076 0.7480053901672363 -0.10995911061763763
0.4440876841545105 0.7532750368118286 -0.08747417479753494
0.4017653465270996 0.7586045861244202 -0.07448084652423859
0.3728931248188019 0.8405673503875732 -0.10219955444335938
0.4595471918582916 0.8128325939178467 -0.10293608903884888
0.4309794306755066 0.8141471147537231 -0.082157202064991
0.3904978930950165 0.8182129859924316 -0.07022206485271454
0.35231244564056396 0.760612428188324 -7.36420304292551e-07
0.3510730564594269 0.68651282787323 -0.011516694910824299
0.36440926790237427 0.5838720202445984 -0.04077323153614998
0.3592120409011841 0.5019263029098511 -0.06883998960256577
0.3268739581108093 0.43602585792541504 -0.0956011712551117
0.38404911756515503 0.6010496616363525 -0.08401641994714737
0.47600460052490234 0.589099109172821 -0.11400698125362396
0.43714404106140137 0.6141361594200134 -0.12277346849441528
0.39410263299942017 0.631201446056366 -0.12567855417728424
0.3948157727718353 0.6833364367485046 -0.09509993344545364
0.4943634867668152 0.6626466512680054 -0.11394014209508896
0.4470536708831787 0.6760876774787903 -0.10107821226119995
0.39688754081726074 0.6875902414321899 -0.09557680785655975
0.40720170736312866 0.7642391324043274 -0.1040041446685791
0.49116799235343933 0.7444480061531067 -0.11223743110895157
0.44244852662086487 0.756262481212616 -0.08498883247375488
0.39782026410102844 0.763874888420105 -0.07282765209674835
0.4182077646255493 0.8407204151153564 -0.11338174343109131
0.4771920442581177 0.8210732936859131 -0.11258628964424133
0.4366297125816345 0.8206902146339417 -0.08834339678287506
0.398622989654541 0.8198378682136536 -0.0763174369931221
