Henrik_image_one_34.jpg
0.2711823880672455 0.7141517400741577 -4.403658806495514e-07
0.34749048948287964 0.6583477258682251 0.002277019899338484
0.37985751032829285 0.5911827087402344 -0.009790046140551567
0.3933129608631134 0.536332368850708 -0.026182156056165695
0.39955639839172363 0.49631771445274353 -0.038571204990148544
0.34584999084472656 0.49600449204444885 -0.024812649935483932
0.4137679934501648 0.517432451248169 -0.0522017776966095
0.4063885807991028 0.5683430433273315 -0.05934993550181389
0.38781824707984924 0.5808913707733154 -0.06279779970645905
0.32051461935043335 0.5107457637786865 -0.04199624061584473
0.4044821262359619 0.5674605965614319 -0.06764890998601913
0.3871282935142517 0.6181406378746033 -0.06407181918621063
0.36557331681251526 0.6148062348365784 -0.0609009824693203
0.30213114619255066 0.5460314154624939 -0.06016925722360611
0.38357555866241455 0.6146847009658813 -0.082246795296669
0.36789005994796753 0.6558154225349426 -0.06980466842651367
0.3494410216808319 0.6486875414848328 -0.06139509007334709
0.2892945110797882 0.5915372967720032 -0.07906851917505264
0.35420241951942444 0.651667594909668 -0.0918516293168068
0.3436908423900604 0.679009735584259 -0.0853380486369133
0.32533782720565796 0.6684274077415466 -0.08064992725849152
