Henrik_image_three_2.jpg
0.30835264921188354 0.9359357357025146 5.265047775537823e-07
0.37029680609703064 0.8812716007232666 -0.02326124906539917
0.4146451950073242 0.7891109585762024 -0.03153643757104874
0.45392346382141113 0.7309597730636597 -0.043957144021987915
0.497267484664917 0.7104716897010803 -0.05573189631104469
0.34198400378227234 0.6934030055999756 -0.020537354052066803
0.34690171480178833 0.5927959084510803 -0.047960855066776276
0.3502176105976105 0.529969334602356 -0.06254086643457413
0.35040298104286194 0.47544044256210327 -0.07058054208755493
0.29408636689186096 0.6999208927154541 -0.029413092881441116
0.2868669629096985 0.6059229373931885 -0.06525173038244247
0.280668169260025 0.5348750948905945 -0.08413912355899811
0.2708359360694885 0.4734870195388794 -0.09051297605037689
0.2537343502044678 0.7301536202430725 -0.04179675504565239
0.26402774453163147 0.7330648303031921 -0.09053850919008255
0.29053229093551636 0.7986934781074524 -0.09849470108747482
0.3070993721485138 0.8450878262519836 -0.08785222470760345
0.2203713059425354 0.7747242450714111 -0.056484442204236984
0.23262247443199158 0.7905207872390747 -0.08945536613464355
0.2616739273071289 0.8325074911117554 -0.0907750055193901
0.28237342834472656 0.8633058071136475 -0.08212622255086899
