Henrik_image_two_12.jpg
0.31523650884628296 0.818821132183075 -5.339441955243274e-08
0.3098214566707611 0.7443068623542786 0.017857415601611137
0.3297819197177887 0.6744257807731628 0.01707148738205433
0.34700000286102295 0.6145256161689758 0.015055651776492596
0.3325883448123932 0.5795546174049377 0.011109220795333385
0.3537880480289459 0.6518785357475281 -0.02576383948326111
0.4091556966304779 0.5907665491104126 -0.041588764637708664
0.4465208351612091 0.5571272969245911 -0.05077466741204262
0.4738762080669403 0.5312010645866394 -0.05590027943253517
0.3754698932170868 0.6821419596672058 -0.03575419262051582
0.4404895603656769 0.6571118235588074 -0.04012257978320122
0.42831042408943176 0.686147928237915 -0.027151228860020638
0.4038865864276886 0.6996647119522095 -0.018019990995526314
0.39433470368385315 0.7249594926834106 -0.042026668787002563
0.44648683071136475 0.7060386538505554 -0.04301014542579651
0.43271616101264954 0.7270251512527466 -0.026212891563773155
0.41045328974723816 0.7388712167739868 -0.015668099746108055
0.408215194940567 0.7689893245697021 -0.04576163366436958
0.44171983003616333 0.7522217035293579 -0.0402236245572567
0.4275834858417511 0.7677176594734192 -0.02323302999138832
0.40862587094306946 0.7764795422554016 -0.011580023914575577
