Henrik_image_spock_51.jpg
0.3342858552932739 0.5068098306655884 2.986884908295906e-07
0.31002065539360046 0.47390422224998474 -0.005169733427464962
0.294461727142334 0.4396510720252991 -0.018831947818398476
0.2768429219722748 0.41125187277793884 -0.0325847789645195
0.25338950753211975 0.3962782025337219 -0.04783564805984497
0.32291698455810547 0.3720960021018982 -0.032517626881599426
0.3252544701099396 0.3006744980812073 -0.04744361713528633
0.32496178150177 0.2582951784133911 -0.05538148060441017
0.3240715563297272 0.22146892547607422 -0.060874585062265396
0.3434097170829773 0.3726608455181122 -0.039615195244550705
0.34419363737106323 0.2935088276863098 -0.06146887317299843
0.34410908818244934 0.24051077663898468 -0.07373227179050446
0.3433878719806671 0.19458898901939392 -0.08068699389696121
0.36536985635757446 0.3893953263759613 -0.04472281411290169
0.38783830404281616 0.3203292191028595 -0.06403732299804688
0.40386390686035156 0.2764643430709839 -0.07255622744560242
0.41341033577919006 0.24200819432735443 -0.07582318037748337
0.3876892924308777 0.4143308997154236 -0.04880543425679207
0.4059397876262665 0.3562147319316864 -0.06127306818962097
0.4124111533164978 0.32100772857666016 -0.06342167407274246
0.4153536856174469 0.2897428870201111 -0.06326074153184891
