Henrik_image_spock_4.jpg
0.7014524340629578 0.6641278862953186 2.09052075206273e-07
0.648440957069397 0.6564355492591858 -0.023851554840803146
0.614672064781189 0.6109073162078857 -0.03727925941348076
0.5989351868629456 0.5536494255065918 -0.0479537695646286
0.5701079368591309 0.5199804306030273 -0.05882014334201813
0.6266509890556335 0.5221500396728516 -0.030539261177182198
0.5984416007995605 0.45232275128364563 -0.04864047095179558
0.5848441123962402 0.4117128252983093 -0.06211243197321892
0.573737621307373 0.3718869686126709 -0.07261660695075989
0.6565265655517578 0.49980399012565613 -0.0320206917822361
0.6259626150131226 0.42261025309562683 -0.05144992098212242
0.6082358956336975 0.37384283542633057 -0.06774333864450455
0.5919605493545532 0.32988619804382324 -0.07989875227212906
0.6880810260772705 0.4993700087070465 -0.035418156534433365
0.682298481464386 0.4176321029663086 -0.05690595135092735
0.6799266338348389 0.3654401898384094 -0.07121582329273224
0.675203263759613 0.3210721015930176 -0.08060101419687271
0.720097005367279 0.5131604075431824 -0.04002253711223602
0.7189947366714478 0.44730764627456665 -0.05905120074748993
0.7161776423454285 0.40598633885383606 -0.06782092154026031
0.710000216960907 0.36777862906455994 -0.073743537068367
