Henrik_image_three_45.jpg
0.4871237874031067 0.910546064376831 5.8919226830767e-07
0.5073915123939514 0.8410868644714355 -0.01242468785494566
0.510443389415741 0.7655684351921082 -0.024180736392736435
0.516685426235199 0.699971079826355 -0.034860581159591675
0.5361566543579102 0.6566091179847717 -0.04596743732690811
0.45026347041130066 0.7468363046646118 -0.03150554373860359
0.4166010618209839 0.6648393869400024 -0.04428507760167122
0.39440134167671204 0.6186643838882446 -0.05170668661594391
0.37625551223754883 0.5836980938911438 -0.055700987577438354
0.4150908291339874 0.7720670104026794 -0.03144815191626549
0.37620386481285095 0.6917961239814758 -0.0404469333589077
0.3474440574645996 0.640030026435852 -0.04477408155798912
0.3239923417568207 0.605034589767456 -0.04739147424697876
0.3887624442577362 0.8093485236167908 -0.0302121601998806
0.36545199155807495 0.7517450451850891 -0.036414165049791336
0.3841848373413086 0.7619616985321045 -0.030139263719320297
0.4010745882987976 0.7830109000205994 -0.022987227886915207
0.3723132014274597 0.8473387956619263 -0.030254842713475227
0.36174872517585754 0.810520350933075 -0.031109513714909554
0.3764038681983948 0.8151811361312866 -0.021826444193720818
0.38912686705589294 0.8271132111549377 -0.01243464183062315
