Henrik_image_five_57.jpg
0.6415092945098877 0.46744799613952637 4.264439894541283e-07
0.5993081331253052 0.49247807264328003 -0.02077236771583557
0.5520386099815369 0.47477588057518005 -0.03145693242549896
0.5163590312004089 0.4535348415374756 -0.03961276635527611
0.48650190234184265 0.4548562169075012 -0.04858948290348053
0.5524764657020569 0.37638792395591736 -0.024939576163887978
0.5216971039772034 0.3302496373653412 -0.03911963105201721
0.5009528994560242 0.2976055145263672 -0.050840120762586594
0.48344069719314575 0.2706471085548401 -0.05989862605929375
0.5755825638771057 0.34889739751815796 -0.02762250229716301
0.5452479720115662 0.28590455651283264 -0.04091845825314522
0.5232276320457458 0.2415250837802887 -0.05371589958667755
0.5047311186790466 0.20508579909801483 -0.06303584575653076
0.6053846478462219 0.33645087480545044 -0.03240625187754631
0.5810735821723938 0.2713657319545746 -0.04994579032063484
0.5634760856628418 0.22546018660068512 -0.06437934935092926
0.547965407371521 0.18712088465690613 -0.07379013299942017
0.6395368576049805 0.3354511559009552 -0.03821920230984688
0.6317445039749146 0.2754473388195038 -0.05637548491358757
0.6249773502349854 0.23569272458553314 -0.06562905758619308
0.6165066361427307 0.20219102501869202 -0.07132119685411453
