Henrik_image_one_57.jpg
0.4157525897026062 0.7841537594795227 -2.874062658975163e-07
0.44760239124298096 0.6684325337409973 -0.010990322567522526
0.498773455619812 0.5562711358070374 -0.03750554472208023
0.5237190127372742 0.4626123309135437 -0.061789028346538544
0.5088058114051819 0.3863625228404999 -0.08243653178215027
0.543106198310852 0.5991998910903931 -0.0760873556137085
0.6552771329879761 0.6241899728775024 -0.1002354547381401
0.6345596313476562 0.6483040452003479 -0.10173840075731277
0.5969110131263733 0.6483149528503418 -0.09943588823080063
0.5491807460784912 0.6870110034942627 -0.08605411648750305
0.6652194261550903 0.7127195596694946 -0.09959184378385544
0.6371263265609741 0.7214984893798828 -0.08650726079940796
0.5933964848518372 0.7134054899215698 -0.0795619860291481
0.5491117238998413 0.7732141017913818 -0.09326807409524918
0.6517469882965088 0.7911887168884277 -0.09854982793331146
0.6199306845664978 0.7941602468490601 -0.07389001548290253
0.5775281190872192 0.7874793410301208 -0.061611536890268326
0.5444867014884949 0.8522504568099976 -0.10091912746429443
0.6166603565216064 0.8618001341819763 -0.10003527253866196
0.5879826545715332 0.8565290570259094 -0.07814458012580872
0.553250789642334 0.8464240431785583 -0.06508065015077591
