Henrik_image_four_81.jpg
0.4058283865451813 0.7808895707130432 4.306544383325672e-07
0.3570072054862976 0.730972170829773 -0.015570297837257385
0.3351703882217407 0.6765930652618408 -0.0360196977853775
0.30365630984306335 0.6286562085151672 -0.05299263447523117
0.2706122398376465 0.6048600673675537 -0.07204713672399521
0.3902733623981476 0.6186179518699646 -0.054709069430828094
0.4052368104457855 0.5287253260612488 -0.07595597952604294
0.41272127628326416 0.46831661462783813 -0.08804670721292496
0.4185008108615875 0.4221036732196808 -0.09543947130441666
0.4306619167327881 0.6294679045677185 -0.0558059923350811
0.4571669101715088 0.5372593402862549 -0.0736357718706131
0.47145530581474304 0.4737253189086914 -0.08295339345932007
0.4815136790275574 0.4242573380470276 -0.08870776742696762
0.46177810430526733 0.6594798564910889 -0.054425954818725586
0.49717867374420166 0.5938347578048706 -0.06940210610628128
0.5170413851737976 0.5470225811004639 -0.08036638796329498
0.5309985876083374 0.5190252661705017 -0.08758307993412018
0.4812386929988861 0.6965281367301941 -0.05229713395237923
0.48734259605407715 0.6801237463951111 -0.06350310891866684
0.4771179258823395 0.6828464865684509 -0.06425125151872635
0.47090673446655273 0.6949114203453064 -0.0634225457906723
