Henrik_image_two_16.jpg
0.3679894208908081 0.8187192678451538 -8.968893405736367e-10
0.35823673009872437 0.7460322380065918 0.007153800223022699
0.36647117137908936 0.6719199419021606 0.004047485068440437
0.3664528429508209 0.6125816702842712 -0.0013314563548192382
0.3427460193634033 0.5855594277381897 -0.008628741838037968
0.42083242535591125 0.6485542058944702 -0.010240234434604645
0.479890912771225 0.6046057939529419 -0.01296805776655674
0.5140039920806885 0.583575963973999 -0.013273232616484165
0.5402383804321289 0.5666393637657166 -0.014921709895133972
0.4425761103630066 0.6736941933631897 -0.017227448523044586
0.4890677034854889 0.674842119216919 -0.017530502751469612
0.4726647138595581 0.6962314248085022 -0.010866000317037106
0.451779842376709 0.7042108178138733 -0.0075487010180950165
0.4588701128959656 0.7134139537811279 -0.022180812433362007
0.4871777892112732 0.717072606086731 -0.018517954275012016
0.47340425848960876 0.734460175037384 -0.008149399422109127
0.4550977945327759 0.7422384023666382 -0.004191485233604908
0.47035399079322815 0.755038321018219 -0.026551740244030952
0.48410311341285706 0.7587860822677612 -0.018984757363796234
0.4714362621307373 0.7728102803230286 -0.0077033862471580505
0.45649388432502747 0.7786963582038879 -0.0010123796528205276
