Henrik_image_spock_3.jpg
0.7495713233947754 0.6995987296104431 3.577236498131242e-07
0.6940932869911194 0.6909119486808777 -0.030574435368180275
0.659624457359314 0.6432678699493408 -0.04761723428964615
0.6416852474212646 0.5824098587036133 -0.060764897614717484
0.6115934252738953 0.5436965823173523 -0.07443195581436157
0.675352156162262 0.5512969493865967 -0.041882872581481934
0.6515992283821106 0.47939735651016235 -0.06444016844034195
0.641298770904541 0.43551933765411377 -0.08048936724662781
0.6311196088790894 0.39072999358177185 -0.09236788004636765
0.7065451145172119 0.5289071798324585 -0.04108629748225212
0.6806972026824951 0.4459570050239563 -0.06276628375053406
0.6650843024253845 0.3953430652618408 -0.0795154795050621
0.6493834853172302 0.3474140763282776 -0.09235233068466187
0.7392170429229736 0.5299303531646729 -0.04244796559214592
0.741559624671936 0.44662073254585266 -0.06523271650075912
0.7409627437591553 0.39348524808883667 -0.07825270295143127
0.7367196083068848 0.346640944480896 -0.08690489083528519
0.7712172865867615 0.5453003644943237 -0.04564887657761574
0.7750760316848755 0.479544073343277 -0.06454300135374069
0.7749263048171997 0.4373517334461212 -0.07157860696315765
0.7707492113113403 0.39721688628196716 -0.07654154300689697
