Henrik_image_three_25.jpg
0.3446287214756012 0.6784908175468445 5.592175966739887e-07
0.406473308801651 0.64964759349823 -0.03732917457818985
0.4500882029533386 0.6084753274917603 -0.0573953278362751
0.494052529335022 0.58271723985672 -0.07650665193796158
0.5349009037017822 0.5666253566741943 -0.09546591341495514
0.3765188157558441 0.5209120512008667 -0.05121961981058121
0.3792891204357147 0.4303085207939148 -0.0824844017624855
0.38434696197509766 0.37172073125839233 -0.09791255742311478
0.38430050015449524 0.3238600492477417 -0.10558640211820602
0.3235670030117035 0.5241859555244446 -0.04877052828669548
0.28621765971183777 0.49052563309669495 -0.08724701404571533
0.25344470143318176 0.46629974246025085 -0.09993986785411835
0.22424186766147614 0.44745126366615295 -0.10066557675600052
0.28843826055526733 0.5513170957565308 -0.04948434978723526
0.2880924344062805 0.5966435670852661 -0.09119013696908951
0.31977570056915283 0.6357952952384949 -0.09755527973175049
0.3467444181442261 0.6570568084716797 -0.0887894555926323
0.2673104405403137 0.5924342274665833 -0.053690165281295776
0.27439138293266296 0.6375654339790344 -0.0838916152715683
0.303977906703949 0.6632215976715088 -0.08761995285749435
0.3343566656112671 0.67801833152771 -0.0811237171292305
