Henrik_image_spock_90.jpg
0.5584872364997864 0.6177381277084351 5.71985140140896e-07
0.5245910286903381 0.5560674667358398 -0.024289671331644058
0.5074037313461304 0.5014358162879944 -0.05127880722284317
0.48591530323028564 0.44350868463516235 -0.07407118380069733
0.460018515586853 0.4041176438331604 -0.09817444533109665
0.582120418548584 0.44846710562705994 -0.0613475926220417
0.6199170351028442 0.3615446090698242 -0.08301109075546265
0.6452400088310242 0.31189417839050293 -0.09513354301452637
0.6680657863616943 0.272662878036499 -0.10174436867237091
0.6181264519691467 0.47020289301872253 -0.057302024215459824
0.6516968607902527 0.37322258949279785 -0.07587281614542007
0.6735764741897583 0.31316256523132324 -0.08487188071012497
0.691716194152832 0.2655232548713684 -0.09109051525592804
0.6433010697364807 0.5002554059028625 -0.05173829197883606
0.6813153028488159 0.4216853380203247 -0.06432972848415375
0.7098307013511658 0.374485045671463 -0.06969428807497025
0.7299193143844604 0.34039852023124695 -0.0731881782412529
0.6601243615150452 0.5279029607772827 -0.0469246581196785
0.6908028721809387 0.46296757459640503 -0.05463819578289986
0.7101150751113892 0.4254349172115326 -0.05403422191739082
0.7264339327812195 0.3947744369506836 -0.05252102389931679
