Henrik_image_four_67.jpg
0.3970167338848114 0.8732895851135254 5.802422151646169e-07
0.3563336730003357 0.7878873348236084 -0.014475508593022823
0.334625780582428 0.6983330845832825 -0.034884627908468246
0.30606094002723694 0.6249417066574097 -0.05082264170050621
0.2695300579071045 0.5897674560546875 -0.06992428749799728
0.38648590445518494 0.6759768128395081 -0.06817126274108887
0.4178162217140198 0.5614763498306274 -0.09576292335987091
0.43540963530540466 0.4858664274215698 -0.11122070252895355
0.451867938041687 0.4294503331184387 -0.12000681459903717
0.4386419355869293 0.6994165778160095 -0.06821800768375397
0.4914199411869049 0.5850956439971924 -0.0826558768749237
0.5226659774780273 0.5112075209617615 -0.08723924309015274
0.5448011755943298 0.45860570669174194 -0.0916333943605423
0.47944504022598267 0.7319700121879578 -0.06528390944004059
0.5232014060020447 0.6360164284706116 -0.0754794031381607
0.5431820750236511 0.5743447542190552 -0.0815623477101326
0.5552564859390259 0.5389462113380432 -0.08772207796573639
0.5071232914924622 0.7664197087287903 -0.061641089618206024
0.5058568120002747 0.7229409217834473 -0.07100477814674377
0.4890947937965393 0.7164017558097839 -0.0694517269730568
0.4774455726146698 0.7235305309295654 -0.0678783655166626
0.40349429845809937 0.7184946537017822 3.8790619782957947e-07
0.3626839220523834 0.7121543884277344 -0.0426609143614769
0.3363429605960846 0.6631742715835571 -0.06573257595300674
0.3078630268573761 0.6062116026878357 -0.08145385980606079
0.269382506608963 0.5764870047569275 -0.09838750958442688
0.3994005620479584 0.6022878289222717 -0.0605102963745594
0.4236041307449341 0.5181900858879089 -0.08322901278734207
0.4395914077758789 0.4706460237503052 -0.10040627419948578
0.4560614824295044 0.4266924560070038 -0.11303321272134781
0.43234461545944214 0.5970734357833862 -0.04804735258221626
0.477481484413147 0.5212152600288391 -0.06328976154327393
0.5076444149017334 0.48225510120391846 -0.07134556770324707
0.533922016620636 0.4511529803276062 -0.07891792804002762
0.45511355996131897 0.6008138656616211 -0.03841510787606239
0.4889504313468933 0.5263565182685852 -0.052687373012304306
0.5136333703994751 0.49809974431991577 -0.0596521720290184
0.5372758507728577 0.47476860880851746 -0.06522057205438614
0.46751147508621216 0.60527503490448 -0.03161511942744255
0.49157780408859253 0.5549073219299316 -0.04129539802670479
0.5050577521324158 0.5407754182815552 -0.04352729767560959
0.5182720422744751 0.5287267565727234 -0.04641233757138252
