Henrik_image_five_52.jpg
0.5423861742019653 0.509013831615448 3.44715147093666e-07
0.4986381530761719 0.5565729737281799 -0.024779120460152626
0.443552702665329 0.5783824920654297 -0.03828692063689232
0.39742183685302734 0.5897476673126221 -0.050318215042352676
0.365964412689209 0.6162611246109009 -0.06255680322647095
0.39660918712615967 0.48801517486572266 -0.020425276830792427
0.34326285123825073 0.466966837644577 -0.03876707702875137
0.3095279037952423 0.4524553418159485 -0.05437805876135826
0.2795441150665283 0.43711599707603455 -0.06645133346319199
0.4067038297653198 0.4429866373538971 -0.023489054292440414
0.34780940413475037 0.40645596385002136 -0.03873440995812416
0.3110855221748352 0.38240060210227966 -0.05247090756893158
0.2796347141265869 0.3606516122817993 -0.06356857717037201
0.4276255965232849 0.41054946184158325 -0.030326630920171738
0.3772858679294586 0.365421861410141 -0.048931896686553955
0.3439899682998657 0.33802127838134766 -0.059314027428627014
0.31344684958457947 0.31561583280563354 -0.06682097911834717
0.4568995535373688 0.3869295120239258 -0.03956594690680504
0.42737117409706116 0.3395867347717285 -0.0564117357134819
0.40592071413993835 0.3084667921066284 -0.06240304186940193
0.3844413757324219 0.28208836913108826 -0.06673499196767807
