Henrik_image_two_77.jpg
0.4841136336326599 0.7760887742042542 -2.346152569998594e-07
0.47034186124801636 0.7012696266174316 0.006726651918143034
0.4304819107055664 0.6242407560348511 0.0018883143784478307
0.40256571769714355 0.5611574649810791 -0.003583760466426611
0.4036780297756195 0.5066876411437988 -0.011511474847793579
0.4114043712615967 0.5915653705596924 -0.02846403792500496
0.35219210386276245 0.5437150001525879 -0.04834688454866409
0.3110488951206207 0.5173540115356445 -0.059096504002809525
0.2777785658836365 0.4962889552116394 -0.06811032444238663
0.40476030111312866 0.6257177591323853 -0.03988727182149887
0.3135574758052826 0.6452311277389526 -0.05861916393041611
0.3325478136539459 0.6751303672790527 -0.05229455977678299
0.35987672209739685 0.6774461269378662 -0.04767942056059837
0.39797475934028625 0.6760942935943604 -0.04988431558012962
0.31579259037971497 0.7013223767280579 -0.06706758588552475
0.3375827670097351 0.7228661179542542 -0.049506355077028275
0.36319950222969055 0.7182705402374268 -0.036959514021873474
0.3920961320400238 0.7320298552513123 -0.0590854287147522
0.32914021611213684 0.7502050399780273 -0.07355485111474991
0.3490901589393616 0.7663236856460571 -0.06331987679004669
0.3712816834449768 0.762808620929718 -0.05416474863886833
