Henrik_image_spock_2.jpg
0.7060861587524414 0.7129345536231995 -1.0860609478413608e-07
0.6745879054069519 0.6824120879173279 -0.024239251390099525
0.6502758860588074 0.626966118812561 -0.041182808578014374
0.6340186595916748 0.571867823600769 -0.05793565884232521
0.6078266501426697 0.5353640913963318 -0.07547924667596817
0.6745519042015076 0.5303775072097778 -0.0206086877733469
0.6489899754524231 0.4629458785057068 -0.03897823020815849
0.6354689598083496 0.42040711641311646 -0.0565740205347538
0.626396894454956 0.37647122144699097 -0.07076779007911682
0.7085323333740234 0.5190330743789673 -0.023511627689003944
0.6818341612815857 0.4335397779941559 -0.04309443011879921
0.6637731194496155 0.38260871171951294 -0.0605897419154644
0.6503724455833435 0.3373284637928009 -0.07378920912742615
0.7381621599197388 0.5263903141021729 -0.02915201522409916
0.7342698574066162 0.44509607553482056 -0.04991229996085167
0.7349202036857605 0.3879246115684509 -0.06611001491546631
0.7346263527870178 0.3372255861759186 -0.07677959650754929
0.7668980360031128 0.5483138561248779 -0.03645404800772667
0.7682231068611145 0.481012761592865 -0.05215691775083542
0.7705056667327881 0.433247447013855 -0.058852069079875946
0.7722685933113098 0.3886207640171051 -0.06395835429430008
