Henrik_image_one_95.jpg
0.5398848056793213 0.7227693796157837 -4.1737084188753215e-07
0.5402246117591858 0.620868980884552 -0.0025787618942558765
0.5614410638809204 0.5360797643661499 -0.013761253096163273
0.5800309181213379 0.46525144577026367 -0.025753291323781013
0.570833146572113 0.41057807207107544 -0.03586322441697121
0.6441271901130676 0.5424032211303711 -0.015625856816768646
0.6879026889801025 0.5443434119224548 -0.01994638890028
0.6714836955070496 0.5688984394073486 -0.021016322076320648
0.6458218097686768 0.579082727432251 -0.021843887865543365
0.6668825149536133 0.6000571250915527 -0.022045090794563293
0.7040979266166687 0.6004914045333862 -0.016106870025396347
0.6837294101715088 0.6192266941070557 -0.01120763923972845
0.6568949818611145 0.6284999847412109 -0.012271823361515999
0.678202211856842 0.6606301069259644 -0.027638355270028114
0.7083210349082947 0.6588913202285767 -0.020767979323863983
0.6882893443107605 0.672568678855896 -0.010870218276977539
0.6604859232902527 0.6794542670249939 -0.009589886292815208
0.6806702017784119 0.7185632586479187 -0.033804528415203094
0.7019772529602051 0.7155361175537109 -0.02729876898229122
0.6819620132446289 0.7227625250816345 -0.015131838619709015
0.6589800715446472 0.725823163986206 -0.008255059830844402
