Henrik_image_three_1.jpg
0.3001236021518707 0.9435572624206543 5.588922817878483e-07
0.36518195271492004 0.8902574181556702 -0.021936586126685143
0.41249197721481323 0.7980309724807739 -0.030167199671268463
0.45523154735565186 0.7399581670761108 -0.04281255975365639
0.5020361542701721 0.7225643396377563 -0.05522030219435692
0.3376603126525879 0.6976739764213562 -0.018814820796251297
0.34444159269332886 0.5951289534568787 -0.044927097856998444
0.3481748700141907 0.5314410924911499 -0.05899444967508316
0.3488706350326538 0.47673624753952026 -0.06661295890808105
0.2894062101840973 0.7054253220558167 -0.02809913270175457
0.28083935379981995 0.6085016131401062 -0.061951443552970886
0.27376478910446167 0.535346508026123 -0.08120228350162506
0.2641233205795288 0.4741128981113434 -0.08819003403186798
0.24951012432575226 0.7369143962860107 -0.040522560477256775
0.2543860077857971 0.7385024428367615 -0.08747349679470062
0.28001463413238525 0.8001987934112549 -0.09750086069107056
0.2977310121059418 0.8467865586280823 -0.08859936147928238
0.2169954776763916 0.7833276391029358 -0.05499076470732689
0.22533562779426575 0.7980245351791382 -0.0868501290678978
0.2534233629703522 0.8404519557952881 -0.08850481361150742
0.27571630477905273 0.8740757703781128 -0.08012189716100693
