Henrik_image_five_3.jpg
0.38563209772109985 0.6425219178199768 6.959708684917132e-07
0.44305670261383057 0.6501191854476929 -0.04136543720960617
0.4979298412799835 0.63815838098526 -0.06702166050672531
0.5440933704376221 0.6334326267242432 -0.08889096230268478
0.5837538242340088 0.6450119018554688 -0.11060565710067749
0.4696063995361328 0.475911021232605 -0.05058826878666878
0.5091584324836731 0.4033217430114746 -0.07667293399572372
0.5287021994590759 0.3541310727596283 -0.09572900831699371
0.5435413122177124 0.31200140714645386 -0.11010205745697021
0.4312649369239807 0.4472348392009735 -0.04970566928386688
0.44689425826072693 0.3495918810367584 -0.07451024651527405
0.46081802248954773 0.28484341502189636 -0.09239006042480469
0.47168490290641785 0.23189730942249298 -0.10461366176605225
0.3918849229812622 0.4474271535873413 -0.05261093005537987
0.3862071633338928 0.34812846779823303 -0.07935632020235062
0.38749563694000244 0.2843688428401947 -0.10028228163719177
0.3907148838043213 0.23160341382026672 -0.11290355771780014
0.35610073804855347 0.47207850217819214 -0.058660220354795456
0.32638540863990784 0.40665560960769653 -0.08566384762525558
0.30816787481307983 0.36085978150367737 -0.10116428881883621
0.2961632013320923 0.3170783221721649 -0.10970881581306458
