Henrik_image_four_25.jpg
0.6429510116577148 0.6348540782928467 4.198800809263048e-07
0.6710083484649658 0.5695191621780396 -0.010925890877842903
0.6741095781326294 0.4985322058200836 -0.022734804078936577
0.6640201210975647 0.4353027641773224 -0.03127047047019005
0.6709146499633789 0.3868767321109772 -0.04267353564500809
0.6344212293624878 0.48393213748931885 -0.049797285348176956
0.5890610218048096 0.4081527590751648 -0.06814741343259811
0.5609688758850098 0.3621845245361328 -0.07715731114149094
0.5389638543128967 0.3261287808418274 -0.08290836215019226
0.6017760634422302 0.5137960314750671 -0.05264939367771149
0.5430991649627686 0.4433400332927704 -0.07047390192747116
0.5071694850921631 0.4001040458679199 -0.08135104179382324
0.4812891483306885 0.3676469326019287 -0.08896078914403915
0.5768171548843384 0.5499709248542786 -0.05277596041560173
0.5183942317962646 0.5007641911506653 -0.0718260183930397
0.48542678356170654 0.47199273109436035 -0.08338730782270432
0.4622931480407715 0.4531952142715454 -0.09094622731208801
0.5583455562591553 0.5889002084732056 -0.05162274092435837
0.533486545085907 0.5615535378456116 -0.06927628815174103
0.5367695689201355 0.560468852519989 -0.07340747863054276
0.5429120063781738 0.5609686374664307 -0.07430586218833923
0.6123727560043335 0.6102697253227234 3.0210645718398155e-07
0.6374472379684448 0.5413049459457397 -0.0003921132010873407
0.65511554479599 0.4725952446460724 -0.00950672384351492
0.6580414175987244 0.4104539155960083 -0.016306407749652863
0.660405158996582 0.36793509125709534 -0.02429875358939171
0.6107450127601624 0.47318679094314575 -0.044086478650569916
0.5704718828201294 0.39785313606262207 -0.059183236211538315
0.5510044097900391 0.3575286269187927 -0.06329844892024994
0.5350286960601807 0.3253070116043091 -0.0637722834944725
0.5827909111976624 0.5085363984107971 -0.04729146137833595
0.5231938362121582 0.43327489495277405 -0.0677526444196701
0.4930981993675232 0.39242514967918396 -0.07169957458972931
0.4698166251182556 0.3662737011909485 -0.07156920433044434
0.5600387454032898 0.5481754541397095 -0.04667024314403534
0.5090312957763672 0.49926090240478516 -0.06396596878767014
0.48194316029548645 0.47130391001701355 -0.0675511360168457
0.46002456545829773 0.44959503412246704 -0.06663640588521957
0.5471120476722717 0.5893253087997437 -0.04374578595161438
0.5175299644470215 0.5569373369216919 -0.04579740762710571
0.5233796238899231 0.5531487464904785 -0.0352480411529541
0.5350285768508911 0.553202748298645 -0.026624545454978943
