Henrik_image_zero_51.jpg
0.23732054233551025 0.3554098606109619 -2.276403279211081e-07
0.27142682671546936 0.3408491611480713 -0.027733126655220985
0.3101368546485901 0.29005610942840576 -0.033369019627571106
0.32012876868247986 0.23757286369800568 -0.0346849150955677
0.3043975830078125 0.20979110896587372 -0.030758438631892204
0.29912737011909485 0.23352205753326416 -0.006481723394244909
0.284623920917511 0.17931878566741943 -0.02837972715497017
0.27989518642425537 0.22478428483009338 -0.04007061943411827
0.2837628722190857 0.24611476063728333 -0.04345995932817459
0.27389398217201233 0.23542384803295135 0.004352707881480455
0.2596628963947296 0.19100013375282288 -0.017979998141527176
0.2600475251674652 0.24297742545604706 -0.024037661030888557
0.2667813301086426 0.25395432114601135 -0.022043991833925247
0.25141891837120056 0.23978589475154877 0.010273833759129047
0.23908907175064087 0.20777055621147156 -0.010768981650471687
0.23895743489265442 0.2538227140903473 -0.005600155331194401
0.24688467383384705 0.26531416177749634 0.0044121285900473595
0.22948768734931946 0.24265776574611664 0.013926142826676369
0.21946842968463898 0.21859368681907654 0.004245249088853598
0.22050054371356964 0.25182998180389404 0.010277788154780865
0.2272978574037552 0.26516619324684143 0.019045421853661537
