Henrik_image_zero_88.jpg
0.4561555087566376 0.5195532441139221 -2.4080546268123726e-07
0.4974498748779297 0.5305712819099426 -0.020579630509018898
0.545910120010376 0.4984118640422821 -0.02646651864051819
0.5642017722129822 0.45397040247917175 -0.030416138470172882
0.5561619997024536 0.42229142785072327 -0.02973034419119358
0.5403139591217041 0.4153784513473511 -0.012289953418076038
0.5524476170539856 0.3713797330856323 -0.03737296536564827
0.5358374714851379 0.4168185889720917 -0.0474066287279129
0.5264591574668884 0.44298055768013 -0.049708180129528046
0.5094872117042542 0.4015795886516571 -0.010084166191518307
0.5163521766662598 0.3633585274219513 -0.040637366473674774
0.5039347410202026 0.4250311851501465 -0.046307411044836044
0.5010109543800354 0.4452078342437744 -0.042755257338285446
0.4788108766078949 0.3957359790802002 -0.011891226284205914
0.4813787639141083 0.369141161441803 -0.042195647954940796
0.4755004048347473 0.42771556973457336 -0.03559855371713638
0.47630009055137634 0.44671201705932617 -0.02308778092265129
0.4480173885822296 0.3940553069114685 -0.015078588388860226
0.4511491656303406 0.3772053122520447 -0.03309774398803711
0.45162835717201233 0.42018356919288635 -0.027639921754598618
0.45379602909088135 0.43555328249931335 -0.01869390718638897
