Leon_image_three_6.jpg
0.48517411947250366 0.964187741279602 5.069863959761278e-07
0.5686435699462891 0.8965633511543274 -0.02076929807662964
0.6340486407279968 0.789117693901062 -0.026415428146719933
0.6785989999771118 0.7009426355361938 -0.037569381296634674
0.71625816822052 0.6411702036857605 -0.0473136343061924
0.576219379901886 0.6548308730125427 0.0010645600268617272
0.5975258350372314 0.5375661849975586 -0.021254951134324074
0.606749415397644 0.4693621098995209 -0.035426247864961624
0.6160073280334473 0.40699145197868347 -0.044072553515434265
0.5242940783500671 0.6445119976997375 -0.009801764041185379
0.530393660068512 0.49326831102371216 -0.045136768370866776
0.5402909517288208 0.40567687153816223 -0.06674934923648834
0.5498261451721191 0.3330802023410797 -0.07620912790298462
0.47057268023490906 0.6631442904472351 -0.024372732266783714
0.49864763021469116 0.56993567943573 -0.08356919884681702
0.5248515009880066 0.6668312549591064 -0.08912228047847748
0.5366265773773193 0.7458100318908691 -0.07434447854757309
0.4208683967590332 0.7018760442733765 -0.03972207009792328
0.45693251490592957 0.6460203528404236 -0.08619862794876099
0.4842526614665985 0.717681884765625 -0.08291632682085037
0.4924100637435913 0.780778706073761 -0.06815872341394424
