Leon_image_four_56.jpg
0.4354671239852905 0.8214417099952698 4.5053198505229375e-07
0.46130019426345825 0.765117883682251 0.0011428531724959612
0.4675319492816925 0.7016452550888062 0.000932126771658659
0.46552956104278564 0.6493768095970154 -0.0001060494760167785
0.4709363579750061 0.6099593639373779 -0.0015211900463327765
0.4041292071342468 0.6374551057815552 -0.001321431715041399
0.37966489791870117 0.5604626536369324 -0.002946768654510379
0.3636021614074707 0.519177258014679 -0.0035763951018452644
0.3491417169570923 0.4887036383152008 -0.003160180291160941
0.37389737367630005 0.6524705290794373 -0.004461659584194422
0.3411973714828491 0.5708309412002563 -0.004835282918065786
0.31902965903282166 0.5301696062088013 -0.004702047444880009
0.30118638277053833 0.5052505135536194 -0.00373194832354784
0.3500504791736603 0.6819207072257996 -0.007019873708486557
0.31601130962371826 0.6271324157714844 -0.007592429406940937
0.2955973744392395 0.6062408089637756 -0.008476111106574535
0.28155478835105896 0.5986928939819336 -0.008132110349833965
0.3305870294570923 0.7222888469696045 -0.009273617528378963
0.3091771900653839 0.6862375736236572 -0.004642373416572809
0.30451685190200806 0.6796061992645264 0.0024557746946811676
0.3048275411128998 0.683995246887207 0.008639195002615452
