Leon_image_four_48.jpg
0.5355072617530823 0.8509345054626465 5.290467015583999e-07
0.5607925653457642 0.7823806405067444 0.012822761200368404
0.5634195804595947 0.7184655666351318 0.018486985936760902
0.5595564842224121 0.6643518805503845 0.020392803475260735
0.5674260854721069 0.6292493343353271 0.021912982687354088
0.4940115213394165 0.644294798374176 0.024238450452685356
0.4710514545440674 0.571185290813446 0.028042778372764587
0.4549221992492676 0.5322097539901733 0.026959722861647606
0.4415617883205414 0.5019872188568115 0.02636486478149891
0.46260106563568115 0.6594396829605103 0.017197884619235992
0.4317420721054077 0.5841541290283203 0.025319768115878105
0.4095011055469513 0.5446330904960632 0.02648981101810932
0.3904151916503906 0.5156221389770508 0.027114296332001686
0.4377279579639435 0.6901634931564331 0.010583859868347645
0.40373262763023376 0.6382352709770203 0.018647192046046257
0.38470977544784546 0.6166847944259644 0.020886147394776344
0.37041082978248596 0.6042258739471436 0.02191678062081337
0.4178697466850281 0.7330738306045532 0.004354986362159252
0.39703065156936646 0.7059709429740906 0.015184013172984123
0.39099231362342834 0.6960367560386658 0.024361560121178627
0.38815343379974365 0.6926891803741455 0.03158910572528839
