Leon_image_five_72.jpg
0.31173473596572876 0.8765272498130798 4.0678656887394027e-07
0.3636243939399719 0.8870332837104797 -0.025800293311476707
0.4153643548488617 0.8589158058166504 -0.03801495581865311
0.4546046853065491 0.8220722079277039 -0.047192420810461044
0.48782187700271606 0.7937837243080139 -0.05702796205878258
0.40319153666496277 0.7625052332878113 -0.03445543721318245
0.4380848705768585 0.6947299838066101 -0.052754249423742294
0.4575258493423462 0.6476542949676514 -0.06429509073495865
0.47129908204078674 0.6081968545913696 -0.07205657660961151
0.3717363178730011 0.7356833815574646 -0.03232267498970032
0.3997889757156372 0.6574042439460754 -0.04963887855410576
0.41742926836013794 0.6055387258529663 -0.06150655448436737
0.4299575388431549 0.5641862154006958 -0.0692392885684967
0.3391614556312561 0.7249594926834106 -0.032073501497507095
0.3587879240512848 0.6510430574417114 -0.04827621579170227
0.37255215644836426 0.6042237281799316 -0.057778507471084595
0.3834766447544098 0.5685793161392212 -0.0631759762763977
0.3064937889575958 0.72806715965271 -0.033708103001117706
0.31724298000335693 0.6670818328857422 -0.04996697977185249
0.32604676485061646 0.6259514093399048 -0.0576167032122612
0.33486032485961914 0.5913584232330322 -0.0609523244202137
