Leon_image_four_51.jpg
0.517146646976471 0.8489033579826355 3.7248588569127605e-07
0.5394981503486633 0.7856432199478149 0.012928618118166924
0.5376037359237671 0.7218870520591736 0.019464466720819473
0.5313194394111633 0.6716970801353455 0.023080458864569664
0.5337051153182983 0.6373819708824158 0.026002509519457817
0.4778938591480255 0.6560477614402771 0.01214305404573679
0.4511965811252594 0.5813367366790771 0.014122623018920422
0.43354737758636475 0.5411437749862671 0.01538025587797165
0.41845932602882385 0.5123260021209717 0.017132587730884552
0.44760048389434814 0.6720374226570129 0.004806529730558395
0.4134611487388611 0.5918311476707458 0.006627466529607773
0.3899880051612854 0.5506861209869385 0.007865187712013721
0.37074780464172363 0.5241767168045044 0.009739164263010025
0.4222450852394104 0.7023786306381226 -0.001099191140383482
0.38719606399536133 0.6452391743659973 0.0012018646812066436
0.36884233355522156 0.6239326596260071 0.0020366867538541555
0.35726198554039 0.615779459476471 0.0035316389985382557
0.40124011039733887 0.7444705963134766 -0.005841182079166174
0.3794024586677551 0.7080134153366089 0.0014783019432798028
0.3764631748199463 0.7013429403305054 0.010302819311618805
0.3791114091873169 0.7066774964332581 0.017872348427772522
