Leon_image_one_2.jpg
0.5384944677352905 0.9529181718826294 -3.566603083982045e-07
0.620050847530365 0.8372800350189209 -0.013287444598972797
0.6286843419075012 0.676551342010498 -0.016072651371359825
0.6064005494117737 0.543980062007904 -0.017543110996484756
0.6155588626861572 0.43870019912719727 -0.01953248493373394
0.5083796977996826 0.5885975956916809 0.004301418550312519
0.4595493972301483 0.5709081888198853 0.003208857262507081
0.4678090214729309 0.6236952543258667 -0.004350066184997559
0.4933823347091675 0.6584471464157104 -0.011112422682344913
0.4398236572742462 0.6402859091758728 0.007610890083014965
0.41596826910972595 0.6492460370063782 0.018351662904024124
0.43613559007644653 0.6996210217475891 0.01366278063505888
0.46435487270355225 0.7287831902503967 0.0057603102177381516
0.3872136175632477 0.7155660390853882 0.009501470252871513
0.3872436583042145 0.7304381132125854 0.013760310597717762
0.4106617867946625 0.7732070684432983 0.012175302021205425
0.4386322796344757 0.7997999787330627 0.007673338521271944
0.34471625089645386 0.7930365800857544 0.010084687732160091
0.3549836277961731 0.8064862489700317 0.013798520900309086
0.3815118372440338 0.8446364402770996 0.018443485721945763
0.40440380573272705 0.8651534914970398 0.022617634385824203
