Leon_image_three_18.jpg
0.4491526484489441 0.8993557691574097 8.142710612446535e-07
0.5394377112388611 0.8523882627487183 -0.03919316828250885
0.6117561459541321 0.7299531102180481 -0.04858572036027908
0.6568726897239685 0.6343748569488525 -0.05830078944563866
0.6954649090766907 0.5585891008377075 -0.0654991865158081
0.5333691835403442 0.5932420492172241 -0.017238818109035492
0.5535509586334229 0.45838797092437744 -0.039729610085487366
0.5593910813331604 0.3744998574256897 -0.05294456332921982
0.5665842890739441 0.3044118881225586 -0.06211085617542267
0.47452694177627563 0.5893056392669678 -0.022462721914052963
0.4712648093700409 0.4196746349334717 -0.059324804693460464
0.47664421796798706 0.3129611909389496 -0.08286474645137787
0.48163023591041565 0.23000991344451904 -0.0932474136352539
0.4195423126220703 0.6171947121620178 -0.03273259475827217
0.43625205755233765 0.49944013357162476 -0.10365515202283859
0.46459248661994934 0.602810800075531 -0.11355361342430115
0.47727203369140625 0.6885274648666382 -0.09829992800951004
0.3695288896560669 0.6677473187446594 -0.04444640129804611
0.40180784463882446 0.5939308404922485 -0.1098068505525589
0.43043196201324463 0.6727198958396912 -0.11511023342609406
0.4389597475528717 0.7428451776504517 -0.10255761444568634
